1586667505.664915  0
1586667505.684783  1
1586667505.701057  2
1586667505.715563  0
1586667505.730902  1
1586667505.745751  7
1586667505.760427  5
1586667505.782291  11
1586667505.799509  17
1586667505.814001  20
1586667505.828509  20
1586667505.843246  23
1586667505.855634  27
1586667505.869575  31
1586667505.882314  35
1586667505.896867  39
1586667505.912938  43
1586667505.926732  46
1586667505.941282  50
1586667505.955874  54
1586667505.970506  57
1586667505.985900  63
1586667505.998506  65
1586667506.011296  69
1586667506.026082  70
1586667506.040521  69
1586667506.055229  69
1586667506.069812  69
1586667506.085829  69
1586667506.099090  70
1586667506.115234  70
1586667506.130064  70
1586667506.143882  70
1586667506.158686  69
1586667506.172495  70
1586667506.187171  69
1586667506.201885  68
1586667506.216358  70
1586667506.231244  69
1586667506.245891  69
1586667506.260909  70
1586667506.274484  69
1586667506.289400  70
1586667506.303566  69
1586667506.316081  70
1586667506.328739  69
1586667506.341346  69
1586667506.355612  69
1586667506.368486  70
1586667506.383346  70
1586667506.398437  69
1586667506.413050  70
1586667506.427788  70
1586667506.440803  70
1586667506.454715  69
1586667506.468827  70
1586667506.483718  70
1586667506.498312  69
1586667506.511611  70
1586667506.525712  70
1586667506.540314  70
1586667506.554349  70
1586667506.568441  69
1586667506.583442  69
1586667506.595735  70
1586667506.609989  69
1586667506.623615  70
1586667506.638469  68
1586667506.652826  63
1586667506.668067  65
1586667506.683007  66
1586667506.699597  69
1586667506.714724  68
1586667506.728916  70
1586667506.742970  69
1586667506.755523  69
1586667506.768245  69
1586667506.783061  66
1586667506.796727  68
1586667506.812154  70
1586667506.826313  69
1586667506.841336  67
1586667506.855827  67
1586667506.868122  70
1586667506.882507  69
1586667506.897347  70
1586667506.911806  70
1586667506.924030  68
1586667506.938246  69
1586667506.951486  68
1586667506.964464  70
1586667506.979040  69
1586667506.994509  69
1586667507.009509  66
1586667507.023613  68
1586667507.036121  68
1586667507.048944  66
1586667507.061675  70
1586667507.076409  70
1586667507.090927  68
1586667507.104520  68
1586667507.117181  70
1586667507.130585  70
1586667507.145005  68
1586667507.157797  69
1586667507.171672  68
1586667507.185769  66
1586667507.200480  67
1586667507.214079  69
1586667507.227568  68
1586667507.241485  67
1586667507.254479  69
1586667507.269192  68
1586667507.283417  65
1586667507.300101  65
1586667507.314515  65
1586667507.329558  66
1586667507.344234  68
1586667507.358017  68
1586667507.372564  68
1586667507.386689  69
1586667507.400334  68
1586667507.413377  67
1586667507.426109  64
1586667507.439108  59
1586667507.453390  57
1586667507.467554  55
1586667507.480224  52
1586667507.494726  48
1586667507.508376  49
1586667507.521584  45
1586667507.535996  42
1586667507.550488  40
1586667507.563789  39
1586667507.578307  39
1586667507.593270  40
1586667507.607877  42
1586667507.621176  38
1586667507.633786  33
1586667507.647483  28
1586667507.660866  24
1586667507.675046  24
1586667507.687707  23
1586667507.702057  23
1586667507.716788  24
1586667507.730276  24
1586667507.744240  25
1586667507.758731  26
1586667507.772206  25
1586667507.784599  24
1586667507.799450  22
1586667507.814097  24
1586667507.827133  25
1586667507.842041  24
1586667507.855703  25
1586667507.870112  23
1586667507.885094  23
1586667507.901164  23
1586667507.914899  24
1586667507.928391  24
1586667507.942737  24
1586667507.955668  26
1586667507.970030  24
1586667507.984942  25
1586667507.999994  24
1586667508.013900  24
1586667508.026583  25
1586667508.040102  25
1586667508.053912  25
1586667508.066519  26
1586667508.080891  25
1586667508.095134  24
1586667508.110397  23
1586667508.125004  26
1586667508.139527  26
1586667508.154133  27
1586667508.167847  27
1586667508.181539  26
1586667508.195933  25
1586667508.210675  26
1586667508.225019  27
1586667508.239778  26
1586667508.254387  27
1586667508.269308  26
1586667508.283786  26
1586667508.298373  26
1586667508.312558  25
1586667508.326867  27
1586667508.340382  27
1586667508.354652  28
1586667508.368996  27
1586667508.383593  27
1586667508.397390  27
1586667508.411456  25
1586667508.426328  28
1586667508.440977  27
1586667508.455424  29
1586667508.470401  29
1586667508.483993  27
1586667508.501370  27
1586667508.515192  28
1586667508.529433  29
1586667508.541958  29
1586667508.554406  28
1586667508.567171  29
1586667508.580182  29
1586667508.593570  28
1586667508.606663  27
1586667508.620823  30
1586667508.634103  29
1586667508.648467  29
1586667508.663074  30
1586667508.676862  30
1586667508.691342  28
1586667508.704407  29
1586667508.717320  29
1586667508.731186  29
1586667508.746622  30
1586667508.760710  29
1586667508.773938  29
1586667508.788094  31
1586667508.801787  29
1586667508.815793  29
1586667508.830073  30
1586667508.843806  31
1586667508.858278  30
1586667508.872987  31
1586667508.886285  30
1586667508.900536  29
1586667508.914856  29
1586667508.927253  31
1586667508.939606  31
1586667508.952000  32
1586667508.966704  32
1586667508.981280  31
1586667508.996315  30
1586667509.010389  31
1586667509.025514  32
1586667509.038135  31
1586667509.052917  32
1586667509.067563  31
1586667509.082379  32
1586667509.102124  31
1586667509.117435  30
1586667509.129925  33
1586667509.144845  32
1586667509.159724  31
1586667509.174211  31
1586667509.188438  32
1586667509.201766  31
1586667509.215074  32
1586667509.228955  33
1586667509.242432  33
1586667509.256883  32
1586667509.271070  33
1586667509.283606  33
1586667509.297263  33
1586667509.310859  32
1586667509.327782  33
1586667509.341865  34
1586667509.356495  33
1586667509.371059  33
1586667509.383621  33
1586667509.396226  33
1586667509.409967  32
1586667509.424766  33
1586667509.439993  33
1586667509.454790  34
1586667509.469421  34
1586667509.483640  34
1586667509.498378  33
1586667509.512815  33
1586667509.529383  35
1586667509.543902  33
1586667509.558527  35
1586667509.573110  34
1586667509.587584  35
1586667509.602508  34
1586667509.617248  34
1586667509.631884  34
1586667509.646597  34
1586667509.661080  34
1586667509.675810  35
1586667509.691991  34
1586667509.705378  36
1586667509.719568  34
1586667509.733744  35
1586667509.746797  37
1586667509.761365  35
1586667509.776358  35
1586667509.789153  35
1586667509.803256  35
1586667509.817604  33
1586667509.832546  36
1586667509.846843  36
1586667509.861377  36
1586667509.874433  36
1586667509.889113  35
1586667509.903517  36
1586667509.916359  36
1586667509.930904  36
1586667509.944873  36
1586667509.957618  36
1586667509.971879  36
1586667509.986512  37
1586667510.000173  36
1586667510.014681  36
1586667510.029412  37
1586667510.044974  36
1586667510.058708  37
1586667510.073994  37
1586667510.086810  37
1586667510.101437  37
1586667510.114279  38
1586667510.128503  38
1586667510.143610  38
1586667510.158045  37
1586667510.172904  38
1586667510.185831  38
1586667510.199643  37
1586667510.214065  37
1586667510.228032  36
1586667510.242152  37
1586667510.256619  37
1586667510.270558  38
1586667510.284856  36
1586667510.303620  38
1586667510.317412  37
1586667510.332491  38
1586667510.347125  38
1586667510.361569  38
1586667510.376379  39
1586667510.390903  38
1586667510.405596  38
1586667510.419865  38
1586667510.434621  38
1586667510.448839  38
1586667510.463059  39
1586667510.477930  39
1586667510.492339  38
1586667510.506366  38
1586667510.520555  38
1586667510.535761  38
1586667510.549788  39
1586667510.563897  40
1586667510.578351  39
1586667510.593356  39
1586667510.607391  39
1586667510.621943  39
1586667510.636395  39
1586667510.650559  39
1586667510.664900  39
1586667510.679249  40
1586667510.692572  39
1586667510.706459  40
1586667510.721004  39
1586667510.735212  38
1586667510.750053  39
1586667510.764617  40
1586667510.778300  41
1586667510.790876  42
1586667510.803641  41
1586667510.817457  43
1586667510.831835  40
1586667510.847600  40
1586667510.862817  40
1586667510.877072  41
1586667510.891402  40
1586667510.905611  41
1586667510.918459  42
1586667510.932769  40
1586667510.947735  42
1586667510.962367  41
1586667510.977431  41
1586667510.990002  42
1586667511.004196  41
1586667511.018299  41
1586667511.032566  40
1586667511.045621  41
1586667511.058501  40
1586667511.072206  40
1586667511.086760  40
1586667511.100745  40
1586667511.113942  41
1586667511.126753  42
1586667511.141219  41
1586667511.155529  41
1586667511.169945  41
1586667511.184492  41
1586667511.198008  43
1586667511.212061  42
1586667511.226972  43
1586667511.241309  42
1586667511.255403  42
1586667511.269612  44
1586667511.283463  43
1586667511.298303  44
1586667511.313218  42
1586667511.327703  42
1586667511.341861  42
1586667511.356671  43
1586667511.371321  43
1586667511.386361  43
1586667511.401670  42
1586667511.417071  43
1586667511.431495  44
1586667511.445454  43
1586667511.459957  43
1586667511.474561  43
1586667511.489263  43
1586667511.505741  44
1586667511.519873  43
1586667511.534600  42
1586667511.549443  43
1586667511.564153  43
1586667511.578781  43
1586667511.593207  43
1586667511.608009  43
1586667511.622988  43
1586667511.637769  43
1586667511.652502  43
1586667511.667952  43
1586667511.682776  43
1586667511.697607  43
1586667511.713566  44
1586667511.728498  44
1586667511.742708  44
1586667511.756892  44
1586667511.771200  44
1586667511.785474  45
1586667511.800177  45
1586667511.814856  44
1586667511.829296  45
1586667511.842925  45
1586667511.856741  45
1586667511.871543  45
1586667511.886430  45
1586667511.900255  46
1586667511.913860  46
1586667511.928014  46
1586667511.942692  45
1586667511.957774  45
1586667511.972372  46
1586667511.986265  45
1586667512.000606  45
1586667512.013301  45
1586667512.027882  45
1586667512.042206  46
1586667512.056809  45
1586667512.071042  45
1586667512.085325  46
1586667512.097967  45
1586667512.113664  45
1586667512.128661  45
1586667512.142985  45
1586667512.157444  48
1586667512.171918  45
1586667512.185373  47
1586667512.201427  45
1586667512.214882  46
1586667512.228759  46
1586667512.242851  46
1586667512.257251  48
1586667512.272297  45
1586667512.286024  47
1586667512.299649  46
1586667512.314532  46
1586667512.329063  46
1586667512.344009  46
1586667512.358381  47
1586667512.372526  48
1586667512.387379  47
1586667512.401453  46
1586667512.414820  47
1586667512.429007  47
1586667512.443278  47
1586667512.456450  49
1586667512.471399  47
1586667512.485125  48
1586667512.499427  48
1586667512.514184  47
1586667512.528737  47
1586667512.542991  47
1586667512.557530  48
1586667512.571809  47
1586667512.585970  48
1586667512.600664  48
1586667512.615661  47
1586667512.630422  48
1586667512.644760  47
1586667512.659081  50
1586667512.673693  49
1586667512.689070  47
1586667512.705360  46
1586667512.718865  47
1586667512.733449  49
1586667512.748017  48
1586667512.763462  49
1586667512.778135  48
1586667512.793311  48
1586667512.807450  49
1586667512.821649  48
1586667512.836033  48
1586667512.850270  49
1586667512.863928  50
1586667512.877844  48
1586667512.890654  49
1586667512.905482  50
1586667512.919614  50
1586667512.931857  49
1586667512.943947  49
1586667512.957230  48
1586667512.970313  50
1586667512.984147  49
1586667512.997486  49
1586667513.012060  49
1586667513.024886  49
1586667513.039447  50
1586667513.052177  49
1586667513.065328  51
1586667513.077966  50
1586667513.091347  50
1586667513.105018  49
1586667513.117752  49
1586667513.131651  50
1586667513.144236  49
1586667513.159142  50
1586667513.173398  51
1586667513.186613  50
1586667513.200285  49
1586667513.214568  50
1586667513.229470  50
1586667513.244419  49
1586667513.258601  49
1586667513.272698  51
1586667513.287178  50
1586667513.300151  51
1586667513.313218  50
1586667513.329468  50
1586667513.342365  50
1586667513.356867  51
1586667513.371754  52
1586667513.386362  50
1586667513.399067  50
1586667513.414010  51
1586667513.427268  51
1586667513.442140  51
1586667513.456672  51
1586667513.470575  52
1586667513.485061  50
1586667513.497570  51
1586667513.512389  50
1586667513.527614  50
1586667513.542100  51
1586667513.556804  52
1586667513.571396  53
1586667513.586102  53
1586667513.599169  52
1586667513.613927  51
1586667513.629047  50
1586667513.643947  51
1586667513.658852  51
1586667513.672908  52
1586667513.687026  52
1586667513.700073  51
1586667513.713027  53
1586667513.727420  52
1586667513.741513  52
1586667513.754643  51
1586667513.769942  54
1586667513.784312  53
1586667513.797443  51
1586667513.811561  52
1586667513.825700  52
1586667513.839872  52
1586667513.854164  53
1586667513.868356  53
1586667513.883301  53
1586667513.897624  52
1586667513.912029  52
1586667513.926283  52
1586667513.941171  53
1586667513.954660  52
1586667513.968913  54
1586667513.985078  53
1586667513.998692  54
1586667514.014769  53
1586667514.029136  53
1586667514.043587  54
1586667514.057219  54
1586667514.071940  54
1586667514.086630  53
1586667514.100598  54
1586667514.113948  53
1586667514.127951  53
1586667514.142751  52
1586667514.157235  54
1586667514.171131  55
1586667514.184315  54
1586667514.199200  54
1586667514.214539  54
1586667514.229652  53
1586667514.244141  52
1586667514.258654  53
1586667514.273203  56
1586667514.288161  55
1586667514.302554  53
1586667514.316404  54
1586667514.331370  54
1586667514.345445  55
1586667514.359803  53
1586667514.374214  54
1586667514.389406  55
1586667514.403985  54
1586667514.417774  54
1586667514.431882  53
1586667514.444710  54
1586667514.459028  54
1586667514.473141  55
1586667514.486835  55
1586667514.501877  55
1586667514.514050  54
1586667514.530679  54
1586667514.545840  56
1586667514.560845  55
1586667514.575486  56
1586667514.589493  55
1586667514.604056  57
1586667514.618856  55
1586667514.633445  55
1586667514.647788  55
1586667514.662243  56
1586667514.675740  56
1586667514.690668  56
1586667514.704997  55
1586667514.720023  55
1586667514.734187  55
1586667514.749013  55
1586667514.763117  55
1586667514.776878  57
1586667514.791165  56
1586667514.805686  55
1586667514.819771  55
1586667514.834688  55
1586667514.848940  55
1586667514.863941  55
1586667514.877379  56
1586667514.891327  58
1586667514.904777  56
1586667514.919037  56
1586667514.932729  55
1586667514.945581  57
1586667514.959995  57
1586667514.974428  56
1586667514.989100  58
1586667515.003371  57
1586667515.017932  56
1586667515.033256  57
1586667515.046863  57
1586667515.061809  55
1586667515.077359  57
1586667515.092002  58
1586667515.109849  58
1586667515.124099  56
1586667515.138971  56
1586667515.153691  56
1586667515.168223  58
1586667515.183314  58
1586667515.196253  58
1586667515.212784  57
1586667515.227860  59
1586667515.243044  57
1586667515.257515  56
1586667515.271950  58
1586667515.286705  59
1586667515.300698  59
1586667515.314631  58
1586667515.328862  58
1586667515.343206  57
1586667515.357141  57
1586667515.371484  58
1586667515.386744  58
1586667515.401473  59
1586667515.416344  58
1586667515.431101  56
1586667515.445778  57
1586667515.460265  57
1586667515.474914  58
1586667515.489262  59
1586667515.503381  59
1586667515.516878  59
1586667515.531565  58
1586667515.543984  58
1586667515.556536  59
1586667515.568776  59
1586667515.581740  59
1586667515.596457  59
1586667515.611216  60
1586667515.625952  58
1586667515.640548  58
1586667515.654742  58
1586667515.669129  58
1586667515.682943  60
1586667515.696415  59
1586667515.714122  60
1586667515.730358  58
1586667515.745146  58
1586667515.759505  58
1586667515.772675  58
1586667515.786062  60
1586667515.798791  60
1586667515.814565  60
1586667515.829043  58
1586667515.843087  60
1586667515.858345  60
1586667515.873156  59
1586667515.886945  60
1586667515.900442  61
1586667515.914165  61
1586667515.928979  59
1586667515.941715  60
1586667515.955797  60
1586667515.970355  60
1586667515.985383  60
1586667516.000277  60
1586667516.015087  60
1586667516.028776  60
1586667516.043375  59
1586667516.058055  60
1586667516.072972  60
1586667516.086001  61
1586667516.100311  61
1586667516.115069  61
1586667516.127735  61
1586667516.141579  61
1586667516.154286  60
1586667516.169126  61
1586667516.183793  62
1586667516.197674  61
1586667516.211920  61
1586667516.225188  60
1586667516.239795  60
1586667516.254297  60
1586667516.268989  60
1586667516.281983  61
1586667516.295691  61
1586667516.315603  61
1586667516.332199  61
1586667516.345817  61
1586667516.360242  60
1586667516.374554  60
1586667516.387655  62
1586667516.401223  61
1586667516.416576  61
1586667516.428844  61
1586667516.443410  61
1586667516.456779  62
1586667516.470935  61
1586667516.485573  63
1586667516.499108  61
1586667516.514672  62
1586667516.530129  61
1586667516.544907  60
1586667516.559879  61
1586667516.573431  61
1586667516.587849  62
1586667516.602145  61
1586667516.617067  63
1586667516.631230  61
1586667516.645537  61
1586667516.659688  61
1586667516.674310  61
1586667516.689170  63
1586667516.704100  61
1586667516.718741  61
1586667516.733297  62
1586667516.748158  62
1586667516.762509  62
1586667516.776919  62
1586667516.792403  63
1586667516.806930  63
1586667516.820941  63
1586667516.835520  63
1586667516.849894  62
1586667516.864399  62
1586667516.878584  61
1586667516.893191  63
1586667516.906312  63
1586667516.920415  63
1586667516.934634  62
1586667516.949600  63
1586667516.963428  63
1586667516.976527  63
1586667516.990614  63
1586667517.004938  61
1586667517.019377  63
1586667517.031949  64
1586667517.046640  61
1586667517.060698  63
1586667517.074502  62
1586667517.089265  64
1586667517.103453  64
1586667517.118968  65
1586667517.133497  64
1586667517.147130  64
1586667517.161657  63
1586667517.176579  63
1586667517.190758  64
1586667517.205408  64
1586667517.220099  64
1586667517.234605  64
1586667517.249453  63
1586667517.263335  64
1586667517.277761  63
1586667517.292175  65
1586667517.306064  64
1586667517.320145  65
1586667517.334783  64
1586667517.348547  63
1586667517.363649  64
1586667517.377930  63
1586667517.392088  65
1586667517.407182  64
1586667517.421830  65
1586667517.436273  65
1586667517.451462  63
1586667517.465690  64
1586667517.480374  64
1586667517.495703  65
1586667517.511218  65
1586667517.525774  65
1586667517.540495  65
1586667517.554590  64
1586667517.568801  64
1586667517.582907  65
1586667517.597678  65
1586667517.611340  65
1586667517.625345  66
1586667517.639859  66
1586667517.654653  64
1586667517.669491  65
1586667517.683797  64
1586667517.697333  66
1586667517.712017  65
1586667517.726407  66
1586667517.740543  65
1586667517.755506  64
1586667517.769866  65
1586667517.783690  64
1586667517.795729  66
1586667517.809224  66
1586667517.821939  66
1586667517.835695  65
1586667517.849363  66
1586667517.863781  65
1586667517.876720  66
1586667517.891049  64
1586667517.905636  66
1586667517.919205  65
1586667517.934044  66
1586667517.948379  66
1586667517.963210  66
1586667517.978170  65
1586667517.993343  65
1586667518.007864  67
1586667518.021951  67
1586667518.035928  66
1586667518.050438  66
1586667518.065146  66
1586667518.078740  66
1586667518.092610  65
1586667518.106120  67
1586667518.121247  67
1586667518.135645  67
1586667518.149898  67
1586667518.164731  66
1586667518.180379  67
1586667518.195272  67
1586667518.209798  68
1586667518.224030  67
1586667518.238289  67
1586667518.252850  67
1586667518.266458  67
1586667518.280358  68
1586667518.294824  66
1586667518.308765  68
1586667518.323337  68
1586667518.336762  67
1586667518.351217  67
1586667518.365844  66
1586667518.380009  68
1586667518.394926  67
1586667518.409763  68
1586667518.424085  68
1586667518.437145  67
1586667518.450465  67
1586667518.463870  69
1586667518.478241  67
1586667518.493020  68
1586667518.506316  68
1586667518.518935  68
1586667518.531761  68
1586667518.544358  68
1586667518.557377  69
1586667518.570387  66
1586667518.583357  66
1586667518.596212  68
1586667518.609823  69
1586667518.622768  67
1586667518.635637  68
1586667518.648856  69
1586667518.661844  68
1586667518.674557  66
1586667518.687458  69
1586667518.700547  68
1586667518.713295  70
1586667518.726499  70
1586667518.739878  69
1586667518.754230  69
1586667518.767697  68
1586667518.781642  67
1586667518.795659  68
1586667518.809528  68
1586667518.823531  70
1586667518.838186  69
1586667518.852936  68
1586667518.867558  68
1586667518.882001  68
1586667518.896585  67
1586667518.911643  67
1586667518.926333  68
1586667518.941071  69
1586667518.955648  68
1586667518.970244  67
1586667518.984953  67
1586667518.999099  67
1586667519.014192  67
1586667519.029039  67
1586667519.043595  68
1586667519.057150  67
1586667519.072323  66
1586667519.086666  60
1586667519.101277  56
1586667519.115711  52
1586667519.128812  46
1586667519.143124  41
1586667519.155738  35
1586667519.170904  32
1586667519.184949  31
1586667519.199232  30
1586667519.214177  32
1586667519.227880  32
1586667519.242096  30
1586667519.257059  31
1586667519.271967  31
1586667519.287211  31
1586667519.301178  31
1586667519.313670  32
1586667519.326170  32
1586667519.341002  34
1586667519.353903  32
1586667519.367822  33
1586667519.382203  33
1586667519.396820  32
1586667519.411872  31
1586667519.426627  32
1586667519.440726  32
1586667519.455893  32
1586667519.470437  33
1586667519.485025  32
1586667519.500095  31
1586667519.516481  34
1586667519.531136  34
1586667519.545911  33
1586667519.560286  32
1586667519.574841  33
1586667519.588500  34
1586667519.603177  32
1586667519.619280  33
1586667519.633560  33
1586667519.647791  33
1586667519.662167  33
1586667519.676586  33
1586667519.691180  34
1586667519.705466  33
1586667519.719970  35
1586667519.734570  34
1586667519.748972  34
1586667519.763155  35
1586667519.777487  35
1586667519.789951  34
1586667519.802567  34
1586667519.816367  35
1586667519.829594  34
1586667519.843104  34
1586667519.855842  35
1586667519.868652  34
1586667519.881334  34
1586667519.893880  35
1586667519.908933  35
1586667519.921450  36
1586667519.935541  35
1586667519.949608  35
1586667519.964184  35
1586667519.976972  36
1586667519.991846  35
1586667520.004823  34
1586667520.019943  36
1586667520.032782  36
1586667520.046191  36
1586667520.059159  35
1586667520.072104  35
1586667520.084709  37
1586667520.099613  37
1586667520.112744  35
1586667520.127693  36
1586667520.140779  37
1586667520.155263  36
1586667520.170078  36
1586667520.183673  36
1586667520.198204  37
1586667520.212424  35
1586667520.225886  36
1586667520.240104  36
1586667520.255511  37
1586667520.270044  36
1586667520.284087  37
1586667520.297365  38
1586667520.311675  37
1586667520.325799  37
1586667520.340976  36
1586667520.355123  37
1586667520.367948  38
1586667520.380833  37
1586667520.393558  38
1586667520.406416  37
1586667520.419434  37
1586667520.432431  39
1586667520.444931  36
1586667520.457390  37
1586667520.471028  38
1586667520.485150  38
1586667520.498445  38
1586667520.511664  37
1586667520.524461  38
1586667520.538774  39
1586667520.551535  38
1586667520.564709  39
1586667520.577523  39
1586667520.590579  40
1586667520.603707  38
1586667520.616196  39
1586667520.630208  39
1586667520.644921  38
1586667520.659990  39
1586667520.674866  38
1586667520.687986  39
1586667520.702233  38
1586667520.715532  39
1586667520.730022  39
1586667520.743689  40
1586667520.757270  40
1586667520.771723  40
1586667520.786370  39
1586667520.799627  40
1586667520.812854  40
1586667520.826832  38
1586667520.839738  39
1586667520.853999  39
1586667520.866662  39
1586667520.881775  40
1586667520.895130  40
1586667520.907958  39
1586667520.922537  39
1586667520.935938  40
1586667520.949033  40
1586667520.962004  39
1586667520.974744  41
1586667520.987480  41
1586667521.001901  40
1586667521.014462  41
1586667521.029329  39
1586667521.042614  40
1586667521.055432  40
1586667521.069612  40
1586667521.083921  41
1586667521.098488  40
1586667521.113511  41
1586667521.127966  42
1586667521.141497  41
1586667521.155891  41
1586667521.169533  42
1586667521.183494  41
1586667521.197233  41
1586667521.211185  42
1586667521.225819  40
1586667521.240720  41
1586667521.255523  42
1586667521.270155  41
1586667521.284793  42
1586667521.299119  42
1586667521.312739  42
1586667521.325100  42
1586667521.338824  41
1586667521.352977  42
1586667521.366815  42
1586667521.382072  42
1586667521.396723  43
1586667521.411010  43
1586667521.425559  42
1586667521.438920  42
1586667521.452642  42
1586667521.466979  42
1586667521.480497  42
1586667521.495078  43
1586667521.510103  42
1586667521.524295  43
1586667521.538768  43
1586667521.553323  43
1586667521.567909  42
1586667521.582605  43
1586667521.596189  42
1586667521.610139  43
1586667521.624426  43
1586667521.638005  44
1586667521.652415  43
1586667521.667050  43
1586667521.681792  42
1586667521.694673  42
1586667521.707687  43
1586667521.722412  44
1586667521.734913  44
1586667521.749273  44
1586667521.762325  43
1586667521.775524  44
1586667521.789424  44
1586667521.802077  42
1586667521.815024  44
1586667521.827727  44
1586667521.840674  43
1586667521.853442  42
1586667521.866521  45
1586667521.879691  44
1586667521.892201  43
1586667521.904709  44
1586667521.917434  44
1586667521.930478  45
1586667521.944111  44
1586667521.957506  45
1586667521.970854  44
1586667521.983767  44
1586667521.996591  44
1586667522.011389  45
1586667522.024248  45
1586667522.037713  45
1586667522.050076  45
1586667522.062560  45
1586667522.076133  44
1586667522.088999  45
1586667522.102103  44
1586667522.114743  45
1586667522.127504  46
1586667522.140883  46
1586667522.154403  46
1586667522.167416  46
1586667522.180532  46
1586667522.193919  46
1586667522.207130  45
1586667522.220326  45
1586667522.233324  46
1586667522.247776  46
1586667522.261067  45
1586667522.273910  45
1586667522.287425  46
1586667522.301784  47
1586667522.315984  45
1586667522.328526  45
1586667522.342723  46
1586667522.357525  46
1586667522.372150  46
1586667522.386075  47
1586667522.401225  47
1586667522.414874  45
1586667522.427522  46
1586667522.440358  46
1586667522.454666  47
1586667522.467441  47
1586667522.480715  47
1586667522.495040  46
1586667522.508859  47
1586667522.522036  47
1586667522.535471  46
1586667522.548413  48
1586667522.561653  47
1586667522.575070  47
1586667522.590377  47
1586667522.603268  46
1586667522.615860  48
1586667522.629870  47
1586667522.643142  46
1586667522.655948  47
1586667522.669690  47
1586667522.684584  47
1586667522.698933  46
1586667522.711623  46
1586667522.726404  48
1586667522.740634  48
1586667522.755057  49
1586667522.769846  47
1586667522.784515  48
1586667522.798304  48
1586667522.811998  48
1586667522.826695  47
1586667522.841047  49
1586667522.855517  48
1586667522.870883  49
1586667522.885085  49
1586667522.897836  49
1586667522.912809  48
1586667522.927088  49
1586667522.942214  49
1586667522.956531  50
1586667522.969083  48
1586667522.983229  48
1586667522.996648  48
1586667523.011892  49
1586667523.026829  48
1586667523.042243  49
1586667523.056918  49
1586667523.072099  48
1586667523.087147  49
1586667523.099993  49
1586667523.113691  48
1586667523.127810  49
1586667523.141330  49
1586667523.155831  51
1586667523.169474  50
1586667523.184037  51
1586667523.196748  49
1586667523.210013  49
1586667523.222743  49
1586667523.235576  50
1586667523.248146  50
1586667523.260577  50
1586667523.272914  49
1586667523.286323  49
1586667523.299162  51
1586667523.312629  50
1586667523.326313  49
1586667523.340939  50
1586667523.356189  51
1586667523.369839  50
1586667523.383680  50
1586667523.397902  49
1586667523.413306  49
1586667523.426525  50
1586667523.441636  50
1586667523.456180  51
1586667523.470752  50
1586667523.485031  50
1586667523.498827  51
1586667523.513481  50
1586667523.528106  50
1586667523.542437  50
1586667523.556258  51
1586667523.570015  52
1586667523.583933  51
1586667523.597914  51
1586667523.611814  51
1586667523.626752  50
1586667523.641253  51
1586667523.655666  52
1586667523.669555  52
1586667523.682616  51
1586667523.696708  53
1586667523.709398  52
1586667523.722347  51
1586667523.736257  51
1586667523.748878  52
1586667523.762220  52
1586667523.776029  51
1586667523.789863  51
1586667523.804123  52
1586667523.818748  51
1586667523.832193  51
1586667523.845065  52
1586667523.859668  53
1586667523.873839  53
1586667523.887805  51
1586667523.901260  52
1586667523.915274  52
1586667523.929471  52
1586667523.943547  51
1586667523.958485  53
1586667523.972794  54
1586667523.987728  52
1586667524.001571  52
1586667524.016712  52
1586667524.030522  51
1586667524.046287  52
1586667524.059502  54
1586667524.073853  53
1586667524.088532  52
1586667524.102539  53
1586667524.117275  53
1586667524.132307  54
1586667524.144948  53
1586667524.159361  54
1586667524.173873  54
1586667524.186866  54
1586667524.199571  53
1586667524.212884  53
1586667524.227422  52
1586667524.242656  54
1586667524.257096  53
1586667524.270658  54
1586667524.283351  55
1586667524.297403  53
1586667524.312377  53
1586667524.326667  52
1586667524.340506  53
1586667524.354833  53
1586667524.369555  54
1586667524.383908  54
1586667524.398646  53
1586667524.413500  55
1586667524.428015  54
1586667524.442903  54
1586667524.457114  53
1586667524.470297  56
1586667524.484508  55
1586667524.498504  53
1586667524.512932  55
1586667524.526948  54
1586667524.542252  54
1586667524.556841  55
1586667524.570110  55
1586667524.585121  56
1586667524.599858  54
1586667524.613727  54
1586667524.628593  54
1586667524.642878  54
1586667524.657209  54
1586667524.672103  55
1586667524.686569  57
1586667524.701329  55
1586667524.716046  55
1586667524.731522  54
1586667524.746320  55
1586667524.761199  55
1586667524.775918  55
1586667524.790783  55
1586667524.805827  57
1586667524.819180  55
1586667524.833295  55
1586667524.848422  55
1586667524.863367  56
1586667524.878262  56
1586667524.891711  56
1586667524.905618  56
1586667524.919445  56
1586667524.933347  55
1586667524.947705  55
1586667524.962218  55
1586667524.976824  57
1586667524.991003  56
1586667525.005171  57
1586667525.018728  55
1586667525.033114  56
1586667525.047495  56
1586667525.061103  56
1586667525.075880  56
1586667525.090957  58
1586667525.106228  58
1586667525.120645  56
1586667525.135613  55
1586667525.150345  57
1586667525.163067  57
1586667525.177528  56
1586667525.191682  58
1586667525.205682  58
1586667525.218980  56
1586667525.233263  58
1586667525.248198  56
1586667525.262033  57
1586667525.277211  58
1586667525.291654  57
1586667525.306177  57
1586667525.320818  58
1586667525.333198  57
1586667525.348051  57
1586667525.362879  57
1586667525.377253  59
1586667525.390407  58
1586667525.405086  59
1586667525.418743  56
1586667525.433994  58
1586667525.448430  57
1586667525.461928  58
1586667525.476780  58
1586667525.491614  59
1586667525.506099  58
1586667525.520701  57
1586667525.535010  57
1586667525.549071  57
1586667525.564045  58
1586667525.578793  58
1586667525.594702  58
1586667525.609546  58
1586667525.624164  58
1586667525.638882  58
1586667525.653151  59
1586667525.668026  58
1586667525.681202  59
1586667525.695685  59
1586667525.709132  60
1586667525.723309  58
1586667525.737707  58
1586667525.752423  57
1586667525.766496  58
1586667525.781419  59
1586667525.796234  59
1586667525.809951  59
1586667525.823967  59
1586667525.837915  59
1586667525.850470  58
1586667525.865198  58
1586667525.879928  59
1586667525.893956  60
1586667525.908528  59
1586667525.922389  58
1586667525.936627  60
1586667525.950864  60
1586667525.965110  59
1586667525.979871  59
1586667525.994678  60
1586667526.009582  61
1586667526.024363  59
1586667526.036840  58
1586667526.051559  60
1586667526.065778  60
1586667526.080478  60
1586667526.096470  60
1586667526.109509  60
1586667526.124358  60
1586667526.138862  58
1586667526.153755  59
1586667526.168731  60
1586667526.182450  60
1586667526.196467  60
1586667526.211349  61
1586667526.225759  60
1586667526.239444  59
1586667526.253138  60
1586667526.267984  61
1586667526.282366  61
1586667526.297058  62
1586667526.311651  62
1586667526.324391  62
1586667526.338819  60
1586667526.352560  60
1586667526.367017  60
1586667526.381514  62
1586667526.396083  62
1586667526.410174  61
1586667526.424780  61
1586667526.439355  61
1586667526.453669  61
1586667526.468212  60
1586667526.481855  61
1586667526.495695  62
1586667526.509471  61
1586667526.523204  61
1586667526.538016  60
1586667526.551427  61
1586667526.563967  61
1586667526.577899  62
1586667526.592287  62
1586667526.605699  63
1586667526.619918  62
1586667526.634346  63
1586667526.649017  61
1586667526.663189  62
1586667526.677945  61
1586667526.692701  62
1586667526.706362  61
1586667526.719549  63
1586667526.733340  62
1586667526.748007  62
1586667526.760787  61
1586667526.773700  62
1586667526.788087  62
1586667526.801095  62
1586667526.816002  62
1586667526.830079  62
1586667526.844804  61
1586667526.859622  61
1586667526.874739  61
1586667526.889102  62
1586667526.904214  63
1586667526.919160  62
1586667526.932865  65
1586667526.947347  63
1586667526.962253  63
1586667526.975331  63
1586667526.990069  63
1586667527.004337  63
1586667527.019220  63
1586667527.033187  63
1586667527.048529  61
1586667527.063269  63
1586667527.077808  62
1586667527.090270  63
1586667527.104465  64
1586667527.119035  63
1586667527.134096  63
1586667527.148832  62
1586667527.162694  63
1586667527.177115  63
1586667527.190726  63
1586667527.205562  63
1586667527.219881  63
1586667527.234395  64
1586667527.248852  63
1586667527.263798  64
1586667527.278133  64
1586667527.292764  64
1586667527.307202  64
1586667527.321683  64
1586667527.336148  64
1586667527.351368  64
1586667527.365782  64
1586667527.380371  63
1586667527.395128  66
1586667527.409917  65
1586667527.424652  65
1586667527.439088  64
1586667527.453619  63
1586667527.467995  63
1586667527.482208  64
1586667527.496055  64
1586667527.510238  64
1586667527.523945  64
1586667527.536561  66
1586667527.551461  63
1586667527.566809  64
1586667527.579764  64
1586667527.593759  66
1586667527.608434  65
1586667527.622666  65
1586667527.636792  65
1586667527.651348  65
1586667527.666754  65
1586667527.679905  64
1586667527.693308  66
1586667527.707323  66
1586667527.721050  65
1586667527.735172  64
1586667527.749679  65
1586667527.764198  64
1586667527.778701  64
1586667527.791331  65
1586667527.805480  66
1586667527.820578  65
1586667527.834941  65
1586667527.849909  64
1586667527.864677  65
1586667527.878929  64
1586667527.893422  66
1586667527.908549  65
1586667527.923102  65
1586667527.936329  65
1586667527.949243  66
1586667527.962589  65
1586667527.975745  66
1586667527.990360  65
1586667528.005151  66
1586667528.019745  65
1586667528.034603  66
1586667528.047980  67
1586667528.060493  66
1586667528.073303  65
1586667528.086544  66
1586667528.100693  66
1586667528.114118  66
1586667528.128877  67
1586667528.142765  66
1586667528.155131  66
1586667528.169641  65
1586667528.182767  66
1586667528.197097  67
1586667528.210755  66
1586667528.225222  66
1586667528.239853  67
1586667528.254949  65
1586667528.269777  65
1586667528.284775  66
1586667528.299040  68
1586667528.312520  68
1586667528.325059  68
1586667528.339383  67
1586667528.353341  66
1586667528.368286  66
1586667528.380677  67
1586667528.393325  66
1586667528.407876  67
1586667528.422766  67
1586667528.437228  68
1586667528.451297  67
1586667528.465331  67
1586667528.480136  66
1586667528.494675  67
1586667528.508755  66
1586667528.523454  68
1586667528.537831  67
1586667528.551416  67
1586667528.565726  66
1586667528.579838  66
1586667528.593970  66
1586667528.607061  68
1586667528.621620  66
1586667528.636747  69
1586667528.650409  68
1586667528.664141  67
1586667528.678247  67
1586667528.692556  68
1586667528.706218  68
1586667528.721045  68
1586667528.733824  68
1586667528.747616  67
1586667528.760399  68
1586667528.773138  68
1586667528.786798  67
1586667528.800918  68
1586667528.815355  69
1586667528.830226  69
1586667528.845149  70
1586667528.859737  68
1586667528.874411  66
1586667528.888714  66
1586667528.903597  67
1586667528.916668  67
1586667528.931082  67
1586667528.945623  68
1586667528.958378  68
1586667528.972846  66
1586667528.987271  67
1586667529.000762  67
1586667529.015522  68
1586667529.029920  68
1586667529.042577  69
1586667529.055619  68
1586667529.068551  67
1586667529.081216  67
1586667529.097004  67
1586667529.111072  69
1586667529.125938  68
1586667529.138785  68
1586667529.152274  67
1586667529.166296  66
1586667529.180765  66
1586667529.194907  65
1586667529.208932  61
1586667529.221228  56
1586667529.234021  50
1586667529.248103  46
1586667529.260883  40
1586667529.272985  34
1586667529.286717  30
1586667529.302342  30
1586667529.314687  30
1586667529.329324  32
1586667529.341940  31
1586667529.356078  32
1586667529.370703  32
1586667529.384863  31
1586667529.401613  32
1586667529.415730  32
1586667529.430289  31
1586667529.445138  33
1586667529.459513  33
1586667529.474125  32
1586667529.488655  31
1586667529.503107  32
1586667529.517940  33
1586667529.532485  32
1586667529.547250  32
1586667529.561691  32
1586667529.576343  32
1586667529.590570  32
1586667529.606521  31
1586667529.618751  33
1586667529.633114  34
1586667529.647684  33
1586667529.662205  32
1586667529.676992  34
1586667529.691548  33
1586667529.706194  32
1586667529.720421  33
1586667529.734226  34
1586667529.748548  35
1586667529.761182  32
1586667529.773527  32
1586667529.786015  35
1586667529.799064  33
1586667529.816042  34
1586667529.830386  34
1586667529.845226  34
1586667529.859412  34
1586667529.874195  34
1586667529.889032  35
1586667529.903955  33
1586667529.918282  35
1586667529.932902  34
1586667529.947452  34
1586667529.961273  34
1586667529.975847  34
1586667529.990124  34
1586667530.004968  34
1586667530.019918  36
1586667530.033505  35
1586667530.047955  35
1586667530.062718  36
1586667530.076865  35
1586667530.089653  36
1586667530.102686  35
1586667530.116489  36
1586667530.130505  35
1586667530.144258  36
1586667530.159630  35
1586667530.173000  36
1586667530.187441  37
1586667530.201073  36
1586667530.214221  35
1586667530.229349  38
1586667530.242409  37
1586667530.256996  36
1586667530.271401  35
1586667530.285401  37
1586667530.299713  37
1586667530.313488  36
1586667530.328006  36
1586667530.341911  37
1586667530.356464  37
1586667530.370806  36
1586667530.385458  37
1586667530.400219  37
1586667530.414465  36
1586667530.429059  37
1586667530.444020  37
1586667530.458919  39
1586667530.473703  38
1586667530.487591  37
1586667530.502288  37
1586667530.516963  37
1586667530.531783  37
1586667530.546297  37
1586667530.559097  37
1586667530.572663  37
1586667530.586795  38
1586667530.600906  37
1586667530.614870  38
1586667530.627409  36
1586667530.639713  38
1586667530.652716  39
1586667530.666244  38
1586667530.679175  38
1586667530.692312  39
1586667530.706073  39
1586667530.720862  37
1586667530.734055  39
1586667530.747136  38
1586667530.760246  39
1586667530.774323  38
1586667530.788684  38
1586667530.803254  39
1586667530.817132  39
1586667530.830203  40
1586667530.842891  40
1586667530.855665  40
1586667530.869545  40
1586667530.883987  39
1586667530.897565  39
1586667530.909980  40
1586667530.923201  39
1586667530.935623  39
1586667530.947871  39
1586667530.960450  40
1586667530.974716  40
1586667530.987703  40
1586667531.001615  39
1586667531.015275  38
1586667531.029331  39
1586667531.042678  41
1586667531.057135  40
1586667531.070063  41
1586667531.084057  41
1586667531.097527  41
1586667531.112023  40
1586667531.126466  39
1586667531.141045  40
1586667531.155914  40
1586667531.169838  40
1586667531.184209  41
1586667531.199209  41
1586667531.214146  41
1586667531.228848  40
1586667531.243581  41
1586667531.258151  41
1586667531.272393  41
1586667531.285145  42
1586667531.299687  41
1586667531.314266  43
1586667531.327077  42
1586667531.341636  43
1586667531.356619  41
1586667531.371233  41
1586667531.385704  42
1586667531.400461  42
1586667531.413729  42
1586667531.428160  41
1586667531.442599  41
1586667531.457039  41
1586667531.471238  42
1586667531.485852  42
1586667531.500478  42
1586667531.514908  42
1586667531.529538  43
1586667531.543689  42
1586667531.557768  42
1586667531.572036  42
1586667531.586136  43
1586667531.599953  43
1586667531.612941  43
1586667531.627108  43
1586667531.640466  45
1586667531.653268  43
1586667531.665707  42
1586667531.678383  42
1586667531.692632  43
1586667531.707346  42
1586667531.720999  43
1586667531.733870  43
1586667531.748608  42
1586667531.761830  44
1586667531.774988  43
1586667531.790866  44
1586667531.804002  43
1586667531.817022  43
1586667531.831036  43
1586667531.845676  43
1586667531.858748  43
1586667531.872526  43
1586667531.885130  43
1586667531.898075  44
1586667531.910809  43
1586667531.924105  44
1586667531.937219  44
1586667531.949671  44
1586667531.964204  43
1586667531.976880  44
1586667531.990207  45
1586667532.004415  45
1586667532.019142  45
1586667532.033090  43
1586667532.047979  45
1586667532.060375  45
1586667532.074827  45
1586667532.089139  44
1586667532.103659  44
1586667532.118127  45
1586667532.132549  44
1586667532.146858  45
1586667532.161180  45
1586667532.175695  44
1586667532.189877  44
1586667532.204733  45
1586667532.219215  45
1586667532.233714  45
1586667532.248680  47
1586667532.263088  45
1586667532.277324  45
1586667532.291705  45
1586667532.306728  46
1586667532.321269  46
1586667532.334558  46
1586667532.347521  46
1586667532.359915  46
1586667532.372790  46
1586667532.386818  45
1586667532.401404  45
1586667532.415915  45
1586667532.430168  47
1586667532.444656  45
1586667532.459150  47
1586667532.473889  46
1586667532.488347  46
1586667532.502323  46
1586667532.516672  46
1586667532.531749  46
1586667532.546227  47
1586667532.560479  48
1586667532.575401  46
1586667532.589678  46
1586667532.604492  47
1586667532.617816  47
1586667532.631573  47
1586667532.646244  47
1586667532.660715  48
1586667532.675470  46
1586667532.690379  47
1586667532.705129  46
1586667532.719651  47
1586667532.734461  47
1586667532.749317  47
1586667532.763812  48
1586667532.778518  47
1586667532.793026  48
1586667532.807594  48
1586667532.821746  47
1586667532.836879  48
1586667532.851536  47
1586667532.866304  49
1586667532.880816  48
1586667532.895658  47
1586667532.909295  47
1586667532.923462  48
1586667532.937756  47
1586667532.952010  48
1586667532.966929  49
1586667532.981559  48
1586667532.995620  49
1586667533.010188  48
1586667533.023913  47
1586667533.038232  48
1586667533.052298  49
1586667533.066893  49
1586667533.081626  49
1586667533.094516  49
1586667533.108982  48
1586667533.123480  48
1586667533.138000  49
1586667533.152792  49
1586667533.166778  50
1586667533.181021  49
1586667533.195744  49
1586667533.209079  49
1586667533.222110  50
1586667533.234545  49
1586667533.247471  48
1586667533.262499  49
1586667533.276504  51
1586667533.291611  50
1586667533.306149  51
1586667533.321044  51
1586667533.335777  50
1586667533.349876  50
1586667533.363665  51
1586667533.377901  51
1586667533.392503  49
1586667533.407227  49
1586667533.421991  49
1586667533.436719  49
1586667533.451108  51
1586667533.465738  51
1586667533.480063  50
1586667533.495038  49
1586667533.508230  52
1586667533.522937  49
1586667533.537689  50
1586667533.552228  49
1586667533.567231  51
1586667533.582042  51
1586667533.596392  51
1586667533.611103  50
1586667533.625979  50
1586667533.640209  50
1586667533.654516  50
1586667533.669283  51
1586667533.683754  51
1586667533.698311  50
1586667533.711823  50
1586667533.726944  51
1586667533.740510  52
1586667533.754970  50
1586667533.770244  51
1586667533.783731  52
1586667533.798226  51
1586667533.812481  50
1586667533.827291  50
1586667533.841935  50
1586667533.856411  51
1586667533.869894  53
1586667533.884475  52
1586667533.898926  51
1586667533.913593  52
1586667533.928167  52
1586667533.942676  51
1586667533.957582  52
1586667533.972094  52
1586667533.986601  53
1586667533.999942  52
1586667534.013265  52
1586667534.026319  53
1586667534.040536  52
1586667534.053089  52
1586667534.065409  51
1586667534.078454  53
1586667534.091141  52
1586667534.104162  51
1586667534.118933  51
1586667534.133969  52
1586667534.148479  52
1586667534.163154  52
1586667534.178208  54
1586667534.192055  51
1586667534.206847  52
1586667534.220180  53
1586667534.232918  52
1586667534.247592  51
1586667534.261598  54
1586667534.276358  53
1586667534.290780  54
1586667534.303261  53
1586667534.318138  53
1586667534.332643  52
1586667534.346318  54
1586667534.359822  52
1586667534.374188  54
1586667534.388944  54
1586667534.403397  53
1586667534.418367  54
1586667534.432150  53
1586667534.447263  54
1586667534.461544  54
1586667534.476010  55
1586667534.490441  54
1586667534.504411  55
1586667534.517213  54
1586667534.531688  54
1586667534.544700  53
1586667534.559162  53
1586667534.574973  55
1586667534.588495  55
1586667534.602355  54
1586667534.616850  53
1586667534.630912  55
1586667534.644504  54
1586667534.658697  53
1586667534.672854  55
1586667534.687484  56
1586667534.702202  54
1586667534.716545  54
1586667534.731920  55
1586667534.746450  55
1586667534.761057  54
1586667534.775364  55
1586667534.789792  56
1586667534.804467  54
1586667534.818921  54
1586667534.831666  54
1586667534.846374  55
1586667534.860689  54
1586667534.874951  56
1586667534.888881  56
1586667534.902805  54
1586667534.917416  55
1586667534.929669  56
1586667534.943964  54
1586667534.958137  55
1586667534.972879  57
1586667534.987760  57
1586667535.000531  56
1586667535.014951  55
1586667535.029005  56
1586667535.043074  54
1586667535.057225  55
1586667535.071074  56
1586667535.083467  57
1586667535.096951  56
1586667535.111073  55
1586667535.124732  56
1586667535.138549  55
1586667535.153954  55
1586667535.169047  56
1586667535.182887  58
1586667535.196654  58
1586667535.210665  56
1586667535.225004  55
1586667535.239781  55
1586667535.254567  56
1586667535.268813  57
1586667535.283779  57
1586667535.297764  58
1586667535.312068  56
1586667535.326144  57
1586667535.341282  56
1586667535.355484  56
1586667535.369923  56
1586667535.384818  57
1586667535.399466  57
1586667535.414166  57
1586667535.428939  57
1586667535.443886  56
1586667535.456985  56
1586667535.471850  58
1586667535.486296  58
1586667535.500151  58
1586667535.513935  58
1586667535.527703  58
1586667535.542591  57
1586667535.557729  57
1586667535.570422  56
1586667535.585096  58
1586667535.598987  59
1586667535.613308  58
1586667535.626718  57
1586667535.640722  57
1586667535.654684  58
1586667535.669540  56
1586667535.684406  58
1586667535.697246  59
1586667535.711948  58
1586667535.726423  58
1586667535.741048  57
1586667535.755814  57
1586667535.770105  57
1586667535.784981  59
1586667535.798666  58
1586667535.812915  59
1586667535.827448  58
1586667535.841182  58
1586667535.855233  58
1586667535.869414  60
1586667535.883832  58
1586667535.898909  59
1586667535.913249  59
1586667535.928770  59
1586667535.941572  58
1586667535.956127  58
1586667535.970755  58
1586667535.985275  59
1586667536.000029  59
1586667536.014248  59
1586667536.029310  59
1586667536.043089  59
1586667536.057647  58
1586667536.072247  59
1586667536.085035  60
1586667536.099898  61
1586667536.112870  61
1586667536.127279  58
1586667536.141743  59
1586667536.156337  60
1586667536.169582  59
1586667536.182049  59
1586667536.195601  61
1586667536.210076  60
1586667536.224438  59
1586667536.239062  58
1586667536.252374  59
1586667536.265545  60
1586667536.279047  60
1586667536.293413  59
1586667536.307227  60
1586667536.320168  60
1586667536.332834  60
1586667536.347622  59
1586667536.360161  60
1586667536.374161  60
1586667536.387143  60
1586667536.400246  60
1586667536.413209  62
1586667536.427981  61
1586667536.442552  60
1586667536.455674  60
1586667536.468542  61
1586667536.482768  60
1586667536.497185  61
1586667536.510594  61
1586667536.523822  62
1586667536.537419  60
1586667536.550105  61
1586667536.564217  60
1586667536.577046  61
1586667536.590274  61
1586667536.603830  61
1586667536.618877  61
1586667536.633919  60
1586667536.647884  61
1586667536.662059  61
1586667536.675473  60
1586667536.690113  61
1586667536.705022  62
1586667536.718611  61
1586667536.731509  62
1586667536.745087  62
1586667536.759020  61
1586667536.772921  61
1586667536.786829  61
1586667536.801645  62
1586667536.816491  63
1586667536.831102  62
1586667536.845707  61
1586667536.859668  61
1586667536.873871  61
1586667536.888214  63
1586667536.902595  63
1586667536.916804  62
1586667536.931269  63
1586667536.945067  62
1586667536.958889  61
1586667536.973734  61
1586667536.987569  61
1586667537.001966  63
1586667537.016714  62
1586667537.029584  63
1586667537.042464  63
1586667537.056786  61
1586667537.070897  62
1586667537.085789  62
1586667537.100025  63
1586667537.114076  63
1586667537.127137  63
1586667537.141866  62
1586667537.156125  63
1586667537.171576  62
1586667537.185209  62
1586667537.198441  64
1586667537.212417  64
1586667537.225803  64
1586667537.240156  63
1586667537.254362  63
1586667537.269023  63
1586667537.283341  62
1586667537.299127  64
1586667537.313840  63
1586667537.327544  64
1586667537.342240  63
1586667537.357191  61
1586667537.372038  62
1586667537.386390  64
1586667537.400717  64
1586667537.415064  65
1586667537.429633  65
1586667537.444737  64
1586667537.459724  63
1586667537.474237  63
1586667537.489164  64
1586667537.502782  65
1586667537.516468  64
1586667537.531020  64
1586667537.545262  64
1586667537.560096  65
1586667537.574948  62
1586667537.589575  62
1586667537.604430  64
1586667537.618796  64
1586667537.633612  65
1586667537.648220  64
1586667537.662508  64
1586667537.676581  64
1586667537.690692  63
1586667537.705402  65
1586667537.720072  65
1586667537.734314  65
1586667537.748825  65
1586667537.763302  65
1586667537.777241  65
1586667537.792155  64
1586667537.806964  65
1586667537.821614  66
1586667537.836262  65
1586667537.851444  65
1586667537.865772  64
1586667537.880874  64
1586667537.896076  65
1586667537.908931  66
1586667537.923474  65
1586667537.937360  65
1586667537.952011  65
1586667537.966660  64
1586667537.980810  65
1586667537.994936  64
1586667538.009209  66
1586667538.023506  65
1586667538.035628  65
1586667538.050454  65
1586667538.065866  65
1586667538.080370  64
1586667538.095186  65
1586667538.108147  67
1586667538.121929  66
1586667538.136189  65
1586667538.150852  66
1586667538.165807  65
1586667538.180371  65
1586667538.195014  65
1586667538.210452  66
1586667538.225388  67
1586667538.240008  66
1586667538.254251  66
1586667538.268674  66
1586667538.282587  66
1586667538.297607  65
1586667538.312141  66
1586667538.325967  66
1586667538.340617  67
1586667538.354997  66
1586667538.369638  65
1586667538.384875  65
1586667538.399976  66
1586667538.415241  66
1586667538.429428  66
1586667538.444113  67
1586667538.458793  67
1586667538.473081  67
1586667538.487921  66
1586667538.502472  66
1586667538.516695  67
1586667538.531229  68
1586667538.545949  67
1586667538.560950  68
1586667538.575584  66
1586667538.590228  66
1586667538.604765  67
1586667538.619754  67
1586667538.634174  67
1586667538.648800  67
1586667538.662961  68
1586667538.677674  67
1586667538.692016  66
1586667538.706184  67
1586667538.719823  68
1586667538.735305  67
1586667538.750076  68
1586667538.764565  67
1586667538.778771  67
1586667538.793593  67
1586667538.808212  67
1586667538.822797  68
1586667538.837320  68
1586667538.851935  68
1586667538.866574  69
1586667538.881559  67
1586667538.896363  66
1586667538.911783  67
1586667538.926080  69
1586667538.939961  68
1586667538.954504  69
1586667538.969179  68
1586667538.983596  68
1586667538.997079  68
1586667539.011303  67
1586667539.025955  69
1586667539.038676  69
1586667539.051619  68
1586667539.064051  69
1586667539.077960  67
1586667539.092440  68
1586667539.106370  66
1586667539.121013  68
1586667539.135334  69
1586667539.150149  70
1586667539.165204  69
1586667539.178693  69
1586667539.191947  68
1586667539.205874  68
1586667539.219166  68
1586667539.233358  70
1586667539.246771  69
1586667539.261418  70
1586667539.276089  69
1586667539.289972  68
1586667539.305370  68
1586667539.320185  69
1586667539.334524  69
1586667539.349057  68
1586667539.363237  67
1586667539.376828  69
1586667539.391359  68
1586667539.405458  67
1586667539.420635  69
1586667539.435218  67
1586667539.449634  69
1586667539.464489  69
1586667539.479115  68
1586667539.494258  68
1586667539.507529  68
1586667539.521658  70
1586667539.536336  69
1586667539.550373  67
1586667539.564932  70
1586667539.580040  69
1586667539.595198  67
1586667539.609561  67
1586667539.623249  68
1586667539.635718  68
1586667539.648896  68
1586667539.661463  68
1586667539.676133  67
1586667539.690913  62
1586667539.704934  57
1586667539.717487  50
1586667539.731751  46
1586667539.745492  39
1586667539.759984  32
1586667539.774920  30
1586667539.789132  24
1586667539.802607  18
1586667539.817143  14
1586667539.830403  13
1586667539.844789  12
1586667539.856982  11
1586667539.869858  12
1586667539.884796  13
1586667539.898529  13
1586667539.912770  12
1586667539.926969  13
1586667539.941311  15
1586667539.955678  15
1586667539.970659  13
1586667539.984731  14
1586667539.998250  14
1586667540.013599  12
1586667540.028057  14
1586667540.042511  15
1586667540.056994  14
1586667540.071606  13
1586667540.086619  15
1586667540.103395  14
1586667540.123474  14
1586667540.137298  17
1586667540.151200  17
1586667540.165876  15
1586667540.180088  15
1586667540.194811  15
1586667540.209170  15
1586667540.223428  14
1586667540.238105  17
1586667540.253156  17
1586667540.267601  18
1586667540.280321  16
1586667540.293051  16
1586667540.306060  17
1586667540.319679  16
1586667540.332245  16
1586667540.344946  17
1586667540.359666  18
1586667540.374057  18
1586667540.388040  17
1586667540.401817  17
1586667540.415598  18
1586667540.429893  18
1586667540.442273  20
1586667540.457538  19
1586667540.471713  19
1586667540.486446  18
1586667540.500166  18
1586667540.513325  19
1586667540.527370  18
1586667540.542097  20
1586667540.554801  20
1586667540.568049  20
1586667540.582458  19
1586667540.597508  19
1586667540.612257  18
1586667540.627090  18
1586667540.642164  20
1586667540.656761  20
1586667540.671692  20
1586667540.685969  20
1586667540.699032  20
1586667540.714177  20
1586667540.729040  20
1586667540.743661  21
1586667540.756894  22
1586667540.769963  21
1586667540.784682  20
1586667540.799362  21
1586667540.813879  20
1586667540.828508  21
1586667540.842724  20
1586667540.857517  21
1586667540.872345  23
1586667540.886658  22
1586667540.899699  22
1586667540.914866  20
1586667540.928826  22
1586667540.943236  22
1586667540.957777  24
1586667540.970502  23
1586667540.983665  23
1586667540.998432  23
1586667541.011732  22
1586667541.026046  22
1586667541.040219  24
1586667541.054096  23
1586667541.067403  24
1586667541.081694  23
1586667541.095624  23
1586667541.108039  23
1586667541.122417  22
1586667541.135177  23
1586667541.149599  25
1586667541.163651  24
1586667541.176716  25
1586667541.191365  23
1586667541.205480  25
1586667541.220290  24
1586667541.233275  23
1586667541.245718  24
1586667541.258751  24
1586667541.272385  24
1586667541.286572  25
1586667541.300021  24
1586667541.314427  24
1586667541.327000  25
1586667541.340048  25
1586667541.354328  25
1586667541.367199  26
1586667541.379722  25
1586667541.394406  26
1586667541.408307  25
1586667541.421174  24
1586667541.435203  24
1586667541.448099  26
1586667541.462151  26
1586667541.475052  26
1586667541.489723  26
1586667541.504342  26
1586667541.517446  25
1586667541.530717  26
1586667541.544827  26
1586667541.559566  26
1586667541.573125  27
1586667541.587348  27
1586667541.601969  28
1586667541.616873  27
1586667541.630250  26
1586667541.642829  26
1586667541.655473  28
1586667541.668322  29
1586667541.681204  29
1586667541.696015  29
1586667541.708995  27
1586667541.721947  27
1586667541.736810  27
1586667541.750739  28
1586667541.763720  28
1586667541.778256  28
1586667541.791491  28
1586667541.805619  27
1586667541.820594  28
1586667541.834982  28
1586667541.848456  29
1586667541.862797  29
1586667541.877024  29
1586667541.890128  29
1586667541.904518  30
1586667541.918391  28
1586667541.932880  27
1586667541.948045  29
1586667541.963326  29
1586667541.977794  29
1586667541.992474  30
1586667542.007112  30
1586667542.021392  30
1586667542.036244  29
1586667542.050410  29
1586667542.063072  31
1586667542.077435  30
1586667542.091795  30
1586667542.106320  29
1586667542.120163  30
1586667542.133976  29
1586667542.147129  31
1586667542.160079  30
1586667542.172823  31
1586667542.185882  31
1586667542.200620  31
1586667542.214392  31
1586667542.228406  30
1586667542.241202  30
1586667542.253867  31
1586667542.268053  31
1586667542.280716  30
1586667542.295020  32
1586667542.307928  31
1586667542.320772  31
1586667542.333812  31
1586667542.348639  31
1586667542.362361  30
1586667542.374824  32
1586667542.389019  31
1586667542.403967  32
1586667542.418436  32
1586667542.432490  30
1586667542.449416  32
1586667542.463817  32
1586667542.478528  31
1586667542.493985  33
1586667542.508026  32
1586667542.522169  32
1586667542.538099  31
1586667542.553757  33
1586667542.566469  34
1586667542.581485  34
1586667542.594215  33
1586667542.607014  32
1586667542.620594  34
1586667542.634310  32
1586667542.652035  33
1586667542.666667  34
1586667542.679333  34
1586667542.693764  34
1586667542.707336  33
1586667542.720976  34
1586667542.734033  33
1586667542.748630  34
1586667542.763423  34
1586667542.776430  33
1586667542.789534  35
1586667542.802796  34
1586667542.817802  34
1586667542.830928  32
1586667542.844186  34
1586667542.856978  34
1586667542.871432  34
1586667542.886396  35
1586667542.900716  34
1586667542.915585  34
1586667542.928345  34
1586667542.944209  34
1586667542.957629  34
1586667542.971791  36
1586667542.985876  35
1586667543.000469  34
1586667543.014612  35
1586667543.029183  34
1586667543.043313  34
1586667543.056646  36
1586667543.069969  35
1586667543.083987  36
1586667543.096310  35
1586667543.110659  35
1586667543.125033  36
1586667543.139916  35
1586667543.154498  36
1586667543.167964  36
1586667543.180731  37
1586667543.193594  36
1586667543.207788  36
1586667543.220760  36
1586667543.235036  37
1586667543.248637  35
1586667543.262781  36
1586667543.277476  36
1586667543.291345  37
1586667543.305505  38
1586667543.318143  37
1586667543.332000  36
1586667543.344730  35
1586667543.358814  37
1586667543.373443  38
1586667543.387652  37
1586667543.400896  38
1586667543.415477  38
1586667543.429171  38
1586667543.443186  36
1586667543.457925  37
1586667543.472009  39
1586667543.486714  36
1586667543.500922  37
1586667543.514643  37
1586667543.528733  38
1586667543.542583  35
1586667543.556865  37
1586667543.569254  39
1586667543.583453  38
1586667543.596419  39
1586667543.611601  39
1586667543.626447  40
1586667543.639344  40
1586667543.652684  38
1586667543.667351  37
1586667543.682425  40
1586667543.696816  39
1586667543.709649  39
1586667543.723505  38
1586667543.736950  39
1586667543.750599  37
1586667543.766037  39
1586667543.779774  38
1586667543.794518  40
1586667543.807636  39
1586667543.822574  40
1586667543.835803  39
1586667543.848720  39
1586667543.862515  40
1586667543.876292  39
1586667543.889618  39
1586667543.903078  40
1586667543.917233  39
1586667543.932288  39
1586667543.946326  40
1586667543.960561  39
1586667543.975093  39
1586667543.989619  40
1586667544.003064  39
1586667544.017499  40
1586667544.031173  41
1586667544.045176  40
1586667544.059080  39
1586667544.073045  40
1586667544.087159  41
1586667544.100588  40
1586667544.115433  40
1586667544.130106  40
1586667544.144065  40
1586667544.158484  40
1586667544.173177  40
1586667544.187268  40
1586667544.200409  41
1586667544.214519  40
1586667544.229323  40
1586667544.243460  41
1586667544.257352  42
1586667544.269887  42
1586667544.283914  42
1586667544.298508  41
1586667544.311548  42
1586667544.325295  42
1586667544.338386  41
1586667544.353156  41
1586667544.368124  41
1586667544.381394  42
1586667544.394194  42
1586667544.407135  42
1586667544.421802  42
1586667544.435014  42
1586667544.448209  41
1586667544.461498  41
1586667544.475296  42
1586667544.488735  43
1586667544.501520  42
1586667544.514354  42
1586667544.527381  43
1586667544.540126  42
1586667544.554359  42
1586667544.567978  42
1586667544.582717  42
1586667544.595065  43
1586667544.609025  42
1586667544.622966  43
1586667544.637585  42
1586667544.651688  43
1586667544.665120  42
1586667544.678033  43
1586667544.691458  43
1586667544.705056  44
1586667544.718891  43
1586667544.733958  43
1586667544.747903  43
1586667544.760604  43
1586667544.774722  43
1586667544.789314  43
1586667544.803683  44
1586667544.818478  43
1586667544.833300  43
1586667544.847498  43
1586667544.861874  44
1586667544.876655  44
1586667544.889963  42
1586667544.903991  44
1586667544.918143  43
1586667544.933100  45
1586667544.947959  44
1586667544.962577  44
1586667544.976826  44
1586667544.991221  44
1586667545.005570  44
1586667545.020199  44
1586667545.035272  44
1586667545.049493  44
1586667545.063223  45
1586667545.077737  44
1586667545.092443  44
1586667545.106884  43
1586667545.121274  45
1586667545.136127  44
1586667545.151064  44
1586667545.164877  44
1586667545.178865  44
1586667545.192355  46
1586667545.206537  46
1586667545.219765  45
1586667545.234698  46
1586667545.249429  45
1586667545.263611  45
1586667545.277804  45
1586667545.291493  46
1586667545.307113  45
1586667545.320711  46
1586667545.335055  46
1586667545.350012  45
1586667545.364746  46
1586667545.378786  46
1586667545.393070  46
1586667545.407170  46
1586667545.419805  46
1586667545.434637  46
1586667545.449832  46
1586667545.464615  46
1586667545.477738  47
1586667545.491503  47
1586667545.506320  46
1586667545.519956  46
1586667545.534211  47
1586667545.549640  46
1586667545.563159  47
1586667545.576200  48
1586667545.589595  47
1586667545.602871  46
1586667545.615709  47
1586667545.630482  47
1586667545.644284  47
1586667545.658763  46
1586667545.671848  46
1586667545.684402  49
1586667545.697789  48
1586667545.711317  48
1586667545.724589  47
1586667545.737837  46
1586667545.750766  48
1586667545.763696  48
1586667545.777362  47
1586667545.790639  47
1586667545.803717  47
1586667545.817044  48
1586667545.830709  48
1586667545.844376  48
1586667545.857557  47
1586667545.870319  47
1586667545.884388  49
1586667545.899047  47
1586667545.913872  47
1586667545.926782  47
1586667545.941532  49
1586667545.955997  48
1586667545.970071  48
1586667545.984763  49
1586667545.999388  49
1586667546.013774  48
1586667546.026560  49
1586667546.039713  49
1586667546.052545  49
1586667546.066689  48
1586667546.081973  50
1586667546.096454  50
1586667546.109900  50
1586667546.123759  49
1586667546.138042  49
1586667546.152771  49
1586667546.166271  50
1586667546.180931  50
1586667546.193804  49
1586667546.208517  49
1586667546.221161  50
1586667546.235697  49
1586667546.249490  50
1586667546.262673  49
1586667546.276012  50
1586667546.289771  50
1586667546.303821  49
1586667546.318799  49
1586667546.332702  49
1586667546.345217  51
1586667546.359940  49
1586667546.374277  51
1586667546.389426  50
1586667546.403781  51
1586667546.417656  50
1586667546.431510  50
1586667546.445636  49
1586667546.458634  50
1586667546.473719  50
1586667546.487868  51
1586667546.501212  52
1586667546.516137  50
1586667546.529177  51
1586667546.542568  50
1586667546.555270  50
1586667546.570262  50
1586667546.584129  50
1586667546.600231  52
1586667546.613314  50
1586667546.627721  51
1586667546.641505  51
1586667546.654674  51
1586667546.669569  51
1586667546.683037  51
1586667546.696360  51
1586667546.709460  51
1586667546.722449  50
1586667546.735303  50
1586667546.747978  50
1586667546.760612  52
1586667546.773694  51
1586667546.786799  52
1586667546.799348  52
1586667546.814061  52
1586667546.828732  51
1586667546.842969  52
1586667546.856790  52
1586667546.870366  52
1586667546.884846  53
1586667546.899208  52
1586667546.913857  52
1586667546.926513  52
1586667546.939623  51
1586667546.953053  53
1586667546.967294  52
1586667546.981030  52
1586667546.995787  52
1586667547.009976  54
1586667547.023480  53
1586667547.038330  52
1586667547.051497  53
1586667547.064703  52
1586667547.077535  52
1586667547.090735  53
1586667547.103366  53
1586667547.115975  53
1586667547.129602  53
1586667547.142629  52
1586667547.155408  52
1586667547.167741  53
1586667547.181612  53
1586667547.194053  54
1586667547.208706  53
1586667547.222428  53
1586667547.236188  54
1586667547.249485  53
1586667547.264353  53
1586667547.278751  53
1586667547.291963  55
1586667547.304872  54
1586667547.318760  54
1586667547.333455  53
1586667547.347448  55
1586667547.362614  53
1586667547.376946  53
1586667547.391931  54
1586667547.406310  55
1586667547.420233  53
1586667547.434804  52
1586667547.449573  53
1586667547.463772  52
1586667547.478202  51
1586667547.491430  55
1586667547.505625  54
1586667547.518276  56
1586667547.532213  54
1586667547.545356  53
1586667547.559776  54
1586667547.572659  55
1586667547.587083  54
1586667547.601752  55
1586667547.615202  55
1586667547.629988  54
1586667547.644690  54
1586667547.658844  53
1586667547.673338  54
1586667547.687468  54
1586667547.702693  55
1586667547.718014  56
1586667547.732715  54
1586667547.747779  55
1586667547.761500  54
1586667547.776626  55
1586667547.789256  56
1586667547.802384  57
1586667547.815712  57
1586667547.829291  55
1586667547.842877  54
1586667547.857508  55
1586667547.871492  56
1586667547.886619  54
1586667547.901756  57
1586667547.915113  56
1586667547.927867  56
1586667547.941076  55
1586667547.954546  56
1586667547.969391  55
1586667547.984241  55
1586667547.999117  56
1586667548.012395  57
1586667548.026023  57
1586667548.040405  55
1586667548.054832  56
1586667548.069091  56
1586667548.082835  57
1586667548.095827  55
1586667548.108280  56
1586667548.121129  57
1586667548.134067  57
1586667548.147316  57
1586667548.160898  56
1586667548.174119  55
1586667548.186943  55
1586667548.200270  58
1586667548.213707  57
1586667548.227229  57
1586667548.241290  57
1586667548.254452  56
1586667548.267466  55
1586667548.280517  57
1586667548.294710  57
1586667548.308060  57
1586667548.320889  58
1586667548.333718  57
1586667548.347125  57
1586667548.360276  56
1586667548.373500  56
1586667548.386395  56
1586667548.399705  59
1586667548.413828  59
1586667548.426877  57
1586667548.439959  56
1586667548.455117  57
1586667548.470306  58
1586667548.483666  57
1586667548.497726  57
1586667548.511245  59
1586667548.524975  59
1586667548.538253  57
1586667548.552325  58
1586667548.565648  57
1586667548.578751  58
1586667548.591698  57
1586667548.604732  57
1586667548.618081  58
1586667548.631076  59
1586667548.644501  58
1586667548.657612  58
1586667548.670657  58
1586667548.684148  59
1586667548.696703  60
1586667548.710831  60
1586667548.724418  60
1586667548.737597  60
1586667548.750201  60
1586667548.763694  59
1586667548.776806  58
1586667548.791871  59
1586667548.805031  60
1586667548.819630  59
1586667548.831820  59
1586667548.845169  59
1586667548.858137  59
1586667548.872742  58
1586667548.885686  58
1586667548.898884  58
1586667548.912160  60
1586667548.926509  59
1586667548.940072  59
1586667548.953083  58
1586667548.967763  58
1586667548.982589  58
1586667548.995905  59
1586667549.010449  60
1586667549.023798  60
1586667549.039035  61
1586667549.052616  59
1586667549.067466  60
1586667549.080808  60
1586667549.093444  60
1586667549.106220  60
1586667549.121752  60
1586667549.136546  61
1586667549.149459  60
1586667549.164299  60
1586667549.178629  60
1586667549.191730  60
1586667549.206828  60
1586667549.220840  60
1586667549.235674  61
1586667549.250397  60
1586667549.266053  59
1586667549.280148  59
1586667549.294490  60
1586667549.309584  62
1586667549.324706  61
1586667549.338092  61
1586667549.352770  60
1586667549.367293  61
1586667549.381985  60
1586667549.396066  60
1586667549.410664  62
1586667549.423443  61
1586667549.438391  62
1586667549.452095  61
1586667549.466413  61
1586667549.480850  60
1586667549.495044  60
1586667549.509677  61
1586667549.524479  62
1586667549.539180  63
1586667549.551616  60
1586667549.566718  60
1586667549.580044  61
1586667549.593900  61
1586667549.608651  61
1586667549.622150  61
1586667549.636513  63
1586667549.650151  63
1586667549.664803  62
1586667549.677964  61
1586667549.692440  61
1586667549.706310  63
1586667549.720982  63
1586667549.734709  63
1586667549.749542  62
1586667549.762833  62
1586667549.777056  62
1586667549.791848  61
1586667549.806785  61
1586667549.821958  62
1586667549.836896  62
1586667549.851427  62
1586667549.865157  63
1586667549.880381  62
1586667549.893710  61
1586667549.907901  61
1586667549.920698  63
1586667549.935373  63
1586667549.948110  62
1586667549.963093  61
1586667549.978079  63
1586667549.991995  62
1586667550.006626  63
1586667550.021081  62
1586667550.035746  63
1586667550.048901  63
1586667550.063112  62
1586667550.077643  62
1586667550.092465  62
1586667550.106682  63
1586667550.121006  62
1586667550.136259  62
1586667550.151406  63
1586667550.166174  64
1586667550.180723  62
1586667550.194148  63
1586667550.208641  62
1586667550.222982  64
1586667550.237788  63
1586667550.252548  63
1586667550.267205  63
1586667550.282497  62
1586667550.297222  61
1586667550.310883  64
1586667550.325678  65
1586667550.340433  65
1586667550.354992  65
1586667550.367695  64
1586667550.382431  63
1586667550.397056  65
1586667550.411721  63
1586667550.426098  65
1586667550.441358  64
1586667550.456069  64
1586667550.470514  64
1586667550.484289  63
1586667550.496752  63
1586667550.510647  63
1586667550.525595  65
1586667550.540206  65
1586667550.552789  65
1586667550.567357  64
1586667550.580229  64
1586667550.594385  63
1586667550.608535  63
1586667550.623085  64
1586667550.637814  64
1586667550.651343  65
1586667550.665023  66
1586667550.679720  64
1586667550.693144  65
1586667550.706938  66
1586667550.721695  66
1586667550.735946  66
1586667550.750668  66
1586667550.765227  67
1586667550.779930  65
1586667550.793398  66
1586667550.807502  64
1586667550.821985  66
1586667550.835882  67
1586667550.848690  65
1586667550.861909  65
1586667550.875860  64
1586667550.889390  64
1586667550.902714  65
1586667550.915878  63
1586667550.928525  66
1586667550.942070  66
1586667550.955479  65
1586667550.970274  65
1586667550.983293  64
1586667550.996355  66
1586667551.011006  65
1586667551.023953  66
1586667551.037052  66
1586667551.050628  66
1586667551.064916  66
1586667551.077939  67
1586667551.091042  65
1586667551.104345  66
1586667551.117582  65
1586667551.130661  66
1586667551.143341  66
1586667551.156761  66
1586667551.169873  67
1586667551.183159  66
1586667551.195924  66
1586667551.210282  65
1586667551.224660  65
1586667551.239736  67
1586667551.252844  66
1586667551.266900  67
1586667551.281538  66
1586667551.294456  66
1586667551.307656  65
1586667551.320584  65
1586667551.333519  65
1586667551.346923  67
1586667551.360132  67
1586667551.373659  68
1586667551.386845  68
1586667551.401842  67
1586667551.415251  67
1586667551.428559  67
1586667551.443510  68
1586667551.457679  68
1586667551.471784  67
1586667551.485526  67
1586667551.499203  65
1586667551.512444  67
1586667551.525800  66
1586667551.538842  66
1586667551.554623  68
1586667551.567626  67
1586667551.580959  67
1586667551.593760  66
1586667551.606680  66
1586667551.619686  67
1586667551.634561  68
1586667551.647765  67
1586667551.662449  68
1586667551.677581  67
1586667551.691848  68
1586667551.705864  67
1586667551.719436  67
1586667551.732934  69
1586667551.747281  69
1586667551.761489  68
1586667551.776311  69
1586667551.790954  68
1586667551.804797  68
1586667551.819472  68
1586667551.832819  68
1586667551.847469  68
1586667551.860338  68
1586667551.874138  68
1586667551.888212  69
1586667551.901370  68
1586667551.916264  67
1586667551.931662  69
1586667551.947010  69
1586667551.959787  69
1586667551.974339  69
1586667551.987589  68
1586667552.002053  68
1586667552.016738  68
1586667552.031608  68
1586667552.045912  69
1586667552.059178  69
1586667552.073539  69
1586667552.087771  70
1586667552.101391  68
1586667552.115507  68
1586667552.130333  69
1586667552.143414  69
1586667552.157341  68
1586667552.171865  68
1586667552.186339  69
1586667552.200619  66
1586667552.215597  67
1586667552.228249  67
1586667552.240834  68
1586667552.253252  68
1586667552.266420  69
1586667552.280884  69
1586667552.293324  69
1586667552.307388  67
1586667552.320158  68
1586667552.335556  69
1586667552.348533  69
1586667552.362990  68
1586667552.376111  69
1586667552.389649  68
1586667552.404689  67
1586667552.418685  67
1586667552.431468  66
1586667552.444366  66
1586667552.457282  68
1586667552.470815  67
1586667552.486013  65
1586667552.500565  59
1586667552.514138  55
1586667552.528678  49
1586667552.543054  45
1586667552.556221  38
1586667552.570962  34
1586667552.586100  32
1586667552.599343  31
1586667552.613520  32
1586667552.627971  31
1586667552.642509  31
1586667552.657314  33
1586667552.671688  32
1586667552.686012  32
1586667552.700347  32
1586667552.713212  32
1586667552.730090  31
1586667552.743089  31
1586667552.757400  32
1586667552.771817  33
1586667552.786948  33
1586667552.801220  33
1586667552.816073  33
1586667552.833010  32
1586667552.845910  32
1586667552.860306  33
1586667552.873900  34
1586667552.888337  34
1586667552.901844  33
1586667552.916569  33
1586667552.930126  34
1586667552.943205  33
1586667552.957849  33
1586667552.970664  34
1586667552.985259  34
1586667552.999715  35
1586667553.013754  34
1586667553.028907  33
1586667553.043472  35
1586667553.056904  34
1586667553.071187  34
1586667553.084325  34
1586667553.097462  35
1586667553.112344  35
1586667553.125729  33
1586667553.140593  35
1586667553.155137  35
1586667553.169975  35
1586667553.184813  36
1586667553.198137  35
1586667553.211679  35
1586667553.224998  35
1586667553.239327  34
1586667553.253981  36
1586667553.267286  36
1586667553.282262  35
1586667553.296739  35
1586667553.309941  35
1586667553.324418  34
1586667553.338792  36
1586667553.353229  36
1586667553.366731  35
1586667553.379878  37
1586667553.393204  36
1586667553.408029  37
1586667553.420425  36
1586667553.434905  35
1586667553.449626  37
1586667553.463597  36
1586667553.478270  35
1586667553.493368  37
1586667553.505774  37
1586667553.520019  37
1586667553.533885  35
1586667553.548375  36
1586667553.561774  37
1586667553.576943  37
1586667553.591665  37
1586667553.606360  37
1586667553.620867  38
1586667553.635768  37
1586667553.648910  37
1586667553.663528  37
1586667553.678138  37
1586667553.692194  38
1586667553.706821  37
1586667553.719954  37
1586667553.733609  36
1586667553.747792  38
1586667553.761687  37
1586667553.775759  38
1586667553.790530  38
1586667553.803755  39
1586667553.818092  38
1586667553.832984  37
1586667553.847780  39
1586667553.862204  37
1586667553.876953  38
1586667553.892027  39
1586667553.905321  38
1586667553.918041  38
1586667553.931332  38
1586667553.944286  38
1586667553.959819  39
1586667553.972562  38
1586667553.987399  38
1586667554.000505  39
1586667554.013668  38
1586667554.028196  39
1586667554.042909  38
1586667554.056318  40
1586667554.070525  39
1586667554.086167  40
1586667554.100927  40
1586667554.113655  40
1586667554.126890  39
1586667554.138988  39
1586667554.152123  39
1586667554.166061  40
1586667554.179877  39
1586667554.192777  40
1586667554.206129  39
1586667554.219184  40
1586667554.232104  39
1586667554.246979  40
1586667554.260929  40
1586667554.273892  40
1586667554.288618  41
1586667554.303064  41
1586667554.316769  40
1586667554.331185  40
1586667554.344549  40
1586667554.358386  40
1586667554.373533  41
1586667554.387239  41
1586667554.402077  40
1586667554.414845  41
1586667554.429334  40
1586667554.442746  39
1586667554.455733  41
1586667554.470343  42
1586667554.485015  41
1586667554.498985  42
1586667554.513776  42
1586667554.528726  42
1586667554.543098  41
1586667554.557611  42
1586667554.570398  41
1586667554.585728  42
1586667554.600404  41
1586667554.615023  42
1586667554.630066  42
1586667554.643101  42
1586667554.656394  43
1586667554.669691  42
1586667554.683825  41
1586667554.697033  41
1586667554.709795  42
1586667554.722787  41
1586667554.736007  43
1586667554.748691  43
1586667554.762951  42
1586667554.778022  42
1586667554.791047  42
1586667554.806221  43
1586667554.819270  43
1586667554.833885  42
1586667554.847698  42
1586667554.861989  42
1586667554.874740  43
1586667554.889245  42
1586667554.902825  42
1586667554.917346  43
1586667554.930249  42
1586667554.943453  43
1586667554.958436  44
1586667554.973366  44
1586667554.986945  44
1586667555.000031  42
1586667555.012644  44
1586667555.026387  43
1586667555.038985  42
1586667555.052856  44
1586667555.066826  44
1586667555.082169  43
1586667555.096595  43
1586667555.111705  44
1586667555.126269  43
1586667555.140674  44
1586667555.154721  44
1586667555.169128  44
1586667555.183627  45
1586667555.197617  45
1586667555.212094  45
1586667555.225836  44
1586667555.240370  45
1586667555.255056  45
1586667555.269718  44
1586667555.282959  44
1586667555.298042  44
1586667555.311234  44
1586667555.325816  45
1586667555.340334  45
1586667555.354608  44
1586667555.368803  46
1586667555.383319  45
1586667555.398184  45
1586667555.412876  44
1586667555.427487  45
1586667555.442332  46
1586667555.456862  46
1586667555.470782  46
1586667555.485131  45
1586667555.499908  45
1586667555.514476  45
1586667555.528402  46
1586667555.543061  46
1586667555.556041  45
1586667555.568583  46
1586667555.583484  46
1586667555.598224  46
1586667555.612720  45
1586667555.626509  46
1586667555.640709  46
1586667555.654258  46
1586667555.668920  46
1586667555.682949  44
1586667555.697444  46
1586667555.710881  46
1586667555.725229  46
1586667555.739757  47
1586667555.754041  46
1586667555.768643  46
1586667555.783024  47
1586667555.796058  46
1586667555.809749  46
1586667555.823599  46
1586667555.837423  47
1586667555.851914  48
1586667555.865737  48
1586667555.880275  46
1586667555.895098  47
1586667555.908802  48
1586667555.922658  47
1586667555.937769  47
1586667555.952409  47
1586667555.966054  49
1586667555.979805  46
1586667555.994091  47
1586667556.007407  48
1586667556.021972  46
1586667556.036580  47
1586667556.050313  48
1586667556.062872  47
1586667556.075053  49
1586667556.089785  48
1586667556.104440  47
1586667556.119190  47
1586667556.132693  49
1586667556.147256  48
1586667556.161973  47
1586667556.175885  49
1586667556.189808  48
1586667556.203836  48
1586667556.218708  49
1586667556.233704  48
1586667556.248443  48
1586667556.262857  48
1586667556.277531  50
1586667556.290953  49
1586667556.305599  49
1586667556.318297  48
1586667556.332793  49
1586667556.345769  49
1586667556.358597  49
1586667556.371065  50
1586667556.385434  48
1586667556.400244  48
1586667556.414502  49
1586667556.428229  49
1586667556.441563  48
1586667556.455297  49
1586667556.470349  49
1586667556.485040  49
1586667556.499532  50
1586667556.514065  50
1586667556.527757  49
1586667556.542397  49
1586667556.557107  49
1586667556.571416  51
1586667556.585769  49
1586667556.600420  49
1586667556.614941  49
1586667556.627766  50
1586667556.641831  49
1586667556.656498  49
1586667556.671208  51
1586667556.685489  49
1586667556.700246  50
1586667556.714404  50
1586667556.727398  50
1586667556.741963  50
1586667556.755572  50
1586667556.770266  52
1586667556.784851  50
1586667556.799416  50
1586667556.814282  50
1586667556.829038  50
1586667556.842831  50
1586667556.856815  50
1586667556.870262  51
1586667556.884247  53
1586667556.898933  51
1586667556.911778  52
1586667556.926332  51
1586667556.939881  51
1586667556.953047  51
1586667556.967764  51
1586667556.981773  52
1586667556.995101  50
1586667557.010060  50
1586667557.023789  50
1586667557.036365  51
1586667557.051262  51
1586667557.065431  51
1586667557.080209  53
1586667557.094665  51
1586667557.107782  52
1586667557.122378  52
1586667557.137407  51
1586667557.151853  51
1586667557.165885  51
1586667557.180238  53
1586667557.194365  52
1586667557.209363  52
1586667557.223504  51
1586667557.238116  52
1586667557.252928  52
1586667557.267042  52
1586667557.281733  53
1586667557.294551  52
1586667557.308002  53
1586667557.322566  52
1586667557.337179  52
1586667557.352148  52
1586667557.365947  53
1586667557.380816  53
1586667557.395558  53
1586667557.408919  53
1586667557.423223  53
1586667557.436050  52
1586667557.450440  53
1586667557.465111  52
1586667557.480061  55
1586667557.494611  54
1586667557.508184  52
1586667557.522355  52
1586667557.536857  53
1586667557.551738  53
1586667557.567278  52
1586667557.582210  53
1586667557.596676  54
1586667557.610887  53
1586667557.626119  54
1586667557.640998  53
1586667557.654809  53
1586667557.669322  53
1586667557.683651  54
1586667557.698118  54
1586667557.712609  53
1586667557.726776  54
1586667557.741458  54
1586667557.756078  54
1586667557.770569  54
1586667557.784751  54
1586667557.798965  54
1586667557.813613  54
1586667557.829229  53
1586667557.843697  53
1586667557.857921  54
1586667557.871915  55
1586667557.886304  56
1586667557.900553  56
1586667557.914681  54
1586667557.928855  55
1586667557.941261  55
1586667557.955208  54
1586667557.968400  55
1586667557.982263  55
1586667557.996853  55
1586667558.011085  54
1586667558.025813  55
1586667558.040575  56
1586667558.053347  55
1586667558.068190  54
1586667558.082862  55
1586667558.097437  57
1586667558.111596  55
1586667558.125703  54
1586667558.140305  54
1586667558.154835  55
1586667558.169443  56
1586667558.183855  57
1586667558.196097  56
1586667558.210228  58
1586667558.224682  55
1586667558.238376  55
1586667558.252754  56
1586667558.266691  56
1586667558.281811  56
1586667558.296487  56
1586667558.311601  56
1586667558.326006  56
1586667558.339905  56
1586667558.353928  56
1586667558.366420  57
1586667558.381613  56
1586667558.396440  56
1586667558.410771  57
1586667558.425187  56
1586667558.438855  57
1586667558.451361  56
1586667558.463809  56
1586667558.476736  56
1586667558.490713  58
1586667558.505413  58
1586667558.519485  57
1586667558.532304  56
1586667558.546564  56
1586667558.561317  56
1586667558.575417  57
1586667558.589702  58
1586667558.603925  58
1586667558.618643  57
1586667558.632752  56
1586667558.647482  58
1586667558.661313  58
1586667558.675939  57
1586667558.690346  58
1586667558.704437  58
1586667558.717899  59
1586667558.732148  57
1586667558.746162  56
1586667558.760807  57
1586667558.774880  58
1586667558.788806  58
1586667558.803184  58
1586667558.817566  58
1586667558.832656  58
1586667558.846979  57
1586667558.861777  57
1586667558.876484  57
1586667558.891149  58
1586667558.905866  58
1586667558.919223  58
1586667558.933511  58
1586667558.948004  60
1586667558.962185  58
1586667558.977019  57
1586667558.992218  59
1586667559.006950  60
1586667559.019686  59
1586667559.033644  58
1586667559.048415  59
1586667559.060730  58
1586667559.074948  58
1586667559.087904  59
1586667559.102633  60
1586667559.117540  60
1586667559.130421  58
1586667559.143461  59
1586667559.158073  58
1586667559.172376  59
1586667559.185210  59
1586667559.198619  59
1586667559.210922  59
1586667559.223489  59
1586667559.235799  59
1586667559.248600  58
1586667559.262438  58
1586667559.275247  59
1586667559.287957  60
1586667559.300577  60
1586667559.315720  60
1586667559.329900  60
1586667559.344324  61
1586667559.356498  60
1586667559.369164  59
1586667559.382413  60
1586667559.396491  61
1586667559.411063  59
1586667559.425486  61
1586667559.440294  60
1586667559.454790  58
1586667559.470262  59
1586667559.485497  60
1586667559.499689  61
1586667559.514559  61
1586667559.528235  60
1586667559.543794  59
1586667559.558435  59
1586667559.572565  60
1586667559.587169  60
1586667559.601222  62
1586667559.615915  61
1586667559.630965  61
1586667559.645365  59
1586667559.659258  61
1586667559.673373  60
1586667559.687298  61
1586667559.702124  61
1586667559.716678  61
1586667559.731235  61
1586667559.745965  59
1586667559.760874  59
1586667559.775842  61
1586667559.789990  61
1586667559.802378  61
1586667559.815559  60
1586667559.828459  62
1586667559.841401  62
1586667559.855265  60
1586667559.870075  61
1586667559.884534  61
1586667559.897305  62
1586667559.911798  63
1586667559.925313  62
1586667559.939460  62
1586667559.954053  62
1586667559.967631  61
1586667559.982180  61
1586667559.996684  62
1586667560.009507  63
1586667560.023990  61
1586667560.038480  61
1586667560.053201  61
1586667560.068050  62
1586667560.082563  62
1586667560.096965  61
1586667560.109192  63
1586667560.124037  63
1586667560.136995  63
1586667560.150691  61
1586667560.163828  61
1586667560.179198  61
1586667560.193251  62
1586667560.206882  62
1586667560.221523  62
1586667560.236222  64
1586667560.252094  61
1586667560.266599  61
1586667560.281387  63
1586667560.296008  62
1586667560.310918  63
1586667560.323435  63
1586667560.338137  63
1586667560.351961  62
1586667560.365697  62
1586667560.379781  63
1586667560.394225  63
1586667560.407748  63
1586667560.421720  63
1586667560.434128  62
1586667560.446299  63
1586667560.459366  63
1586667560.474621  61
1586667560.489151  62
1586667560.504089  63
1586667560.518664  64
1586667560.530959  63
1586667560.543580  62
1586667560.556363  62
1586667560.570530  64
1586667560.585063  63
1586667560.598162  63
1586667560.612282  65
1586667560.624944  64
1586667560.639680  64
1586667560.654613  63
1586667560.669191  63
1586667560.683170  63
1586667560.696984  63
1586667560.711670  64
1586667560.725761  64
1586667560.739642  65
1586667560.754058  63
1586667560.768538  64
1586667560.783507  63
1586667560.796283  63
1586667560.809612  64
1586667560.822916  65
1586667560.836006  64
1586667560.850324  65
1586667560.863620  64
1586667560.875969  63
1586667560.889336  64
1586667560.902942  64
1586667560.916916  65
1586667560.931121  66
1586667560.946197  65
1586667560.961368  64
1586667560.974920  66
1586667560.989913  64
1586667561.004146  65
1586667561.018524  66
1586667561.033127  66
1586667561.047739  64
1586667561.062180  66
1586667561.076476  64
1586667561.089970  64
1586667561.103495  64
1586667561.116025  66
1586667561.130911  65
1586667561.144738  65
1586667561.159393  66
1586667561.174184  65
1586667561.188722  65
1586667561.203198  64
1586667561.217571  66
1586667561.232227  65
1586667561.246084  65
1586667561.259470  67
1586667561.272695  66
1586667561.286466  66
1586667561.299828  65
1586667561.314084  67
1586667561.327811  66
1586667561.340592  67
1586667561.354516  67
1586667561.368028  65
1586667561.381728  65
1586667561.394670  66
1586667561.410027  65
1586667561.423375  67
1586667561.437610  66
1586667561.451288  66
1586667561.465074  66
1586667561.479819  67
1586667561.492927  66
1586667561.506433  65
1586667561.521283  67
1586667561.536115  66
1586667561.550592  66
1586667561.564848  66
1586667561.578779  65
1586667561.591687  64
1586667561.604080  66
1586667561.618826  68
1586667561.634005  68
1586667561.647756  68
1586667561.662435  67
1586667561.676725  66
1586667561.690286  66
1586667561.703116  67
1586667561.717860  67
1586667561.732485  67
1586667561.746098  67
1586667561.759597  67
1586667561.773774  68
1586667561.788615  66
1586667561.802827  67
1586667561.815747  68
1586667561.829237  67
1586667561.842657  68
1586667561.856338  68
1586667561.870581  67
1586667561.886449  67
1586667561.901002  67
1586667561.915067  68
1586667561.929699  68
1586667561.943403  68
1586667561.956092  69
1586667561.970719  68
1586667561.983870  68
1586667561.997690  68
1586667562.011230  68
1586667562.024068  69
1586667562.037328  68
1586667562.051044  68
1586667562.064133  68
1586667562.077339  67
1586667562.090940  68
1586667562.105259  67
1586667562.118939  69
1586667562.131899  68
1586667562.147226  68
1586667562.161860  69
1586667562.175469  68
1586667562.188906  67
1586667562.203916  68
1586667562.218199  69
1586667562.232147  69
1586667562.246091  69
1586667562.260590  68
1586667562.275298  69
1586667562.288694  68
1586667562.301621  68
1586667562.317163  70
1586667562.330091  69
1586667562.343136  70
1586667562.356397  69
1586667562.371023  69
1586667562.385440  67
1586667562.399978  68
1586667562.414094  68
1586667562.428180  69
1586667562.443453  68
1586667562.456624  69
1586667562.470165  70
1586667562.483867  67
1586667562.498612  69
1586667562.511735  69
1586667562.526671  69
1586667562.540237  70
1586667562.554676  69
1586667562.568475  69
1586667562.582982  68
1586667562.597338  68
1586667562.610822  68
1586667562.625410  68
1586667562.640041  68
1586667562.653128  69
1586667562.667486  70
1586667562.682176  68
1586667562.695854  68
1586667562.709134  68
1586667562.722173  70
1586667562.735787  69
1586667562.749619  70
1586667562.764202  68
1586667562.777996  69
1586667562.792270  68
1586667562.807716  67
1586667562.822341  68
1586667562.837631  67
1586667562.852441  67
1586667562.866122  67
1586667562.879797  67
1586667562.893434  66
1586667562.907801  59
1586667562.921550  54
1586667562.935046  52
1586667562.947732  45
1586667562.962329  39
1586667562.975090  34
1586667562.988675  31
1586667563.002552  28
1586667563.019685  24
1586667563.033077  18
1586667563.046905  13
1586667563.060160  11
1586667563.074799  12
1586667563.089429  12
1586667563.102704  11
1586667563.115663  12
1586667563.130061  14
1586667563.144821  14
1586667563.159798  13
1586667563.173608  13
1586667563.188584  14
1586667563.201789  13
1586667563.216095  13
1586667563.231045  15
1586667563.248674  15
1586667563.260812  14
1586667563.273457  14
1586667563.286877  14
1586667563.301811  14
1586667563.315871  14
1586667563.330520  15
1586667563.344139  15
1586667563.358204  16
1586667563.372841  16
1586667563.387597  15
1586667563.401523  15
1586667563.416502  15
