42.0
34.2
135
236
275
165
131
127
151
135
135
119
124
127
84.1
68.1
69.7
75.1
70.7
71.9
75.8
82.6
79.7
79.5
81.1
85.8
87.0
89.9
86.7
94.1
88.8
93.9
96.2
97.5
102
100
100
101
101
108
105
103
114
114
108
108
115
113
115
114
118
117
120
124
122
118
125
123
119
127
127
126
128
129
135
132
130
132
131
133
137
132
134
142
141
138
138
145
146
143
144
145
141
154
146
149
146
150
152
151
157
163
159
158
159
155
158
162
157
164
162
159
160
164
166
170
167
164
165
168
167
169
169
168
171
168
176
177
175
170
176
177
182
181
174
183
181
181
133
88.6
91.1
105
95.3
98.2
100
103
100
102
107
99.9
101
103
105
110
108
108
111
111
116
113
120
119
119
127
117
115
118
122
121
120
125
123
127
126
132
130
134
135
136
133
133
130
134
137
136
137
142
142
145
144
139
141
147
159
159
151
153
152
151
159
158
158
157
154
155
153
157
157
162
162
169
163
159
161
166
168
168
164
167
171
176
174
174
174
173
173
171
170
172
173
176
180
174
175
179
181
175
174
139
92.2
92.9
102
91.0
102
93.3
99.4
100
103
98.3
106
106
111
108
103
109
113
104
109
116
126
114
118
120
120
118
119
122
128
129
131
128
129
129
139
135
130
131
132
133
135
138
140
141
145
136
146
140
136
140
146
153
144
146
147
146
151
147
149
149
151
157
155
153
157
155
159
156
154
157
155
157
159
161
161
170
164
161
164
167
173
168
170
171
173
175
169
172
176
179
181
179
175
174
181
181
179
177
177
179
184
185
178
127
77.4
42.6
50.9
46.8
50.5
55.0
56.0
59.0
60.7
64.2
69.5
70.0
72.4
69.7
70.9
75.4
77.4
80.9
78.0
85.7
79.0
85.7
83.7
87.2
87.3
85.3
91.3
91.9
93.6
96.2
95.6
94.1
96.4
100
105
103
102
102
111
109
105
108
109
113
110
115
115
110
116
115
117
120
121
120
120
122
124
128
128
126
126
131
137
135
135
135
140
137
136
137
139
144
146
140
150
142
145
147
148
145
148
148
154
150
149
149
152
151
155
154
157
153
155
164
162
169
161
163
164
171
166
165
170
173
169
171
168
168
166
169
171
173
178
177
181
178
178
181
180
177
177
180
182
182
177
172
123
89.7
89.8
93.5
92.3
99.1
98.3
106
102
103
99.8
106
104
106
109
105
112
108
113
110
116
125
118
117
111
119
124
122
124
125
128
131
126
130
129
129
132
133
130
132
136
136
134
136
138
134
142
142
141
145
145
142
147
148
144
148
150
147
148
150
155
155
154
159
158
158
157
157
158
159
159
162
165
163
156
164
167
162
160
165
163
171
165
168
176
173
173
170
172
174
169
173
175
173
171
173
177
179
179
180
177
178
184
130
90.1
43.1
48.5
49.2
51.7
55.4
55.9
60.6
60.7
63.7
63.4
66.2
70.4
68.6
71.6
78.0
77.7
75.1
76.2
79.3
84.7
79.3
83.8
85.4
90.8
91.5
98.9
95.6
