6.74
15.9
11.3
11.9
11.4
16.7
16.7
12.0
12.9
13.2
12.5
11.6
11.6
11.8
12.2
13.4
12.7
12.7
12.4
12.1
12.8
12.7
13.0
13.1
13.3
15.1
11.5
15.6
12.2
16.2
17.7
10.8
16.4
14.7
13.3
14.1
14.5
15.3
16.1
11.3
16.9
10.9
16.3
16.1
11.7
15.7
15.3
15.1
15.6
15.8
14.8
15.5
15.8
15.6
16.1
11.8
12.5
13.7
15.8
11.4
13.0
14.0
15.9
14.9
15.1
15.4
15.1
14.6
14.6
14.3
15.0
15.5
15.4
14.9
15.2
15.9
16.1
11.0
11.5
11.2
11.4
11.7
11.3
11.5
11.5
11.7
12.6
13.3
13.6
13.3
13.8
14.5
14.8
13.7
14.5
14.0
14.9
16.6
15.6
16.8
406
523
651
746
825
926
999
1102
1202
1305
1412
1515
1619
1711
1815
1921
2017
2118
2221
2328
2424
2531
2634
2735
2838
2938
3041
3141
3242
3344
3447
3547
3580
3580
3587
3591
3587
3587
6486
7979
10043
10856
12074
11802
11426
11335
11244
11152
10424
8293
5022
2886
1872
1769
408
391
335
308
282
270
270
271
326
347
344
341
339
338
335
324
271
221
180
181
182
186
185
183
182
183
187
186
188
188
189
191
189
187
188
184
181
182
183
185
187
186
187
192
195
196
197
196
196
186
187
186
188
187
190
191
186
185
189
193
188
187
193
191
190
191
190
188
190
191
190
190
192
193
195
194
195
194
191
190
188
190
192
193
191
187
188
190
195
191
192
192
4746
9405
9401
9408
9378
9420
9412
9407
9304
9200
9099
8999
8895
8794
8690
8588
8485
8382
8279
8176
8073
7970
7868
7765
7662
7559
7456
7353
7250
7147
7044
6941
6838
6735
6633
6529
6427
6324
6220
6118
6015
5912
5810
5707
5604
5501
5401
5299
5196
5093
4990
4888
4784
4682
4580
4476
4373
4271
4167
4065
3961
3859
3755
3653
3550
3447
3343
3241
3138
3035
2931
2829
2726
2624
2521
2417
2314
2211
2108
2005
1902
1799
1697
1593
1492
1389
1286
1183
1080
978
875
771
672
573
473
373
272
173
102
108
106
99.1
98.8
104
103
100
102
102
104
99.1
99.2
100
98.6
101
100
95.8
98.1
96.5
97.7
102
100
99.8
104
98.4
100
100
101
100
100
97.3
99.1
101
100
98.1
101
96.5
100
102
99.0
99.1
96.7
98.7
103
100
101
101
103
102
97.8
95.2
91.3
95.2
97.6
96.3
97.3
96.3
97.4
94.5
97.4
98.2
101
99.3
94.5
95.3
92.9
97.1
92.4
93.2
91.7
93.5
94.4
93.5
89.5
97.6
93.4
95.5
92.8
93.4
94.4
95.5
93.6
91.8
95.8
95.7
96.2
96.8
96.6
93.1
91.9
94.5
90.0
98.8
102
102
100
102
103
