1586667303.471258  0
1586667303.490701  0
1586667303.503503  2
1586667303.516561  0
1586667303.530861  7
1586667303.545762  0
1586667303.561366  7
1586667303.579578  6
1586667303.595491  13
1586667303.611084  17
1586667303.624896  20
1586667303.639625  22
1586667303.653920  26
1586667303.668507  28
1586667303.681336  31
1586667303.696606  36
1586667303.711557  39
1586667303.726618  40
1586667303.740233  40
1586667303.753859  39
1586667303.767602  40
1586667303.781048  40
1586667303.795505  39
1586667303.809132  39
1586667303.822295  40
1586667303.836896  39
1586667303.851462  39
1586667303.866150  40
1586667303.880259  39
1586667303.895332  39
1586667303.913300  38
1586667303.930819  37
1586667303.945872  37
1586667303.959930  38
1586667303.974165  39
1586667303.989525  39
1586667304.003896  39
1586667304.018132  39
1586667304.032637  39
1586667304.046969  39
1586667304.061573  39
1586667304.075676  40
1586667304.090561  38
1586667304.104837  39
1586667304.117253  39
1586667304.131852  38
1586667304.145646  38
1586667304.158436  38
1586667304.171829  35
1586667304.185090  39
1586667304.198918  39
1586667304.214549  38
1586667304.229220  38
1586667304.244325  38
1586667304.258189  35
1586667304.272283  36
1586667304.284871  40
1586667304.298895  39
1586667304.312102  37
1586667304.326889  40
1586667304.341035  35
1586667304.355613  38
1586667304.370047  38
1586667304.384216  37
1586667304.398072  34
1586667304.411851  30
1586667304.426203  24
1586667304.438960  21
1586667304.451875  19
1586667304.465692  18
1586667304.479937  13
1586667304.492916  11
1586667304.507821  11
1586667304.521322  10
1586667304.534994  11
1586667304.550167  12
1586667304.564650  11
1586667304.578696  11
1586667304.593249  11
1586667304.607221  12
1586667304.620441  13
1586667304.635058  11
1586667304.649943  10
1586667304.664368  11
1586667304.678597  11
1586667304.693269  11
1586667304.706788  12
1586667304.721570  14
1586667304.736328  13
1586667304.751326  11
1586667304.765444  14
1586667304.779598  13
1586667304.794011  13
1586667304.808503  16
1586667304.823127  16
1586667304.837492  14
1586667304.850370  14
1586667304.864226  14
1586667304.878489  15
1586667304.893084  14
1586667304.906072  15
1586667304.918512  15
1586667304.933410  16
1586667304.947623  15
1586667304.962239  14
1586667304.976171  15
1586667304.991503  15
1586667305.005542  17
1586667305.019345  16
1586667305.033484  17
1586667305.048566  15
1586667305.062987  15
1586667305.077053  16
1586667305.090957  16
1586667305.106696  17
1586667305.119646  16
1586667305.132520  18
1586667305.144824  16
1586667305.158861  17
1586667305.171618  16
1586667305.186463  16
1586667305.200068  18
1586667305.215009  18
1586667305.229821  19
1586667305.243343  17
1586667305.256164  18
1586667305.270934  18
1586667305.286293  18
1586667305.300940  18
1586667305.314971  19
1586667305.328579  19
1586667305.341152  19
1586667305.356053  19
1586667305.370172  20
1586667305.385341  21
1586667305.399712  19
1586667305.413807  21
1586667305.427699  19
1586667305.441873  20
1586667305.456486  19
1586667305.471049  19
1586667305.485827  19
1586667305.499045  19
1586667305.513628  21
1586667305.526622  21
1586667305.540425  20
1586667305.554104  19
1586667305.568382  20
1586667305.581616  19
1586667305.595612  20
1586667305.609853  21
1586667305.625109  22
1586667305.638002  22
1586667305.651019  22
1586667305.665949  22
1586667305.680144  21
1586667305.694246  21
1586667305.709561  22
1586667305.722393  22
1586667305.736878  22
1586667305.751028  22
1586667305.763820  22
1586667305.778659  21
1586667305.792711  21
1586667305.807057  21
1586667305.822108  23
1586667305.836114  23
1586667305.848796  24
1586667305.863608  22
1586667305.877844  23
1586667305.893216  23
1586667305.908710  22
1586667305.923211  25
1586667305.937936  23
1586667305.951407  23
1586667305.963943  23
1586667305.978513  23
1586667305.992151  24
1586667306.006548  24
1586667306.021432  25
1586667306.037204  25
1586667306.050151  24
1586667306.064818  24
1586667306.079030  23
1586667306.092528  24
1586667306.104933  25
1586667306.118924  25
1586667306.133632  26
1586667306.148011  25
1586667306.162242  25
1586667306.176350  23
1586667306.188608  25
1586667306.203551  24
1586667306.217605  26
1586667306.230448  26
1586667306.243532  27
1586667306.262090  26
1586667306.275649  25
1586667306.289726  26
1586667306.303686  25
1586667306.321437  27
1586667306.335842  26
1586667306.349804  26
1586667306.362675  27
1586667306.376511  25
1586667306.390908  26
1586667306.406499  25
1586667306.421457  27
1586667306.436184  27
1586667306.450705  28
1586667306.465327  28
1586667306.479140  26
1586667306.494120  26
1586667306.508514  26
1586667306.520978  28
1586667306.534984  28
1586667306.547757  27
1586667306.560225  28
1586667306.574771  29
1586667306.588658  27
1586667306.603807  28
1586667306.618069  28
1586667306.632681  29
1586667306.647163  28
1586667306.661599  29
1586667306.676239  29
1586667306.690632  28
1586667306.703741  29
1586667306.718148  30
1586667306.730930  30
1586667306.745808  29
1586667306.760445  29
1586667306.774811  30
1586667306.789364  28
1586667306.802886  28
1586667306.815506  29
1586667306.829577  29
1586667306.842343  30
1586667306.856379  30
1586667306.870758  30
1586667306.885257  30
1586667306.898764  29
1586667306.912272  29
1586667306.925517  30
1586667306.939902  30
1586667306.953490  30
1586667306.967744  30
1586667306.981764  31
1586667306.996412  29
1586667307.011238  29
1586667307.025162  31
1586667307.038035  32
1586667307.051646  30
1586667307.066617  32
1586667307.081538  31
1586667307.096699  30
1586667307.111804  30
1586667307.124525  30
1586667307.138979  32
1586667307.153062  32
1586667307.166018  32
1586667307.180636  32
1586667307.193539  31
1586667307.205865  31
1586667307.223205  33
1586667307.235878  32
1586667307.248581  32
1586667307.261351  32
1586667307.274517  32
1586667307.287604  33
1586667307.301652  31
1586667307.315289  31
1586667307.328211  32
1586667307.341050  33
1586667307.354046  33
1586667307.367395  32
1586667307.380514  33
1586667307.393614  31
1586667307.406720  32
1586667307.420702  33
1586667307.433553  33
1586667307.446585  34
1586667307.461241  34
1586667307.474252  33
1586667307.487139  32
1586667307.499625  32
1586667307.514492  33
1586667307.531347  33
1586667307.544418  34
1586667307.557801  33
1586667307.570830  34
1586667307.584185  34
1586667307.596922  33
1586667307.614141  33
1586667307.628599  35
1586667307.641881  35
1586667307.655367  34
1586667307.668567  34
1586667307.681361  35
1586667307.694415  35
1586667307.707326  34
1586667307.720542  33
1586667307.733434  35
1586667307.747420  35
1586667307.760138  35
1586667307.773209  35
1586667307.786322  35
1586667307.798935  36
1586667307.812549  35
1586667307.825570  34
1586667307.838159  34
1586667307.852576  35
1586667307.867138  35
1586667307.879986  36
1586667307.893245  36
1586667307.905869  35
1586667307.918650  34
1586667307.931214  35
1586667307.944342  35
1586667307.959640  36
1586667307.974133  36
1586667307.987886  36
1586667308.002419  35
1586667308.015946  36
1586667308.028563  36
1586667308.044152  37
1586667308.058347  35
1586667308.072773  36
1586667308.085645  36
1586667308.098351  37
1586667308.112710  36
1586667308.125520  37
1586667308.140067  36
1586667308.153400  37
1586667308.166581  36
1586667308.179465  37
1586667308.192647  38
1586667308.205475  37
1586667308.218446  36
1586667308.233397  38
1586667308.246983  37
1586667308.262295  38
1586667308.276794  38
1586667308.289772  37
1586667308.302623  37
1586667308.315235  38
1586667308.328891  37
1586667308.342972  38
1586667308.357681  37
1586667308.372529  38
1586667308.387003  37
1586667308.401289  39
1586667308.414165  38
1586667308.426973  39
1586667308.441644  38
1586667308.455804  39
1586667308.470191  38
1586667308.484901  38
1586667308.499411  38
1586667308.513362  39
1586667308.527930  37
1586667308.542253  38
1586667308.556613  38
1586667308.571258  38
1586667308.586155  38
1586667308.598787  39
1586667308.612482  39
1586667308.627302  39
1586667308.641679  39
1586667308.656486  38
1586667308.671272  38
1586667308.685962  38
1586667308.701009  38
1586667308.714637  38
1586667308.729546  36
1586667308.743885  38
1586667308.757561  38
1586667308.771478  38
1586667308.785270  37
1586667308.799421  38
1586667308.814167  38
1586667308.828199  37
1586667308.841697  34
1586667308.854416  28
1586667308.868563  25
1586667308.881492  18
1586667308.897068  19
1586667308.911910  19
1586667308.925836  16
1586667308.938503  17
1586667308.951030  17
1586667308.965767  18
1586667308.980180  17
1586667308.994375  15
1586667309.009053  16
1586667309.023295  17
1586667309.036327  19
1586667309.050800  18
1586667309.065443  18
1586667309.079597  17
1586667309.092875  18
1586667309.106530  16
1586667309.121100  18
1586667309.134074  19
1586667309.147991  19
1586667309.160502  19
1586667309.174858  19
1586667309.189826  18
1586667309.204608  19
1586667309.219114  19
1586667309.233014  18
1586667309.247329  19
1586667309.261638  20
1586667309.274769  20
1586667309.289112  21
1586667309.302884  21
1586667309.317837  20
1586667309.330286  20
1586667309.345178  21
1586667309.360062  22
1586667309.374637  21
1586667309.389122  20
1586667309.403630  20
1586667309.417257  20
1586667309.432265  19
1586667309.447139  21
1586667309.461711  21
1586667309.476280  22
1586667309.491137  21
1586667309.505294  21
1586667309.518841  21
1586667309.533073  22
1586667309.548160  23
1586667309.561500  22
1586667309.575238  22
1586667309.589542  21
1586667309.604115  21
1586667309.618300  22
1586667309.633539  21
1586667309.648226  22
1586667309.662553  24
1586667309.676188  22
1586667309.690608  23
1586667309.704332  22
1586667309.718623  22
1586667309.733105  23
1586667309.748192  23
1586667309.762629  23
1586667309.777503  24
1586667309.791986  24
1586667309.806750  23
1586667309.821748  23
1586667309.836638  24
1586667309.850616  23
1586667309.865238  25
1586667309.879781  24
1586667309.894040  26
1586667309.907689  24
1586667309.920863  24
1586667309.934180  24
1586667309.950449  26
1586667309.963054  25
1586667309.976305  25
1586667309.991320  24
1586667310.005890  24
1586667310.020350  24
1586667310.032542  24
1586667310.045942  26
1586667310.061189  25
1586667310.075297  26
1586667310.088135  27
1586667310.103456  26
1586667310.117341  26
1586667310.131866  25
1586667310.146655  26
1586667310.160439  26
1586667310.174548  26
1586667310.189940  26
1586667310.203502  27
1586667310.216070  25
1586667310.230738  27
1586667310.243962  27
1586667310.258899  27
1586667310.272932  26
1586667310.285750  28
1586667310.299566  26
1586667310.312489  26
1586667310.327056  27
1586667310.340677  27
1586667310.355518  28
1586667310.370262  27
1586667310.383649  26
1586667310.396054  28
1586667310.411653  28
1586667310.425820  28
1586667310.439956  27
1586667310.453683  29
1586667310.466699  27
1586667310.480503  29
1586667310.494482  29
1586667310.508644  28
1586667310.521448  27
1586667310.534383  27
1586667310.549422  28
1586667310.562081  29
1586667310.576262  28
1586667310.591295  28
1586667310.606294  29
1586667310.620098  28
1586667310.632810  28
1586667310.647132  29
1586667310.661325  29
1586667310.676106  30
1586667310.690404  31
1586667310.703368  31
1586667310.718503  31
1586667310.732791  29
1586667310.747150  28
1586667310.761687  31
1586667310.775730  31
1586667310.789217  31
1586667310.802363  30
1586667310.816896  30
1586667310.830113  29
1586667310.845149  29
1586667310.858138  31
1586667310.874269  31
1586667310.888359  32
1586667310.902099  31
1586667310.916239  31
1586667310.931553  29
1586667310.945875  31
1586667310.960451  32
1586667310.975178  32
1586667310.987869  32
1586667311.001617  31
1586667311.015784  31
1586667311.030440  31
1586667311.049238  30
1586667311.062187  33
1586667311.075641  32
1586667311.090082  31
1586667311.105492  31
1586667311.120050  32
1586667311.135398  31
1586667311.149547  31
1586667311.162028  33
1586667311.175225  32
1586667311.187822  32
1586667311.202243  33
1586667311.215675  33
1586667311.229647  34
1586667311.242918  32
1586667311.259637  33
1586667311.273565  33
1586667311.287959  34
1586667311.301297  33
1586667311.314791  34
1586667311.328535  33
1586667311.342315  32
1586667311.359617  33
1586667311.372605  33
1586667311.387594  34
1586667311.400353  34
1586667311.415089  34
1586667311.428881  34
1586667311.443230  33
1586667311.455958  34
1586667311.470582  34
1586667311.483963  33
1586667311.498072  34
1586667311.511322  35
1586667311.524079  34
1586667311.537002  32
1586667311.549812  34
1586667311.562942  34
1586667311.575527  34
1586667311.588724  33
1586667311.602006  35
1586667311.614847  35
1586667311.630372  36
1586667311.644493  34
1586667311.657163  36
1586667311.670647  36
1586667311.683427  37
1586667311.696141  35
1586667311.710471  36
1586667311.724498  36
1586667311.737660  35
1586667311.750872  33
1586667311.765770  35
1586667311.780730  35
1586667311.795158  34
1586667311.809458  37
1586667311.824001  37
1586667311.837874  36
1586667311.852566  35
1586667311.867122  36
1586667311.882034  36
1586667311.896528  36
1586667311.911527  36
1586667311.925962  38
1586667311.940511  37
1586667311.955480  35
1586667311.971310  36
1586667311.986102  35
1586667312.000257  36
1586667312.014930  37
1586667312.028595  37
1586667312.042957  37
1586667312.057885  36
1586667312.072311  38
1586667312.086100  37
1586667312.099845  37
1586667312.114238  38
1586667312.128782  37
1586667312.143012  37
1586667312.157170  37
1586667312.171467  38
1586667312.185708  37
1586667312.199670  37
1586667312.214345  37
1586667312.229142  38
1586667312.244263  38
1586667312.259053  37
1586667312.273704  39
1586667312.288075  38
1586667312.302626  38
1586667312.317237  38
1586667312.330270  39
1586667312.342990  38
1586667312.355743  39
1586667312.368257  40
1586667312.382631  37
1586667312.398248  38
1586667312.414903  39
1586667312.429724  39
1586667312.444098  38
1586667312.459405  39
1586667312.474350  39
1586667312.490320  39
1586667312.503682  38
1586667312.517951  39
1586667312.532024  40
1586667312.547525  39
1586667312.561928  38
1586667312.576713  40
1586667312.591415  40
1586667312.605882  40
1586667312.620544  38
1586667312.633200  39
1586667312.646062  39
1586667312.660236  38
1586667312.673489  38
1586667312.688375  39
1586667312.703302  39
1586667312.717271  38
1586667312.731769  38
1586667312.745407  38
1586667312.759369  39
1586667312.774361  37
1586667312.787785  39
1586667312.802283  38
1586667312.814715  38
1586667312.828589  35
1586667312.843330  31
1586667312.857557  29
1586667312.874381  30
1586667312.886887  30
1586667312.901667  24
1586667312.916489  18
1586667312.931714  16
1586667312.947985  16
1586667312.962572  16
1586667312.977325  18
1586667312.991582  17
1586667313.003774  19
1586667313.019929  17
1586667313.032887  17
1586667313.046475  18
1586667313.061031  16
1586667313.075231  19
1586667313.089948  18
1586667313.103524  18
1586667313.116639  19
1586667313.129412  19
1586667313.142473  19
1586667313.155077  18
1586667313.167749  18
1586667313.180311  18
1586667313.193630  20
1586667313.206499  19
1586667313.219974  18
1586667313.232459  19
1586667313.244769  19
1586667313.258045  19
1586667313.271063  19
1586667313.284145  21
1586667313.297529  21
1586667313.310825  20
1586667313.323487  20
1586667313.336191  20
1586667313.350116  20
1586667313.363184  21
1586667313.376076  20
1586667313.388751  22
1586667313.403095  21
1586667313.416142  22
1586667313.430056  21
1586667313.442826  21
1586667313.456791  20
1586667313.469325  20
1586667313.483948  21
1586667313.499131  22
1586667313.513875  22
1586667313.529204  22
1586667313.542100  22
1586667313.555595  21
1586667313.569431  22
1586667313.583444  23
1586667313.598432  22
1586667313.614639  23
1586667313.629168  23
1586667313.643311  22
1586667313.656645  24
1586667313.671252  23
1586667313.684659  24
1586667313.698559  23
1586667313.713918  23
1586667313.728297  23
1586667313.742177  23
1586667313.755483  23
1586667313.769140  22
1586667313.782958  25
1586667313.796146  23
1586667313.810407  24
1586667313.823667  24
1586667313.837585  25
1586667313.851812  24
1586667313.864702  23
1586667313.879074  25
1586667313.893964  24
1586667313.908676  25
1586667313.923582  25
1586667313.937387  26
1586667313.950036  25
1586667313.964351  24
1586667313.978596  25
1586667313.993064  25
1586667314.008008  27
1586667314.022177  26
1586667314.036026  25
1586667314.050478  25
1586667314.064459  25
1586667314.077023  24
1586667314.089878  26
1586667314.103154  26
1586667314.116958  27
1586667314.130423  26
1586667314.143329  27
1586667314.156644  25
1586667314.169495  25
1586667314.182705  26
1586667314.195780  26
1586667314.208520  25
1586667314.221518  27
1586667314.235425  28
1586667314.250633  27
1586667314.264849  26
1586667314.279688  26
1586667314.294039  27
1586667314.306990  27
1586667314.320173  28
1586667314.334660  27
1586667314.349205  27
1586667314.364565  27
1586667314.379617  26
1586667314.393732  28
1586667314.408107  27
1586667314.422024  29
1586667314.436806  28
1586667314.450769  29
1586667314.464343  27
1586667314.478406  29
1586667314.493235  28
1586667314.508076  29
1586667314.522634  29
1586667314.536550  28
1586667314.551015  28
1586667314.564831  29
1586667314.578659  27
1586667314.593992  29
1586667314.608912  29
1586667314.623144  30
1586667314.635796  29
1586667314.649753  29
1586667314.663732  28
1586667314.677856  29
1586667314.691845  30
1586667314.705050  29
1586667314.718766  30
1586667314.732851  30
1586667314.747352  29
1586667314.762719  30
1586667314.778850  29
1586667314.792794  30
1586667314.807847  30
1586667314.822394  30
1586667314.837339  31
1586667314.851383  31
1586667314.865815  30
1586667314.880358  29
1586667314.894666  32
1586667314.909138  31
1586667314.923708  32
1586667314.938739  32
1586667314.953062  31
1586667314.967093  30
1586667314.984994  30
1586667314.997627  32
1586667315.012495  33
1586667315.027097  32
1586667315.041464  32
1586667315.056016  31
1586667315.070488  33
1586667315.084396  32
1586667315.098532  32
1586667315.112850  32
1586667315.127311  32
1586667315.141611  32
1586667315.155659  31
1586667315.170703  32
1586667315.185763  33
1586667315.198554  32
1586667315.210887  33
1586667315.223102  32
1586667315.235167  34
1586667315.250176  33
1586667315.264003  33
1586667315.277090  32
1586667315.293940  32
1586667315.307976  34
1586667315.322414  33
1586667315.336874  33
1586667315.350742  34
1586667315.364571  33
1586667315.378403  32
1586667315.392800  33
1586667315.406382  35
1586667315.419378  34
1586667315.433872  34
1586667315.449073  34
1586667315.463323  34
1586667315.477953  34
1586667315.492645  33
1586667315.507871  35
1586667315.522384  34
1586667315.537052  34
1586667315.551010  34
1586667315.564724  35
1586667315.578585  34
1586667315.593046  34
1586667315.607761  35
1586667315.621714  35
1586667315.634690  36
1586667315.648575  35
1586667315.662175  35
1586667315.675821  35
1586667315.689656  34
1586667315.703981  35
1586667315.719257  34
1586667315.734387  35
1586667315.747806  35
1586667315.760446  35
1586667315.774676  33
1586667315.789465  36
1586667315.802847  37
1586667315.817121  36
1586667315.831701  36
1586667315.846109  37
1586667315.859947  37
1586667315.874454  36
1586667315.888392  35
1586667315.902825  37
1586667315.916132  37
1586667315.929007  37
1586667315.942941  36
1586667315.957924  36
1586667315.972844  37
1586667315.987301  35
1586667316.000173  37
1586667316.012901  38
1586667316.027334  38
1586667316.041859  37
1586667316.056266  37
1586667316.071365  38
1586667316.085587  38
1586667316.098880  37
1586667316.113806  37
1586667316.128516  38
1586667316.142134  38
1586667316.155774  38
1586667316.170119  38
1586667316.184400  36
1586667316.199971  37
1586667316.214234  38
1586667316.228291  38
1586667316.242778  38
1586667316.258474  38
1586667316.273249  38
1586667316.287890  36
1586667316.302566  39
1586667316.315929  39
1586667316.330487  37
1586667316.345685  39
1586667316.359506  39
1586667316.373535  38
1586667316.386288  38
1586667316.399056  39
1586667316.413707  38
1586667316.426640  40
1586667316.441541  38
1586667316.456197  37
1586667316.470559  39
1586667316.484532  38
1586667316.499467  38
1586667316.512610  38
1586667316.527427  38
1586667316.542151  39
1586667316.554886  38
1586667316.567455  40
1586667316.582098  39
1586667316.595745  38
1586667316.609317  38
1586667316.622533  38
1586667316.637405  38
1586667316.651884  32
1586667316.665438  27
1586667316.680328  23
1586667316.694398  18
1586667316.708530  18
1586667316.722520  17
1586667316.736346  17
1586667316.751020  17
1586667316.765065  16
1586667316.781119  17
1586667316.794778  16
1586667316.807067  17
1586667316.821575  17
1586667316.835616  18
1586667316.848535  17
1586667316.863125  17
1586667316.877337  18
1586667316.891058  17
1586667316.903985  19
1586667316.918644  18
1586667316.931271  19
1586667316.945295  19
1586667316.960126  18
1586667316.973725  18
1586667316.987814  18
1586667317.000754  18
1586667317.013712  20
1586667317.026665  20
1586667317.040932  19
1586667317.055222  19
1586667317.067939  19
1586667317.081806  20
1586667317.095717  20
1586667317.109875  20
1586667317.123948  20
1586667317.137467  20
1586667317.152545  21
1586667317.165516  20
1586667317.179238  18
1586667317.194763  20
1586667317.209594  21
1586667317.223998  21
1586667317.238387  21
1586667317.252082  21
1586667317.266159  20
1586667317.280422  21
1586667317.294718  21
1586667317.308957  22
1586667317.323398  21
1586667317.337818  21
1586667317.352029  22
1586667317.366211  21
1586667317.380889  21
1586667317.394897  22
1586667317.409014  22
1586667317.422759  23
1586667317.435591  23
1586667317.448720  23
1586667317.463282  22
1586667317.478019  22
1586667317.490864  22
1586667317.505386  22
1586667317.518894  23
1586667317.532076  24
1586667317.546487  23
1586667317.560959  24
1586667317.575445  22
1586667317.589995  23
1586667317.602613  22
1586667317.617319  24
1586667317.631521  24
1586667317.646695  25
1586667317.661189  25
1586667317.675187  24
1586667317.689853  24
1586667317.704284  23
1586667317.717999  25
1586667317.732063  24
1586667317.746343  26
1586667317.759443  26
1586667317.774107  25
1586667317.788054  24
1586667317.802099  24
1586667317.816378  26
1586667317.829044  26
1586667317.841778  27
1586667317.855931  26
1586667317.871303  26
1586667317.885225  25
1586667317.898184  25
1586667317.910889  25
1586667317.923833  26
1586667317.936259  27
1586667317.950477  26
1586667317.964817  26
1586667317.979091  25
1586667317.992257  27
1586667318.005381  28
1586667318.018052  28
1586667318.033150  27
1586667318.046371  27
1586667318.060834  27
1586667318.075487  27
1586667318.089017  26
1586667318.103402  26
1586667318.116419  28
1586667318.128997  26
1586667318.143796  28
1586667318.158308  28
1586667318.172312  29
1586667318.186322  27
1586667318.200389  27
1586667318.214400  26
1586667318.227118  28
1586667318.240840  28
1586667318.254849  28
1586667318.268871  29
1586667318.282885  28
1586667318.296470  28
1586667318.310205  26
1586667318.325467  28
1586667318.340666  30
1586667318.355041  29
1586667318.368799  28
1586667318.383156  27
1586667318.395213  28
1586667318.409650  29
1586667318.424102  30
1586667318.438982  29
1586667318.453431  29
1586667318.467971  29
1586667318.481973  29
1586667318.496340  28
1586667318.511617  29
1586667318.526269  30
1586667318.541523  29
1586667318.556343  29
1586667318.571036  31
1586667318.585574  30
1586667318.599563  29
1586667318.615280  29
1586667318.627794  30
1586667318.641872  30
1586667318.655733  30
1586667318.669743  32
1586667318.683732  32
1586667318.697151  30
1586667318.711903  29
1586667318.726260  31
1586667318.740143  32
1586667318.754438  31
1586667318.767819  31
1586667318.782353  31
1586667318.797166  29
1586667318.812891  30
1586667318.828139  32
1586667318.842123  33
1586667318.856107  32
1586667318.870104  32
1586667318.884381  31
1586667318.898313  32
1586667318.912785  31
1586667318.926787  32
1586667318.939923  33
1586667318.952678  33
1586667318.967690  31
1586667318.982543  32
1586667318.996878  32
1586667319.011209  32
1586667319.025699  31
1586667319.040076  33
1586667319.054947  33
1586667319.069379  33
1586667319.083993  33
1586667319.098702  32
1586667319.112963  31
1586667319.129614  34
1586667319.144278  33
1586667319.157424  33
1586667319.171856  33
1586667319.186645  34
1586667319.201562  33
1586667319.214513  32
1586667319.231425  34
1586667319.246133  34
1586667319.260268  34
1586667319.275559  33
1586667319.290289  34
1586667319.304628  34
1586667319.318912  33
1586667319.333885  35
1586667319.348732  34
1586667319.363463  34
1586667319.377831  34
1586667319.391700  34
1586667319.405620  33
1586667319.421521  33
1586667319.435326  35
1586667319.450059  34
1586667319.464388  36
1586667319.479389  35
1586667319.493761  35
1586667319.509012  34
1586667319.523663  34
1586667319.538675  36
1586667319.553332  35
1586667319.567745  36
1586667319.582155  36
1586667319.596161  35
1586667319.609386  35
1586667319.623620  35
1586667319.636942  37
1586667319.651605  36
1586667319.665938  36
1586667319.680513  36
1586667319.694211  36
1586667319.708368  37
1586667319.722643  35
1586667319.737859  36
1586667319.752663  37
1586667319.766540  37
1586667319.778826  36
1586667319.791024  36
1586667319.805541  37
1586667319.819727  35
1586667319.834472  36
1586667319.848539  38
1586667319.862486  38
1586667319.877279  37
1586667319.891756  37
1586667319.906735  37
1586667319.921128  35
1586667319.934559  37
1586667319.947849  36
1586667319.962485  38
1586667319.976581  37
1586667319.991661  37
1586667320.006431  37
1586667320.020251  36
1586667320.034453  37
1586667320.047046  39
1586667320.061244  39
1586667320.075913  38
1586667320.090747  38
1586667320.105238  38
1586667320.118533  38
1586667320.131946  38
1586667320.146213  38
1586667320.161017  38
1586667320.176132  38
1586667320.190806  39
1586667320.205130  39
1586667320.218072  39
1586667320.232412  37
1586667320.245947  38
1586667320.260287  39
1586667320.275348  39
1586667320.290283  39
1586667320.305115  39
1586667320.320123  39
1586667320.335113  38
1586667320.349856  38
1586667320.364418  39
1586667320.379200  38
1586667320.393601  39
1586667320.407686  39
1586667320.423372  39
1586667320.438138  39
1586667320.452146  39
1586667320.465971  38
1586667320.480314  38
1586667320.494698  38
1586667320.507916  36
1586667320.522141  29
1586667320.536496  24
1586667320.549021  21
1586667320.563710  18
1586667320.577511  15
1586667320.591396  16
1586667320.605745  16
1586667320.620090  16
1586667320.634245  17
1586667320.649098  17
1586667320.663721  18
1586667320.678219  18
1586667320.692137  17
1586667320.707274  17
1586667320.722498  17
1586667320.737125  17
1586667320.751477  19
1586667320.765586  18
1586667320.778450  19
1586667320.792086  17
1586667320.806873  18
1586667320.821382  19
1586667320.836125  18
1586667320.850535  19
1586667320.864934  18
1586667320.879674  19
1586667320.893973  19
1586667320.908171  18
1586667320.922307  18
1586667320.936145  20
1586667320.949483  20
1586667320.963769  20
1586667320.978105  19
1586667320.992315  19
1586667321.006912  20
1586667321.020139  19
1586667321.033958  20
1586667321.047441  21
1586667321.061541  21
1586667321.076112  20
1586667321.090641  21
1586667321.105617  20
1586667321.120444  20
1586667321.134834  21
1586667321.148225  21
1586667321.161828  22
1586667321.176003  21
1586667321.188804  21
1586667321.202820  20
1586667321.217234  22
1586667321.232050  21
1586667321.246551  22
1586667321.261037  23
1586667321.275195  22
1586667321.289605  22
1586667321.302707  23
1586667321.317038  21
1586667321.331012  21
1586667321.345177  23
1586667321.358645  23
1586667321.373496  24
1586667321.388036  24
1586667321.401030  22
1586667321.415081  23
1586667321.428858  22
1586667321.443108  24
1586667321.457657  23
1586667321.471824  24
1586667321.486393  24
1586667321.501173  24
1586667321.515824  24
1586667321.530547  23
1586667321.544990  24
1586667321.558676  25
1586667321.572592  24
1586667321.587046  25
1586667321.600538  24
1586667321.614125  24
1586667321.628983  24
1586667321.643716  24
1586667321.657654  25
1586667321.671849  25
1586667321.686280  25
1586667321.700271  25
1586667321.715160  25
1586667321.729785  25
1586667321.744934  24
1586667321.758393  26
1586667321.772760  26
1586667321.787932  25
1586667321.801498  28
1586667321.815868  25
1586667321.829513  26
1586667321.842388  25
1586667321.856511  26
1586667321.871144  27
1586667321.885238  26
1586667321.899488  27
1586667321.913173  25
1586667321.927882  26
1586667321.941484  25
1586667321.956629  28
1586667321.971061  27
1586667321.985281  27
1586667321.999544  27
1586667322.013776  27
1586667322.028146  26
1586667322.042804  27
1586667322.057516  27
1586667322.071887  27
1586667322.085949  29
1586667322.099551  28
1586667322.114013  28
1586667322.127073  27
1586667322.140138  28
1586667322.153733  28
1586667322.167095  28
1586667322.180489  29
1586667322.193722  29
1586667322.208364  29
1586667322.223532  27
1586667322.237742  27
1586667322.252194  29
1586667322.266751  29
1586667322.281073  28
1586667322.295718  29
1586667322.308378  30
1586667322.323164  28
1586667322.337455  28
1586667322.352172  29
1586667322.366673  29
1586667322.380638  30
1586667322.394683  30
1586667322.407791  30
1586667322.422366  30
1586667322.434931  29
1586667322.449507  28
1586667322.464451  31
1586667322.478640  30
1586667322.492950  30
1586667322.507845  30
1586667322.522510  31
1586667322.537469  29
1586667322.552320  31
1586667322.567687  30
1586667322.582842  31
1586667322.597645  31
1586667322.612053  31
1586667322.626524  30
1586667322.640368  30
1586667322.654822  31
1586667322.667178  30
1586667322.681782  32
1586667322.696478  32
1586667322.709351  31
1586667322.723103  31
1586667322.737062  30
1586667322.751964  31
1586667322.766357  33
1586667322.779189  31
1586667322.791593  32
1586667322.805717  33
1586667322.819432  33
1586667322.833939  32
1586667322.847730  31
1586667322.861065  31
1586667322.873408  32
1586667322.887826  32
1586667322.901354  33
1586667322.915032  34
1586667322.929215  33
1586667322.943488  32
1586667322.958271  31
1586667322.971027  32
1586667322.985853  34
1586667322.999460  32
1586667323.014093  33
1586667323.028472  33
1586667323.043079  33
1586667323.057316  32
1586667323.069861  34
1586667323.084259  33
1586667323.098472  33
1586667323.112577  34
1586667323.126676  33
1586667323.141158  33
1586667323.155339  34
1586667323.168156  34
1586667323.182585  34
1586667323.196386  34
1586667323.208765  34
1586667323.221447  34
1586667323.233930  34
1586667323.246264  33
1586667323.259931  34
1586667323.272882  35
1586667323.287546  34
1586667323.300827  34
1586667323.316216  35
1586667323.329017  36
1586667323.341784  34
1586667323.357302  34
1586667323.370191  36
1586667323.384550  35
1586667323.399434  35
1586667323.412399  35
1586667323.426439  35
1586667323.440064  35
1586667323.453085  35
1586667323.467652  35
1586667323.482167  36
1586667323.495277  36
1586667323.509350  36
1586667323.523836  36
1586667323.538173  37
1586667323.552656  35
1586667323.566720  37
1586667323.580967  35
1586667323.595650  36
1586667323.608923  36
1586667323.622337  35
1586667323.634691  36
1586667323.647713  36
1586667323.662609  36
1586667323.677210  36
1586667323.691565  36
1586667323.705750  37
1586667323.719349  37
1586667323.733168  38
1586667323.747877  36
1586667323.762320  37
1586667323.776700  38
1586667323.789914  37
1586667323.804089  37
1586667323.818785  38
1586667323.833794  37
1586667323.848421  37
1586667323.862821  37
1586667323.877694  38
1586667323.892040  37
1586667323.906550  37
1586667323.920777  38
1586667323.935379  39
1586667323.948894  39
1586667323.963417  38
1586667323.977855  38
1586667323.991271  38
1586667324.006390  39
1586667324.020683  38
1586667324.035579  38
1586667324.050068  39
1586667324.064814  38
1586667324.079424  37
1586667324.094228  38
1586667324.108837  38
1586667324.123977  39
1586667324.138326  38
1586667324.151964  40
1586667324.166418  38
1586667324.179901  38
1586667324.195219  38
1586667324.209616  38
1586667324.223613  39
1586667324.238019  38
1586667324.251590  37
1586667324.263980  38
1586667324.279762  38
1586667324.294072  38
1586667324.307884  38
1586667324.320790  39
1586667324.335556  39
1586667324.348864  38
1586667324.363764  35
1586667324.378669  29
1586667324.392629  24
1586667324.406654  20
1586667324.418847  16
1586667324.433075  16
1586667324.447135  17
1586667324.461976  15
1586667324.476500  17
1586667324.490053  18
1586667324.502771  18
1586667324.517174  16
1586667324.530611  15
1586667324.544818  18
1586667324.558922  17
1586667324.572736  17
1586667324.586529  18
1586667324.599446  18
1586667324.612813  19
1586667324.626295  17
1586667324.641404  18
1586667324.654843  17
1586667324.669403  19
1586667324.682691  18
1586667324.697227  19
1586667324.710408  19
1586667324.724811  18
1586667324.739106  18
1586667324.752958  18
1586667324.767189  18
1586667324.781851  19
1586667324.796891  20
1586667324.811577  20
1586667324.826027  20
1586667324.839350  19
1586667324.853669  20
1586667324.868458  19
1586667324.882313  21
1586667324.895222  21
1586667324.909197  20
1586667324.923583  21
1586667324.936998  21
1586667324.951071  21
1586667324.963900  20
1586667324.978350  21
1586667324.992306  22
1586667325.006487  21
1586667325.020791  22
1586667325.035586  21
1586667325.049212  22
1586667325.062784  22
1586667325.077303  21
1586667325.091120  22
1586667325.104946  23
1586667325.119020  22
1586667325.133522  23
1586667325.148110  21
1586667325.161623  21
1586667325.175085  21
1586667325.187917  24
1586667325.200218  24
1586667325.212580  24
1586667325.225879  24
1586667325.240270  23
1586667325.254247  23
1586667325.268073  22
1586667325.282175  24
1586667325.295851  25
1586667325.309075  25
1586667325.322994  23
1586667325.337723  25
1586667325.351973  23
1586667325.366062  23
1586667325.379623  24
1586667325.394306  24
1586667325.408069  26
1586667325.422772  25
1586667325.438080  25
1586667325.452805  23
1586667325.466692  24
1586667325.480718  24
1586667325.494515  25
1586667325.508630  26
1586667325.523046  24
1586667325.537483  25
1586667325.551435  24
1586667325.565691  24
1586667325.579979  25
1586667325.593832  26
1586667325.608651  26
1586667325.622441  25
1586667325.636705  26
1586667325.650996  24
1586667325.665152  25
1586667325.679972  25
1586667325.694168  26
1586667325.708856  26
1586667325.721984  27
1586667325.736286  26
1586667325.751332  26
1586667325.765349  26
1586667325.778993  25
1586667325.791203  27
1586667325.806363  29
1586667325.820496  28
1586667325.834302  28
1586667325.847919  27
1586667325.862512  26
1586667325.877340  27
1586667325.890760  27
1586667325.905600  27
1586667325.920038  28
1586667325.934239  27
1586667325.949584  27
1586667325.963001  28
1586667325.975878  27
1586667325.988889  28
1586667326.003221  28
1586667326.017013  29
1586667326.032024  28
1586667326.045946  28
1586667326.060272  28
1586667326.072753  27
1586667326.085445  29
1586667326.097726  29
1586667326.111602  28
1586667326.125787  29
1586667326.139624  30
1586667326.153354  29
1586667326.168134  28
1586667326.183255  28
1586667326.197424  29
1586667326.209798  30
1586667326.223836  30
1586667326.237815  31
1586667326.251073  30
1586667326.263853  28
1586667326.276645  29
1586667326.291376  31
1586667326.306736  31
1586667326.320941  30
1586667326.335101  30
1586667326.349377  31
1586667326.364086  31
1586667326.378589  29
1586667326.393031  30
1586667326.408610  32
1586667326.423005  31
1586667326.437439  30
1586667326.452093  30
1586667326.465803  30
1586667326.479796  30
1586667326.495040  31
1586667326.509804  31
1586667326.524498  32
1586667326.537701  32
1586667326.552002  30
1586667326.566657  31
1586667326.580092  32
1586667326.593101  32
1586667326.608191  32
1586667326.621012  32
1586667326.633610  33
1586667326.646995  33
1586667326.660478  32
1586667326.675476  31
1586667326.687779  30
1586667326.700536  32
1586667326.715016  32
1586667326.727859  33
1586667326.740931  33
1586667326.754523  34
1586667326.767203  32
1586667326.779711  31
1586667326.796451  34
1586667326.811028  33
1586667326.825002  33
1586667326.839252  32
1586667326.853099  34
1586667326.867456  34
1586667326.884093  32
1586667326.899691  34
1586667326.915047  33
1586667326.929218  34
1586667326.941541  34
1586667326.954478  34
1586667326.969200  35
1586667326.983937  34
1586667326.998776  34
1586667327.011318  33
1586667327.026433  35
1586667327.039896  35
1586667327.053788  35
1586667327.068325  34
1586667327.083598  33
1586667327.098022  35
1586667327.110751  34
1586667327.125199  36
1586667327.139546  35
1586667327.154170  34
1586667327.169038  35
1586667327.182701  35
1586667327.198338  36
1586667327.213185  35
1586667327.226933  35
1586667327.241616  35
1586667327.256574  36
1586667327.269938  35
1586667327.284588  33
1586667327.298555  36
1586667327.312681  35
1586667327.327131  35
1586667327.340950  35
1586667327.354049  38
1586667327.368588  37
1586667327.381149  36
1586667327.395676  35
1586667327.409814  36
1586667327.424276  37
1586667327.438433  36
1586667327.452521  35
1586667327.466696  37
1586667327.479347  37
1586667327.493511  36
1586667327.508407  35
1586667327.522590  36
1586667327.535682  35
1586667327.548362  37
1586667327.560840  38
1586667327.574305  38
1586667327.587456  37
1586667327.600562  38
1586667327.613600  37
1586667327.626419  37
1586667327.640785  37
1586667327.653541  38
1586667327.666855  37
1586667327.679793  38
1586667327.694408  38
1586667327.709233  37
1586667327.727720  35
1586667327.741657  37
1586667327.754562  38
1586667327.767754  38
1586667327.782277  38
1586667327.796774  39
1586667327.810277  39
1586667327.823779  38
1586667327.836547  38
1586667327.848880  39
1586667327.862769  39
1586667327.875707  39
1586667327.890786  37
1586667327.904630  39
1586667327.919433  38
1586667327.933828  39
1586667327.949107  37
1586667327.962434  39
1586667327.976547  39
1586667327.990685  39
1586667328.003891  39
1586667328.018639  39
1586667328.033464  40
1586667328.046075  39
1586667328.060567  38
1586667328.074210  39
1586667328.088465  38
1586667328.102539  39
1586667328.116884  38
1586667328.130578  38
1586667328.144751  39
1586667328.158851  38
1586667328.173492  39
1586667328.186483  38
1586667328.201251  38
1586667328.215109  38
1586667328.230388  38
1586667328.244590  34
1586667328.259378  28
1586667328.273354  23
1586667328.286452  17
1586667328.300194  15
1586667328.312734  18
1586667328.325451  16
1586667328.338176  16
1586667328.352327  17
1586667328.365937  16
1586667328.379742  16
1586667328.394104  15
1586667328.409150  17
1586667328.421309  19
1586667328.435496  18
1586667328.449466  17
1586667328.462803  18
1586667328.477251  18
1586667328.490845  17
1586667328.503980  19
1586667328.518711  19
1586667328.533298  18
1586667328.547242  20
1586667328.560572  18
1586667328.573531  19
1586667328.587416  19
1586667328.600903  19
1586667328.614552  20
1586667328.629284  20
1586667328.643852  20
1586667328.659155  19
1586667328.673942  19
1586667328.688449  20
1586667328.701082  19
1586667328.715636  20
1586667328.728827  20
1586667328.742973  22
1586667328.755892  19
1586667328.768295  19
1586667328.780858  19
1586667328.795660  20
1586667328.808592  21
1586667328.821957  21
1586667328.835788  21
1586667328.848402  22
1586667328.862223  21
1586667328.876096  20
1586667328.889583  20
1586667328.902916  22
1586667328.916036  21
1586667328.929460  22
1586667328.942447  22
1586667328.955986  22
1586667328.968864  21
1586667328.983665  22
1586667328.997002  21
1586667329.010690  23
1586667329.024833  22
1586667329.039314  22
1586667329.054037  22
1586667329.068093  22
1586667329.082720  23
1586667329.096910  22
1586667329.112153  23
1586667329.126656  23
1586667329.140951  23
1586667329.154606  22
1586667329.168908  22
1586667329.183822  23
1586667329.198841  23
1586667329.213508  24
1586667329.228101  26
1586667329.242480  24
1586667329.256681  24
1586667329.270794  23
1586667329.285679  25
1586667329.300394  23
1586667329.315173  25
1586667329.327738  25
1586667329.341827  24
1586667329.356005  25
1586667329.370110  24
1586667329.384280  25
1586667329.398302  24
1586667329.412838  25
1586667329.427000  25
1586667329.442083  25
1586667329.456341  25
1586667329.470167  27
1586667329.484775  24
1586667329.499457  25
1586667329.512871  27
1586667329.527254  26
1586667329.540985  26
1586667329.553296  27
1586667329.568263  26
1586667329.582769  26
1586667329.595650  25
1586667329.610481  25
1586667329.624621  27
1586667329.637472  27
1586667329.652920  27
1586667329.668433  27
1586667329.681872  27
1586667329.695017  26
1586667329.708298  27
1586667329.721979  27
1586667329.735703  28
1586667329.749828  27
1586667329.762993  28
1586667329.776594  27
1586667329.789708  27
1586667329.803854  27
1586667329.817081  28
1586667329.830475  28
1586667329.844650  28
1586667329.859149  28
1586667329.873711  28
1586667329.888574  28
1586667329.903527  27
1586667329.917900  28
1586667329.932520  28
1586667329.947964  29
1586667329.962449  29
1586667329.977062  29
1586667329.991207  27
1586667330.003970  28
1586667330.017680  29
1586667330.031774  29
1586667330.044332  30
1586667330.058740  30
1586667330.072705  30
1586667330.086857  29
1586667330.101323  28
1586667330.116197  30
1586667330.130065  31
1586667330.143649  30
1586667330.158194  30
1586667330.172915  30
1586667330.186536  30
1586667330.201183  28
1586667330.218168  30
1586667330.232626  29
1586667330.246936  32
1586667330.261834  29
1586667330.276076  30
1586667330.290223  30
1586667330.304417  30
1586667330.317927  29
1586667330.333150  31
1586667330.348054  31
1586667330.363362  31
1586667330.378057  30
1586667330.392496  31
1586667330.410867  31
1586667330.423090  31
1586667330.435930  31
1586667330.450394  32
1586667330.464707  32
1586667330.478968  31
1586667330.493593  31
1586667330.507320  31
1586667330.521940  32
1586667330.536539  32
1586667330.550174  31
1586667330.564353  32
1586667330.576818  32
1586667330.589410  32
1586667330.603617  31
1586667330.620048  32
1586667330.633984  32
1586667330.648231  33
1586667330.662004  33
1586667330.675517  33
1586667330.690623  34
1586667330.704575  32
1586667330.718682  34
1586667330.731729  32
1586667330.746283  34
1586667330.758941  34
1586667330.773464  33
1586667330.787908  33
1586667330.802175  33
1586667330.815368  33
1586667330.828280  33
1586667330.842862  33
1586667330.856731  34
1586667330.869625  35
1586667330.884664  34
1586667330.899834  31
1586667330.914815  34
1586667330.927753  35
1586667330.940336  34
1586667330.954635  34
1586667330.969318  35
1586667330.982709  35
1586667330.996893  34
1586667331.010405  33
1586667331.024585  35
1586667331.039028  35
1586667331.052330  35
1586667331.065770  34
1586667331.079616  36
1586667331.094264  36
1586667331.108507  34
1586667331.121630  35
1586667331.134632  35
1586667331.148891  36
1586667331.161884  35
1586667331.174858  34
1586667331.187693  35
1586667331.200953  36
1586667331.215138  33
1586667331.229854  35
1586667331.243770  37
1586667331.258812  38
1586667331.271642  37
1586667331.284811  36
1586667331.297808  36
1586667331.310669  35
1586667331.323237  37
1586667331.335646  35
1586667331.347984  37
1586667331.362398  37
1586667331.377424  36
1586667331.390144  36
1586667331.405176  36
1586667331.419143  35
1586667331.434382  37
1586667331.447124  37
1586667331.461338  38
1586667331.476041  38
1586667331.490966  38
1586667331.503780  38
1586667331.518665  36
1586667331.532540  38
1586667331.545419  37
1586667331.559684  38
1586667331.573202  38
1586667331.586456  38
1586667331.602129  36
1586667331.617834  36
1586667331.631916  37
1586667331.646588  37
1586667331.661111  38
1586667331.674211  39
1586667331.687385  39
1586667331.701944  39
1586667331.716629  38
1586667331.729586  38
1586667331.742879  38
1586667331.757672  39
1586667331.770131  38
1586667331.782916  39
1586667331.795716  39
1586667331.809822  38
1586667331.824568  38
1586667331.837136  38
1586667331.852779  38
1586667331.867959  38
1586667331.882618  39
1586667331.897378  39
1586667331.911639  39
1586667331.925069  39
1586667331.938953  40
1586667331.952268  39
1586667331.966248  40
1586667331.980578  39
1586667331.993166  39
1586667332.005908  38
1586667332.020154  39
1586667332.034422  38
1586667332.048806  38
1586667332.061231  39
1586667332.075776  39
1586667332.090519  40
1586667332.102970  39
1586667332.116959  38
1586667332.131315  37
1586667332.146220  39
1586667332.160561  38
1586667332.173214  36
1586667332.187829  31
1586667332.199998  25
1586667332.214274  19
1586667332.228027  16
1586667332.241914  15
1586667332.254213  17
1586667332.267018  18
1586667332.279893  17
1586667332.293853  16
1586667332.307599  17
1586667332.321583  16
1586667332.336263  17
1586667332.350486  17
1586667332.363667  19
1586667332.376977  19
1586667332.391855  18
1586667332.406577  17
1586667332.420760  17
1586667332.435701  18
1586667332.449715  18
1586667332.464724  19
1586667332.479906  18
1586667332.494916  18
1586667332.509069  18
1586667332.523343  17
1586667332.537890  20
1586667332.551791  19
1586667332.565734  19
1586667332.580630  21
1586667332.594956  19
1586667332.607970  20
1586667332.622542  18
1586667332.636874  20
1586667332.651085  20
1586667332.664150  21
1586667332.678520  20
1586667332.691082  21
1586667332.705330  19
1586667332.719992  19
1586667332.734095  21
1586667332.747076  21
1586667332.761125  21
1586667332.775388  22
1586667332.787866  22
1586667332.801966  21
1586667332.815717  20
1586667332.829969  21
1586667332.843947  21
1586667332.857914  22
1586667332.871774  23
1586667332.884849  22
1586667332.898123  22
1586667332.911746  21
1586667332.925584  21
1586667332.937825  21
1586667332.952003  22
1586667332.965953  22
1586667332.979189  22
1586667332.992326  23
1586667333.005551  22
1586667333.019805  22
1586667333.033075  23
1586667333.045560  23
1586667333.058159  23
1586667333.072040  24
1586667333.086072  23
1586667333.100504  22
1586667333.114993  23
1586667333.127764  24
1586667333.142732  23
1586667333.157007  24
1586667333.170278  25
1586667333.182836  24
1586667333.195516  24
1586667333.208187  23
1586667333.221806  23
1586667333.235885  25
1586667333.249697  25
1586667333.263959  24
1586667333.278766  25
1586667333.292180  25
1586667333.306309  25
1586667333.319066  24
1586667333.333821  25
1586667333.347717  25
1586667333.360305  25
1586667333.374345  25
1586667333.387034  25
1586667333.400995  27
1586667333.415312  26
1586667333.428239  25
1586667333.441626  26
1586667333.454680  27
1586667333.467864  26
1586667333.481986  26
1586667333.496654  27
1586667333.510430  26
1586667333.523249  26
1586667333.538161  26
1586667333.552079  26
1586667333.566796  27
1586667333.580486  27
1586667333.595515  26
1586667333.610321  26
1586667333.624708  27
1586667333.638619  26
1586667333.652924  27
1586667333.667697  28
1586667333.681693  28
1586667333.694784  29
1586667333.709064  27
1586667333.723462  26
1586667333.737261  27
1586667333.751462  28
1586667333.767388  28
1586667333.782010  29
1586667333.795920  27
1586667333.810667  27
1586667333.823814  27
1586667333.838276  28
1586667333.852321  29
1586667333.865564  29
1586667333.880177  29
1586667333.893244  29
1586667333.907440  29
1586667333.921312  27
1586667333.936049  28
1586667333.951032  30
1586667333.965490  29
1586667333.979916  30
1586667333.994453  29
1586667334.009009  30
1586667334.022895  28
1586667334.037979  29
1586667334.052260  29
1586667334.065696  31
1586667334.080656  29
1586667334.095512  29
1586667334.109878  30
1586667334.124047  29
1586667334.139057  29
1586667334.154118  30
1586667334.168918  31
1586667334.183491  29
1586667334.198632  31
1586667334.212959  30
1586667334.226970  29
1586667334.241968  31
1586667334.254763  32
1586667334.269040  31
1586667334.282655  30
1586667334.296260  32
1586667334.309939  31
1586667334.323845  30
1586667334.338054  31
1586667334.352308  32
1586667334.366565  31
1586667334.381082  31
1586667334.395967  32
1586667334.411666  33
1586667334.424918  31
1586667334.441970  31
1586667334.454233  31
1586667334.467989  33
1586667334.482247  32
1586667334.496341  32
1586667334.510722  32
1586667334.525305  32
1586667334.539338  31
1586667334.555747  33
1586667334.569590  33
1586667334.583828  33
1586667334.598322  33
1586667334.612803  32
1586667334.627543  32
1586667334.642549  33
1586667334.655521  32
1586667334.668043  34
1586667334.682499  34
1586667334.697856  33
1586667334.711710  33
1586667334.726398  34
1586667334.739802  33
1586667334.756519  34
1586667334.771233  35
1586667334.783713  34
1586667334.796622  35
1586667334.809522  35
1586667334.823729  34
1586667334.838302  32
1586667334.852080  34
1586667334.865680  35
1586667334.881083  34
1586667334.895868  34
1586667334.910046  35
1586667334.923980  34
1586667334.938733  33
1586667334.953301  34
1586667334.966145  35
1586667334.980246  35
1586667334.993821  35
1586667335.007154  35
1586667335.021398  35
1586667335.035742  34
1586667335.049991  35
1586667335.064443  36
1586667335.079115  35
1586667335.092977  35
1586667335.108205  35
1586667335.123238  35
1586667335.137420  35
1586667335.151639  34
1586667335.166596  36
1586667335.180523  36
1586667335.194111  37
1586667335.208392  36
1586667335.222428  36
1586667335.236069  35
1586667335.249929  36
1586667335.264389  36
1586667335.278039  37
1586667335.292880  36
1586667335.307352  36
1586667335.322024  35
1586667335.335151  35
1586667335.350451  35
1586667335.364443  37
1586667335.378465  36
1586667335.391482  36
1586667335.404617  37
1586667335.418597  38
1586667335.432862  38
1586667335.445744  36
1586667335.459815  37
1586667335.474143  37
1586667335.488535  37
1586667335.502928  37
1586667335.517830  36
1586667335.533175  38
1586667335.547635  37
1586667335.562471  38
1586667335.576883  39
1586667335.591796  39
1586667335.606513  37
1586667335.620688  38
1586667335.635591  38
1586667335.649516  38
1586667335.663789  38
1586667335.677965  39
1586667335.692372  40
1586667335.705060  38
1586667335.718147  39
1586667335.732242  38
1586667335.745464  39
1586667335.759024  38
1586667335.773308  38
1586667335.785824  38
1586667335.799434  39
1586667335.813728  39
1586667335.827319  40
1586667335.841227  39
1586667335.856202  39
1586667335.868974  40
1586667335.882857  40
1586667335.895585  39
1586667335.908573  39
1586667335.920950  40
1586667335.934573  39
1586667335.949829  39
1586667335.965175  38
1586667335.979097  38
1586667335.991854  39
1586667336.004418  38
1586667336.019061  39
1586667336.031926  39
1586667336.044738  40
1586667336.058671  38
1586667336.071939  40
1586667336.084702  40
1586667336.097322  40
1586667336.111762  39
1586667336.125618  40
1586667336.138578  40
1586667336.152515  38
1586667336.168399  37
1586667336.183899  31
1586667336.198296  27
1586667336.212415  24
1586667336.225493  18
1586667336.239089  17
1586667336.253702  16
1586667336.267476  17
1586667336.279999  18
1586667336.294841  17
1586667336.309483  18
1586667336.323753  17
1586667336.337739  17
1586667336.350932  17
1586667336.364646  19
1586667336.378213  18
1586667336.392548  18
1586667336.405695  18
1586667336.419714  19
1586667336.433650  18
1586667336.446512  18
1586667336.460931  19
1586667336.474954  19
1586667336.489727  20
1586667336.503807  19
1586667336.518380  19
1586667336.531704  19
1586667336.546107  19
1586667336.559690  19
1586667336.573022  20
1586667336.586127  22
1586667336.599284  22
1586667336.612606  20
1586667336.626952  21
1586667336.640061  20
1586667336.654433  20
1586667336.667565  21
1586667336.680727  22
1586667336.694820  23
1586667336.708748  22
1586667336.721806  19
1586667336.734747  21
1586667336.749868  20
1586667336.763808  21
1586667336.777504  21
1586667336.790258  22
1586667336.803803  22
1586667336.818651  22
1586667336.832472  21
1586667336.846172  21
1586667336.859368  22
1586667336.873525  22
1586667336.887804  23
1586667336.902280  23
1586667336.917206  23
1586667336.932024  21
1586667336.947056  22
1586667336.959742  22
1586667336.974272  23
1586667336.988331  24
1586667337.002691  24
1586667337.015854  24
1586667337.030152  22
1586667337.044796  22
1586667337.059121  23
1586667337.073507  25
1586667337.086292  23
1586667337.100967  25
1586667337.115163  25
1586667337.127705  24
1586667337.140243  23
1586667337.152827  24
1586667337.166901  24
1586667337.181080  25
1586667337.194911  25
1586667337.209663  25
1586667337.222727  24
1586667337.235740  25
1586667337.249426  23
1586667337.262615  25
1586667337.277220  26
1586667337.290851  26
1586667337.304888  26
1586667337.317820  26
1586667337.332456  25
1586667337.347183  26
1586667337.361530  25
1586667337.375031  25
1586667337.389227  25
1586667337.403728  25
1586667337.418232  26
1586667337.430945  26
1586667337.445001  25
1586667337.459097  24
1586667337.474317  26
1586667337.489135  27
1586667337.503692  27
1586667337.516727  28
1586667337.529641  28
1586667337.543422  25
1586667337.556221  26
1586667337.570866  27
1586667337.585274  27
1586667337.598396  28
1586667337.613182  27
1586667337.627499  28
1586667337.640031  27
1586667337.654517  27
1586667337.667465  26
1586667337.680060  28
1586667337.693864  28
1586667337.707970  28
1586667337.722089  29
1586667337.735693  29
1586667337.748185  27
1586667337.762478  28
1586667337.775736  28
1586667337.789695  29
1586667337.804578  29
1586667337.817905  28
1586667337.830893  29
1586667337.845509  28
1586667337.859405  28
1586667337.872130  28
1586667337.885986  30
1586667337.900704  29
1586667337.913713  29
1586667337.926219  29
1586667337.940755  29
1586667337.953896  29
1586667337.967735  28
1586667337.980761  30
1586667337.993868  30
1586667338.007529  30
1586667338.021804  30
1586667338.035375  30
1586667338.050307  29
1586667338.066937  29
1586667338.083127  29
1586667338.098228  31
1586667338.112692  32
1586667338.126026  30
1586667338.140775  31
1586667338.153895  30
1586667338.169020  30
1586667338.183628  32
1586667338.198127  32
1586667338.210746  32
1586667338.224210  30
1586667338.239071  32
1586667338.251419  31
1586667338.267253  30
1586667338.279834  32
1586667338.293326  31
1586667338.308504  31
1586667338.322710  31
1586667338.336563  32
1586667338.350393  33
1586667338.364798  33
1586667338.377709  30
1586667338.390374  32
1586667338.403749  31
1586667338.416561  32
1586667338.430766  32
1586667338.443326  33
1586667338.457758  31
1586667338.473125  32
1586667338.485660  31
1586667338.499902  32
1586667338.514601  32
1586667338.528672  35
1586667338.543368  34
1586667338.558143  32
1586667338.570798  32
1586667338.586725  34
1586667338.600047  33
1586667338.613356  32
1586667338.627861  33
1586667338.641997  34
1586667338.655846  33
1586667338.668629  32
1586667338.685340  33
1586667338.698132  34
1586667338.710767  35
1586667338.724594  34
1586667338.739185  34
1586667338.754357  34
1586667338.771228  33
1586667338.786067  33
1586667338.800482  35
1586667338.815169  35
1586667338.827843  35
1586667338.841917  34
1586667338.856471  35
1586667338.869520  34
1586667338.883946  34
1586667338.896504  33
1586667338.909834  34
1586667338.922977  36
1586667338.937390  35
1586667338.951731  35
1586667338.966435  34
1586667338.981163  36
1586667338.995449  35
1586667339.008006  35
1586667339.021551  35
1586667339.036202  35
1586667339.050346  35
1586667339.064078  35
1586667339.078407  34
1586667339.092667  36
1586667339.106137  35
1586667339.119963  35
1586667339.134112  37
1586667339.148387  37
1586667339.161187  36
1586667339.175918  35
1586667339.191152  37
1586667339.205111  36
1586667339.219150  36
1586667339.233637  37
1586667339.247248  37
1586667339.261246  37
1586667339.275266  35
1586667339.289200  36
1586667339.303373  37
1586667339.316844  37
1586667339.331943  38
1586667339.346565  37
1586667339.360701  37
1586667339.374940  38
1586667339.388924  37
1586667339.403493  36
1586667339.418965  37
1586667339.434159  38
1586667339.447973  37
1586667339.462390  37
1586667339.475939  38
1586667339.489306  38
1586667339.502982  37
1586667339.516090  37
1586667339.530504  38
1586667339.544734  38
1586667339.557986  38
1586667339.572501  37
1586667339.587050  38
1586667339.601746  38
1586667339.616210  38
1586667339.630289  38
1586667339.644723  39
1586667339.659408  38
1586667339.673703  38
1586667339.687840  37
1586667339.702702  38
1586667339.717792  38
1586667339.732340  38
1586667339.746651  39
1586667339.760994  40
1586667339.775402  39
1586667339.789685  39
1586667339.804474  40
1586667339.818122  40
1586667339.832298  39
1586667339.847522  39
1586667339.861909  40
1586667339.874549  40
1586667339.887726  38
1586667339.902096  39
1586667339.916016  40
1586667339.930463  39
1586667339.943364  39
1586667339.956377  40
1586667339.970078  38
1586667339.984675  39
1586667340.000005  39
1586667340.013606  39
1586667340.027122  40
1586667340.041711  40
1586667340.057130  38
1586667340.071265  38
1586667340.085463  37
1586667340.100265  38
1586667340.114144  38
1586667340.128457  38
1586667340.142606  38
1586667340.156295  39
1586667340.170064  38
1586667340.182774  33
1586667340.196991  32
1586667340.209389  30
1586667340.221912  32
1586667340.236170  31
1586667340.249116  27
1586667340.262470  21
1586667340.276796  17
1586667340.290833  18
1586667340.303736  18
1586667340.317468  18
1586667340.332046  17
1586667340.346866  18
1586667340.360240  17
1586667340.373603  18
1586667340.387545  18
1586667340.400297  19
1586667340.413022  18
1586667340.426612  18
1586667340.442199  17
1586667340.457034  17
1586667340.470360  18
1586667340.485064  18
1586667340.499664  20
1586667340.513317  19
1586667340.526080  20
1586667340.540282  19
1586667340.553991  18
1586667340.568805  18
1586667340.583192  18
1586667340.597640  19
1586667340.612104  20
1586667340.626259  20
1586667340.639265  20
1586667340.654268  20
1586667340.668264  20
1586667340.682417  19
1586667340.696580  19
1586667340.710320  21
1586667340.723204  22
1586667340.737056  20
1586667340.751452  20
1586667340.764064  21
1586667340.778067  20
1586667340.791277  21
1586667340.804487  23
1586667340.818218  21
1586667340.833048  23
1586667340.846101  21
1586667340.859290  22
1586667340.872191  22
1586667340.886856  22
1586667340.900714  22
1586667340.915270  23
1586667340.927794  22
1586667340.942555  23
1586667340.955353  23
1586667340.969055  22
1586667340.983490  22
1586667340.997342  23
1586667341.010763  23
1586667341.024283  23
1586667341.038774  24
1586667341.053663  24
1586667341.066766  23
1586667341.079866  23
1586667341.092720  23
1586667341.106746  23
1586667341.120131  24
1586667341.133318  23
1586667341.148581  24
1586667341.163299  24
1586667341.177469  23
1586667341.191242  24
1586667341.205008  23
1586667341.218956  25
1586667341.234297  25
1586667341.247851  25
1586667341.262219  24
1586667341.277522  24
1586667341.292443  24
1586667341.306712  24
1586667341.322517  25
1586667341.335751  25
1586667341.348427  25
1586667341.361424  26
1586667341.376003  24
1586667341.389790  25
1586667341.404368  24
1586667341.418398  26
1586667341.432503  26
1586667341.446827  26
1586667341.460721  26
1586667341.473068  25
1586667341.487693  24
1586667341.502421  26
1586667341.516783  26
1586667341.529697  27
1586667341.543777  27
1586667341.557207  27
1586667341.570977  25
1586667341.585810  27
1586667341.600575  25
1586667341.614485  28
1586667341.629178  28
1586667341.644076  27
1586667341.658528  26
1586667341.673399  27
1586667341.685842  27
1586667341.698294  26
1586667341.713416  28
1586667341.727465  28
1586667341.742057  27
1586667341.755139  28
1586667341.768255  28
1586667341.782920  27
1586667341.797022  28
1586667341.812073  28
1586667341.825567  28
1586667341.839233  29
1586667341.851701  30
1586667341.866181  29
1586667341.880954  27
1586667341.895590  27
1586667341.909355  29
1586667341.923965  28
1586667341.938095  29
1586667341.950994  30
1586667341.963985  29
1586667341.977409  30
1586667341.991250  28
1586667342.006366  28
1586667342.020349  30
1586667342.034851  30
1586667342.048669  30
1586667342.061659  30
1586667342.075758  31
1586667342.090508  29
1586667342.104790  28
1586667342.117796  31
1586667342.130845  30
1586667342.145928  30
1586667342.159319  30
1586667342.171801  30
1586667342.187253  30
1586667342.202076  29
1586667342.215327  31
1586667342.230724  30
1586667342.244997  32
1586667342.258111  31
1586667342.270833  32
1586667342.284981  31
1586667342.297952  30
1586667342.311936  30
1586667342.326047  31
1586667342.339754  33
1586667342.354052  32
1586667342.368711  32
1586667342.382800  31
1586667342.396833  31
1586667342.410866  31
1586667342.423975  32
1586667342.437089  31
1586667342.451442  32
1586667342.465431  32
1586667342.477985  32
1586667342.491943  31
1586667342.509010  32
1586667342.522086  34
1586667342.536606  33
1586667342.549681  32
1586667342.563085  33
1586667342.577980  33
1586667342.593087  33
1586667342.607128  32
1586667342.619707  33
1586667342.633490  33
1586667342.647377  34
1586667342.660918  34
1586667342.675498  33
1586667342.689701  33
1586667342.703282  33
1586667342.716190  32
1586667342.730086  34
1586667342.742865  33
1586667342.757315  34
1586667342.771121  34
1586667342.785405  33
1586667342.798639  34
1586667342.813153  33
1586667342.825675  34
1586667342.838850  34
1586667342.853071  35
1586667342.867373  34
1586667342.880749  34
1586667342.895018  34
1586667342.910025  33
1586667342.922574  35
1586667342.937193  33
1586667342.952310  34
1586667342.965218  35
1586667342.979481  36
1586667342.993988  35
1586667343.006564  33
1586667343.022941  35
1586667343.036844  36
1586667343.050811  35
1586667343.065507  35
1586667343.080386  36
1586667343.093925  35
1586667343.107911  33
1586667343.122719  36
1586667343.136796  35
1586667343.150601  37
1586667343.164872  36
1586667343.178881  37
1586667343.191861  36
1586667343.204623  35
1586667343.219087  36
1586667343.231862  36
1586667343.245081  37
1586667343.257903  37
1586667343.273005  36
1586667343.287295  37
1586667343.300067  36
1586667343.314634  36
1586667343.327694  36
1586667343.340413  37
1586667343.352863  37
1586667343.367701  38
1586667343.381738  37
1586667343.396260  36
1586667343.408740  37
1586667343.423458  38
1586667343.436548  38
1586667343.449737  36
1586667343.462826  38
1586667343.476198  37
1586667343.489168  37
1586667343.503721  36
1586667343.516737  37
1586667343.529991  38
1586667343.542848  38
1586667343.557118  38
1586667343.569394  38
1586667343.584514  40
1586667343.598918  38
1586667343.612977  37
1586667343.626286  39
1586667343.639856  39
1586667343.652798  38
1586667343.665694  37
1586667343.680738  39
1586667343.694960  39
1586667343.707780  39
1586667343.720915  38
1586667343.735105  38
1586667343.748847  38
1586667343.762624  39
1586667343.776880  38
1586667343.790504  38
1586667343.803125  38
1586667343.815862  38
1586667343.830598  38
1586667343.844534  40
1586667343.858522  39
1586667343.872092  38
1586667343.884717  38
1586667343.898058  39
1586667343.911845  38
1586667343.925730  37
1586667343.941127  37
1586667343.955241  36
1586667343.969940  37
1586667343.984576  30
1586667343.998170  28
1586667344.011586  28
1586667344.024578  29
1586667344.037356  27
1586667344.051191  22
1586667344.065131  15
1586667344.079037  14
1586667344.092669  15
1586667344.107135  15
1586667344.120149  16
1586667344.133659  18
1586667344.146427  18
1586667344.160876  18
1586667344.174433  16
1586667344.189091  16
1586667344.203782  17
1586667344.217824  17
1586667344.231690  18
1586667344.246181  18
1586667344.259760  19
1586667344.273036  18
1586667344.286175  19
1586667344.300323  17
1586667344.315487  18
1586667344.329743  19
1586667344.344190  19
1586667344.359057  19
1586667344.373925  18
1586667344.388396  18
1586667344.403360  18
1586667344.417964  18
1586667344.431939  21
1586667344.446094  20
1586667344.460253  19
1586667344.475689  19
1586667344.490108  19
1586667344.504525  19
1586667344.519046  20
1586667344.534012  21
1586667344.548026  20
1586667344.562775  22
1586667344.577522  20
1586667344.592123  20
1586667344.606626  20
1586667344.620894  20
1586667344.635752  21
1586667344.650183  22
1586667344.664370  21
1586667344.678266  22
1586667344.691883  21
1586667344.705790  22
1586667344.720383  21
1586667344.734516  22
1586667344.749433  22
1586667344.763664  22
1586667344.777582  22
1586667344.792123  22
1586667344.806426  21
1586667344.821301  21
1586667344.836047  24
1586667344.850583  23
1586667344.865296  24
1586667344.880395  23
1586667344.894880  23
1586667344.907433  21
1586667344.919745  23
1586667344.934298  24
1586667344.946968  23
1586667344.959688  24
1586667344.972537  24
1586667344.986885  24
1586667345.000574  23
1586667345.014364  23
1586667345.029021  23
1586667345.042023  25
1586667345.056124  25
1586667345.069417  25
1586667345.081832  25
1586667345.096192  24
1586667345.110697  23
1586667345.125110  25
1586667345.139638  25
1586667345.153274  25
1586667345.168142  25
1586667345.181905  25
1586667345.195911  24
1586667345.209925  25
1586667345.223601  25
1586667345.238209  25
1586667345.252951  26
1586667345.265790  25
1586667345.280964  25
1586667345.295099  25
1586667345.309088  26
1586667345.323984  26
1586667345.338285  26
1586667345.353647  27
1586667345.368085  27
1586667345.380603  26
1586667345.396056  26
1586667345.410409  26
1586667345.424077  25
1586667345.438675  26
1586667345.454487  27
1586667345.467746  27
1586667345.481642  28
1586667345.496440  26
1586667345.511031  26
1586667345.525309  27
1586667345.539601  27
1586667345.553859  28
1586667345.568557  29
1586667345.583719  28
1586667345.597876  28
1586667345.612672  28
1586667345.627378  27
1586667345.641836  28
1586667345.656359  29
1586667345.668771  29
1586667345.682455  29
1586667345.696529  29
1586667345.711164  29
1586667345.725763  29
1586667345.738509  30
1586667345.752180  29
1586667345.765402  28
1586667345.778656  29
1586667345.791233  30
1586667345.804026  29
1586667345.818600  28
1586667345.833212  29
1586667345.847296  30
1586667345.862297  29
1586667345.876924  30
1586667345.891359  30
1586667345.905638  30
1586667345.919680  30
1586667345.934669  29
1586667345.947683  30
1586667345.962141  31
1586667345.977134  31
1586667345.990050  29
1586667346.003369  31
1586667346.018151  30
1586667346.030746  29
1586667346.045867  31
1586667346.058742  31
1586667346.072820  30
1586667346.086627  32
1586667346.101328  31
1586667346.116068  29
1586667346.130469  30
1586667346.144277  32
1586667346.159131  31
1586667346.173959  32
1586667346.187947  31
1586667346.202249  31
1586667346.214567  31
1586667346.228660  30
1586667346.242239  33
1586667346.256901  32
1586667346.271143  32
1586667346.285850  31
1586667346.300432  32
1586667346.314955  33
1586667346.329274  31
1586667346.342740  32
1586667346.356943  32
1586667346.370483  33
1586667346.385460  32
1586667346.399917  33
1586667346.412687  33
1586667346.425301  33
1586667346.439067  32
1586667346.451929  33
1586667346.464549  33
1586667346.479619  33
1586667346.494542  32
1586667346.507914  33
1586667346.522628  32
1586667346.538863  33
1586667346.552080  33
1586667346.564710  34
1586667346.579187  34
1586667346.593445  33
1586667346.606530  33
1586667346.621078  33
1586667346.634473  34
1586667346.650787  34
1586667346.663669  33
1586667346.676267  34
1586667346.690863  35
1586667346.703829  35
1586667346.718381  34
1586667346.733194  33
1586667346.746920  35
1586667346.761458  36
1586667346.773693  34
1586667346.788057  34
1586667346.802261  35
1586667346.816844  36
1586667346.829951  35
1586667346.842709  33
1586667346.855435  36
1586667346.869627  35
1586667346.882633  35
1586667346.896995  35
1586667346.910589  35
1586667346.924507  35
1586667346.939132  34
1586667346.955559  35
1586667346.969887  36
1586667346.982891  36
1586667346.997206  35
1586667347.011913  36
1586667347.025641  36
1586667347.040148  36
1586667347.053806  36
1586667347.067837  36
1586667347.081507  36
1586667347.095833  36
1586667347.109992  36
1586667347.124394  37
1586667347.138605  37
1586667347.151358  35
1586667347.164149  36
1586667347.178259  36
1586667347.191366  37
1586667347.204872  36
1586667347.219302  38
1586667347.232286  37
1586667347.244783  37
1586667347.258298  37
1586667347.272282  37
1586667347.284934  36
1586667347.297974  38
1586667347.312855  38
1586667347.325703  37
1586667347.338218  36
1586667347.351133  38
1586667347.365622  37
1586667347.378051  36
1586667347.391045  37
1586667347.404899  38
1586667347.419099  37
1586667347.431703  39
1586667347.445575  37
1586667347.459304  37
1586667347.474527  39
1586667347.489285  38
1586667347.504190  39
1586667347.518399  37
1586667347.532044  39
1586667347.546864  37
1586667347.561352  37
1586667347.575897  39
1586667347.589699  39
1586667347.604533  38
1586667347.618397  39
1586667347.632566  38
1586667347.647070  38
1586667347.661774  39
1586667347.676011  39
1586667347.690753  39
1586667347.705802  38
1586667347.720741  38
1586667347.735301  38
1586667347.749710  37
1586667347.764177  38
1586667347.778664  39
1586667347.793531  38
1586667347.808058  39
1586667347.822845  38
1586667347.838226  39
1586667347.853521  37
1586667347.867256  38
1586667347.881418  38
1586667347.896206  39
1586667347.910272  32
1586667347.924584  27
1586667347.939214  22
1586667347.952959  17
1586667347.966714  18
1586667347.980925  16
1586667347.994860  18
1586667348.008643  17
1586667348.022305  16
1586667348.036064  16
1586667348.049209  17
1586667348.062002  18
1586667348.076817  17
1586667348.090431  18
1586667348.104516  18
1586667348.119179  18
1586667348.132299  18
1586667348.146090  17
1586667348.160643  19
1586667348.173657  18
1586667348.188475  18
1586667348.202082  17
1586667348.215186  19
1586667348.229840  18
1586667348.244851  18
1586667348.259766  20
1586667348.273683  21
1586667348.288447  20
1586667348.301426  20
1586667348.315970  19
1586667348.330969  19
1586667348.345174  19
1586667348.359667  20
1586667348.373676  20
1586667348.387618  21
1586667348.401637  20
1586667348.415938  20
1586667348.428904  20
1586667348.443045  20
1586667348.456273  21
1586667348.470922  21
1586667348.485284  22
1586667348.499960  21
1586667348.514548  20
1586667348.528655  22
1586667348.542069  20
1586667348.555194  21
1586667348.569444  21
1586667348.583708  23
1586667348.598530  22
1586667348.613603  23
1586667348.628247  22
1586667348.643110  21
1586667348.657039  21
1586667348.671301  22
1586667348.685979  22
1586667348.699690  23
1586667348.712744  23
1586667348.726641  21
1586667348.740720  22
1586667348.754854  22
1586667348.768288  23
1586667348.781433  24
1586667348.794194  24
1586667348.807224  24
1586667348.821195  22
1586667348.833929  22
1586667348.847848  23
1586667348.861814  23
1586667348.876626  25
1586667348.890051  25
1586667348.902828  25
1586667348.916003  24
1586667348.930478  24
1586667348.944863  24
1586667348.959292  25
1586667348.972183  25
1586667348.986495  24
1586667349.001089  24
1586667349.015901  25
1586667349.030795  24
1586667349.044702  25
1586667349.058990  25
1586667349.072137  26
1586667349.087224  25
1586667349.101229  25
1586667349.115781  26
1586667349.130530  24
1586667349.144745  25
1586667349.157886  25
1586667349.171705  25
1586667349.185029  27
1586667349.199569  26
1586667349.214147  27
1586667349.228858  27
1586667349.242122  26
1586667349.255971  26
1586667349.269784  26
1586667349.284723  26
1586667349.298390  28
1586667349.311649  27
1586667349.326142  27
1586667349.340229  26
1586667349.354933  27
1586667349.369432  26
1586667349.383554  27
1586667349.397609  27
1586667349.412153  27
1586667349.426861  27
1586667349.440452  26
1586667349.454926  27
1586667349.469551  27
1586667349.483089  28
1586667349.497503  29
1586667349.511641  28
1586667349.526716  28
1586667349.540809  27
1586667349.555541  28
1586667349.570096  28
1586667349.583785  30
1586667349.598861  29
1586667349.613631  29
1586667349.627689  28
1586667349.641938  30
1586667349.656317  28
1586667349.671099  28
1586667349.685672  30
1586667349.699983  30
1586667349.714395  29
1586667349.728396  30
1586667349.742484  30
1586667349.756944  30
1586667349.772785  29
1586667349.784985  30
1586667349.800001  30
1586667349.813010  31
1586667349.827221  31
1586667349.842171  29
1586667349.857274  29
1586667349.872449  29
1586667349.887977  30
1586667349.901568  31
1586667349.915345  30
1586667349.929410  31
1586667349.942954  31
1586667349.957238  30
1586667349.972188  30
1586667349.986718  31
1586667350.000532  31
1586667350.015286  30
1586667350.029209  32
1586667350.042883  30
1586667350.058494  30
1586667350.072391  31
1586667350.086420  31
1586667350.100718  31
1586667350.114516  31
1586667350.128487  33
1586667350.143550  33
1586667350.158340  31
1586667350.171961  30
1586667350.186874  32
1586667350.201103  33
1586667350.215800  31
1586667350.229518  33
1586667350.243175  32
1586667350.257317  31
1586667350.272586  33
1586667350.285434  33
1586667350.300033  33
1586667350.314256  33
1586667350.329037  33
1586667350.343222  32
1586667350.357948  32
1586667350.373179  33
1586667350.385777  34
1586667350.400278  33
1586667350.414862  34
1586667350.429489  34
1586667350.444186  32
1586667350.459338  33
1586667350.475251  32
1586667350.487559  33
1586667350.501545  34
1586667350.515329  33
1586667350.529701  35
1586667350.543352  34
1586667350.558043  33
1586667350.573308  33
1586667350.586146  36
1586667350.601310  34
1586667350.615952  33
1586667350.631507  35
1586667350.644578  35
1586667350.658700  35
1586667350.672530  34
1586667350.688667  36
1586667350.703430  36
1586667350.717191  35
1586667350.731138  35
1586667350.745054  34
1586667350.758743  36
1586667350.771694  34
1586667350.785437  34
1586667350.799847  36
1586667350.813820  35
1586667350.827694  36
1586667350.841761  35
1586667350.854926  35
1586667350.867204  35
1586667350.881910  35
1586667350.895981  35
1586667350.909306  37
1586667350.923045  37
1586667350.937282  36
1586667350.951970  36
1586667350.966595  37
1586667350.979372  36
1586667350.992590  37
1586667351.006311  36
1586667351.020586  36
1586667351.033707  37
1586667351.047982  37
1586667351.060744  37
1586667351.075702  35
1586667351.089861  37
1586667351.103488  37
1586667351.115937  37
1586667351.130980  37
1586667351.145883  38
1586667351.160455  38
1586667351.173569  36
1586667351.187600  38
1586667351.201992  37
1586667351.215556  38
1586667351.230289  38
1586667351.244973  37
1586667351.259549  37
1586667351.273332  38
1586667351.286042  36
1586667351.299693  38
1586667351.312383  38
1586667351.327194  39
1586667351.341545  38
1586667351.354505  38
1586667351.368494  39
1586667351.381051  38
1586667351.394989  37
1586667351.409187  40
1586667351.423672  39
1586667351.436418  39
1586667351.451567  37
1586667351.466638  39
1586667351.480899  38
1586667351.494618  39
1586667351.508872  39
1586667351.522658  39
1586667351.536435  40
1586667351.549533  39
1586667351.563795  39
1586667351.577973  39
1586667351.591945  39
1586667351.606488  39
1586667351.620420  39
1586667351.633929  40
1586667351.648166  39
1586667351.662250  40
1586667351.677334  40
1586667351.691860  39
1586667351.707158  40
1586667351.721788  38
1586667351.735074  37
1586667351.747587  40
1586667351.761998  40
1586667351.775325  40
1586667351.789094  38
1586667351.802842  40
1586667351.816399  39
1586667351.828832  40
1586667351.843892  38
1586667351.858629  40
1586667351.871454  38
1586667351.886433  39
1586667351.900886  39
1586667351.914334  38
1586667351.928569  34
1586667351.942898  28
1586667351.957113  21
1586667351.971419  17
1586667351.985586  16
1586667352.000055  16
1586667352.013245  10
1586667352.026339  4
1586667352.038942  3
1586667352.052139  5
1586667352.067512  4
1586667352.082624  6
1586667352.097219  6
1586667352.111382  6
1586667352.124741  6
1586667352.138646  6
1586667352.153838  6
1586667352.168649  8
1586667352.181646  7
1586667352.196397  9
1586667352.210816  9
1586667352.225063  8
1586667352.239438  8
1586667352.253087  7
1586667352.267119  9
1586667352.284238  9
1586667352.298756  9
1586667352.312398  9
1586667352.326509  10
1586667352.340986  10
1586667352.354713  9
1586667352.369120  9
1586667352.382922  11
1586667352.395309  11
1586667352.409462  11
1586667352.422621  10
1586667352.437481  10
1586667352.451406  11
1586667352.464981  11
1586667352.480006  10
1586667352.493029  11
1586667352.507586  13
1586667352.520214  12
1586667352.534131  12
1586667352.548597  12
1586667352.560923  13
1586667352.575638  13
1586667352.588362  12
1586667352.602465  13
1586667352.616162  14
1586667352.630875  13
1586667352.645270  13
1586667352.657958  13
1586667352.672835  13
1586667352.686797  14
1586667352.701438  14
1586667352.714913  15
1586667352.728323  15
1586667352.742841  12
1586667352.757665  13
1586667352.772073  14
1586667352.785641  15
1586667352.800116  13
1586667352.814225  16
1586667352.828490  15
1586667352.842615  14
1586667352.857251  15
1586667352.871005  15
1586667352.885704  16
1586667352.900138  15
1586667352.914424  16
1586667352.928293  16
1586667352.943156  16
1586667352.956010  16
1586667352.969851  16
1586667352.983350  16
1586667352.997603  17
1586667353.012080  17
1586667353.028017  18
1586667353.041692  18
1586667353.056691  17
1586667353.071037  18
1586667353.083658  17
1586667353.097340  17
1586667353.109666  17
1586667353.122279  18
1586667353.134732  17
1586667353.146901  19
1586667353.161060  17
1586667353.174463  18
1586667353.187425  17
1586667353.202072  19
1586667353.215323  19
1586667353.228046  20
1586667353.242444  19
1586667353.256743  19
1586667353.271316  19
1586667353.285875  19
1586667353.298208  18
1586667353.313687  19
1586667353.326870  20
1586667353.339360  21
1586667353.353598  20
1586667353.367066  18
1586667353.382054  19
1586667353.396642  19
1586667353.411397  22
1586667353.426041  19
1586667353.441260  22
1586667353.455425  21
1586667353.468136  20
1586667353.481356  21
1586667353.494078  20
1586667353.507068  21
1586667353.521170  21
1586667353.535598  22
1586667353.549542  21
1586667353.564241  21
1586667353.578808  21
1586667353.593558  21
1586667353.607235  21
1586667353.620329  22
1586667353.635240  22
1586667353.649082  22
1586667353.663608  22
1586667353.678305  22
1586667353.691425  22
1586667353.705985  21
1586667353.721166  24
1586667353.734762  24
1586667353.747564  23
1586667353.762117  23
1586667353.776543  22
1586667353.790806  23
1586667353.805353  22
1586667353.818852  24
1586667353.831723  24
1586667353.844583  23
1586667353.858722  25
1586667353.871942  24
1586667353.885603  23
1586667353.899656  23
1586667353.912790  24
1586667353.926629  25
1586667353.941060  25
1586667353.953871  24
1586667353.967756  25
1586667353.980898  24
1586667353.995363  25
1586667354.008120  25
1586667354.021981  26
1586667354.034956  25
1586667354.048318  26
1586667354.062611  25
1586667354.076835  26
1586667354.090470  25
1586667354.104201  24
1586667354.119577  25
1586667354.134356  26
1586667354.149344  26
1586667354.163617  26
1586667354.178609  26
1586667354.192396  25
1586667354.206625  24
1586667354.221152  26
1586667354.234824  27
1586667354.249017  27
1586667354.263031  26
1586667354.276155  26
1586667354.289987  25
1586667354.303961  26
1586667354.317875  26
1586667354.330453  28
1586667354.344443  27
1586667354.358415  28
1586667354.371309  27
1586667354.385853  27
1586667354.399426  26
1586667354.413765  27
1586667354.428351  28
1586667354.442786  27
1586667354.458541  29
1586667354.473000  28
1586667354.487235  27
1586667354.499635  28
1586667354.514389  27
1586667354.529210  28
1586667354.542599  28
1586667354.555896  29
1586667354.570425  30
1586667354.584282  28
1586667354.599203  28
1586667354.615466  28
1586667354.627813  28
1586667354.642345  30
1586667354.656387  29
1586667354.671223  29
1586667354.685647  30
1586667354.699350  28
1586667354.713868  28
1586667354.728739  30
1586667354.742864  29
1586667354.757471  30
1586667354.771965  29
1586667354.787107  29
1586667354.801100  29
1586667354.816045  30
1586667354.829018  30
1586667354.843611  30
1586667354.858581  30
1586667354.872518  31
1586667354.886263  30
1586667354.900381  29
1586667354.914684  29
1586667354.928324  31
1586667354.942825  31
1586667354.956257  30
1586667354.970987  32
1586667354.985596  31
1586667355.000133  29
1586667355.015928  32
1586667355.028629  31
1586667355.042665  31
1586667355.056057  31
1586667355.069879  32
1586667355.083720  31
1586667355.098009  31
1586667355.113611  31
1586667355.128522  31
1586667355.142822  32
1586667355.157531  32
1586667355.171602  31
1586667355.186277  31
1586667355.199420  31
1586667355.215800  31
1586667355.229985  32
1586667355.243282  33
1586667355.258411  33
1586667355.272670  32
1586667355.286707  31
1586667355.301214  33
1586667355.314937  33
1586667355.330749  33
1586667355.344909  32
1586667355.359795  33
1586667355.374353  34
1586667355.387117  33
1586667355.400823  33
1586667355.416270  33
1586667355.430620  34
1586667355.445416  33
1586667355.459746  33
1586667355.473804  34
1586667355.488257  35
1586667355.501195  34
1586667355.514456  32
1586667355.529165  35
1586667355.543441  34
1586667355.556889  34
1586667355.569881  33
1586667355.582844  35
1586667355.597809  34
1586667355.611965  33
1586667355.625257  34
1586667355.639994  35
1586667355.654631  35
1586667355.667825  35
1586667355.680763  33
1586667355.693705  36
1586667355.706692  36
1586667355.719704  35
1586667355.734754  35
1586667355.749298  35
1586667355.764338  36
1586667355.777425  36
1586667355.791910  35
1586667355.805297  35
1586667355.819824  35
1586667355.833878  36
1586667355.849036  35
1586667355.863470  35
1586667355.877254  36
1586667355.891448  37
1586667355.904156  36
1586667355.918115  37
1586667355.934342  36
1586667355.947238  37
1586667355.959369  36
1586667355.973338  37
1586667355.986687  37
1586667355.999787  36
1586667356.012588  35
1586667356.025446  37
1586667356.040164  36
1586667356.054752  36
1586667356.069253  36
1586667356.083196  36
1586667356.098052  38
1586667356.111006  38
1586667356.125871  36
1586667356.141609  39
1586667356.156580  38
1586667356.170763  37
1586667356.183407  38
1586667356.197754  36
1586667356.212446  37
1586667356.224780  37
1586667356.238927  37
1586667356.251373  36
1586667356.263927  37
1586667356.279102  39
1586667356.293821  37
1586667356.307994  36
1586667356.320276  37
1586667356.333945  39
1586667356.348549  38
1586667356.362990  38
1586667356.377487  39
1586667356.390197  39
1586667356.404861  37
1586667356.420566  37
1586667356.435030  38
1586667356.450355  38
1586667356.462687  39
1586667356.477317  37
1586667356.492018  38
1586667356.506727  38
1586667356.521207  39
1586667356.536146  39
1586667356.549672  39
1586667356.563956  39
1586667356.576479  39
1586667356.590652  39
1586667356.605564  39
1586667356.619372  39
1586667356.633432  39
1586667356.646351  38
1586667356.661010  39
1586667356.675224  38
1586667356.689668  39
1586667356.703981  38
1586667356.718036  40
1586667356.732640  39
1586667356.745738  39
1586667356.759746  40
1586667356.773600  39
1586667356.787600  40
1586667356.802234  39
1586667356.814615  32
1586667356.827155  28
1586667356.839725  22
1586667356.852441  17
1586667356.865281  16
1586667356.878902  15
1586667356.893232  16
1586667356.905712  14
1586667356.919868  7
1586667356.932269  5
1586667356.946197  5
1586667356.962518  5
1586667356.976462  6
1586667356.990113  5
1586667357.004814  5
1586667357.019708  7
1586667357.034827  6
1586667357.048824  7
1586667357.062088  6
1586667357.076332  7
1586667357.089049  7
1586667357.103551  8
1586667357.116758  8
1586667357.130548  7
1586667357.144702  9
1586667357.158784  7
1586667357.171458  8
1586667357.186989  8
1586667357.202194  8
1586667357.217081  8
1586667357.230455  10
1586667357.243703  10
1586667357.257344  10
1586667357.271457  9
1586667357.286024  11
1586667357.300529  11
1586667357.314720  9
1586667357.328213  10
1586667357.342152  12
1586667357.356551  11
1586667357.370823  11
1586667357.385698  11
1586667357.398601  12
1586667357.413091  12
1586667357.427541  12
1586667357.439790  12
1586667357.454611  12
1586667357.469228  13
1586667357.483543  13
1586667357.495989  12
1586667357.510632  13
1586667357.524994  12
1586667357.539410  13
1586667357.553730  14
1586667357.567399  15
1586667357.580997  14
1586667357.595632  13
1586667357.610138  14
1586667357.622718  14
1586667357.636048  13
1586667357.650635  14
1586667357.665247  16
1586667357.677948  15
1586667357.692793  14
1586667357.707469  14
1586667357.719716  14
1586667357.734610  14
1586667357.748364  15
1586667357.762172  17
1586667357.775340  17
1586667357.788077  16
1586667357.802780  16
1586667357.815319  15
1586667357.829289  14
1586667357.843626  16
1586667357.856355  17
1586667357.868592  17
1586667357.880919  17
1586667357.894641  17
1586667357.909685  17
1586667357.922327  17
1586667357.937346  17
1586667357.952425  18
1586667357.966617  17
1586667357.980997  19
1586667357.993387  16
1586667358.006122  18
1586667358.020237  17
1586667358.034321  18
1586667358.048595  18
1586667358.062758  18
1586667358.077435  19
1586667358.090022  19
1586667358.104734  18
1586667358.119483  19
1586667358.133996  19
1586667358.146788  20
1586667358.161133  20
1586667358.174875  19
1586667358.188882  20
1586667358.202669  19
1586667358.215995  19
1586667358.231023  19
1586667358.246339  20
1586667358.261193  20
1586667358.274957  20
1586667358.289958  21
1586667358.304404  20
1586667358.319189  19
1586667358.334024  20
1586667358.348684  20
1586667358.362806  21
1586667358.376986  21
1586667358.390903  22
1586667358.405228  20
1586667358.417968  20
1586667358.430642  20
1586667358.448630  20
1586667358.461111  22
1586667358.476167  22
1586667358.489154  22
1586667358.503522  21
1586667358.517950  22
1586667358.532710  22
1586667358.547059  21
1586667358.559360  23
1586667358.573209  23
1586667358.586629  23
1586667358.599348  22
1586667358.612562  22
1586667358.625793  23
1586667358.638624  23
1586667358.652707  23
1586667358.666448  23
1586667358.681375  23
1586667358.695829  24
1586667358.708919  22
1586667358.721508  23
1586667358.735883  23
1586667358.750546  22
1586667358.764313  24
1586667358.776815  24
1586667358.790782  24
1586667358.803490  25
1586667358.816794  24
1586667358.830728  23
1586667358.843813  23
1586667358.856869  24
1586667358.869353  24
1586667358.882866  26
1586667358.896260  25
1586667358.909254  26
1586667358.922899  24
1586667358.937569  24
1586667358.951694  24
1586667358.965537  26
1586667358.979462  25
1586667358.994471  26
1586667359.007726  26
1586667359.022650  25
1586667359.037553  24
1586667359.052998  27
1586667359.067192  26
1586667359.081745  26
1586667359.095656  26
1586667359.109410  26
1586667359.123060  25
1586667359.136364  26
1586667359.149367  26
1586667359.163369  27
1586667359.177946  26
1586667359.192742  27
1586667359.205242  26
1586667359.217822  26
1586667359.231397  26
1586667359.243961  27
1586667359.257231  28
1586667359.271437  26
1586667359.286546  26
1586667359.299397  27
1586667359.313550  28
1586667359.328127  27
1586667359.342611  26
1586667359.356193  27
1586667359.369971  29
1586667359.384688  28
1586667359.398689  28
1586667359.412782  29
1586667359.425339  27
1586667359.439021  27
1586667359.452481  27
1586667359.467089  28
1586667359.481574  30
1586667359.493986  30
1586667359.507495  29
1586667359.522775  28
1586667359.537388  28
1586667359.551871  28
1586667359.566989  29
1586667359.581103  29
1586667359.594020  30
1586667359.608494  30
1586667359.622720  29
1586667359.637090  29
1586667359.650151  30
1586667359.663863  30
1586667359.677806  29
1586667359.692105  30
1586667359.706840  30
1586667359.721751  30
1586667359.737153  29
1586667359.751897  30
1586667359.766437  30
1586667359.781399  30
1586667359.796022  30
1586667359.810623  31
1586667359.823288  31
1586667359.838416  30
1586667359.853552  30
1586667359.867976  32
1586667359.883429  31
1586667359.898194  31
1586667359.912371  32
1586667359.926334  32
1586667359.940387  32
1586667359.957583  29
1586667359.972331  32
1586667359.986401  31
1586667360.002423  32
1586667360.015848  32
1586667360.030281  31
1586667360.044660  31
1586667360.061632  33
1586667360.075630  31
1586667360.089555  33
1586667360.104116  32
1586667360.120087  32
1586667360.133251  32
1586667360.147017  32
1586667360.162686  33
1586667360.176767  32
1586667360.189994  33
1586667360.204769  34
1586667360.219667  32
1586667360.235436  32
1586667360.248837  31
1586667360.265317  33
1586667360.280014  34
1586667360.294280  32
1586667360.308497  33
1586667360.323413  34
1586667360.337212  32
1586667360.354306  32
1586667360.368967  33
1586667360.383066  35
1586667360.397394  33
1586667360.412467  34
1586667360.426189  33
1586667360.439010  35
1586667360.455203  33
1586667360.469366  33
1586667360.483146  34
1586667360.497366  34
1586667360.511882  34
1586667360.525899  34
1586667360.539785  35
1586667360.553583  34
1586667360.570243  34
1586667360.583613  35
1586667360.598018  35
1586667360.612830  35
1586667360.626917  35
1586667360.640952  34
1586667360.657873  34
1586667360.671379  36
1586667360.685857  36
1586667360.700346  35
1586667360.714189  36
1586667360.728843  36
1586667360.742197  34
1586667360.757819  35
1586667360.771228  37
1586667360.785601  37
1586667360.798780  36
1586667360.813781  37
1586667360.827026  37
1586667360.840935  37
1586667360.854796  34
1586667360.869936  37
1586667360.884132  36
1586667360.899108  37
1586667360.912687  36
1586667360.927446  37
1586667360.940050  37
1586667360.953824  36
1586667360.968000  36
1586667360.982846  38
1586667360.996467  37
1586667361.011128  38
1586667361.024431  37
1586667361.038361  37
