40.5
39.1
131
156
100
79.6
61.8
39.7
45.9
49.4
44.9
54.5
59.1
57.5
58.5
56.6
60.8
61.7
67.6
71.3
70.8
70.8
73.0
74.1
74.6
77.7
82.9
78.5
81.7
88.5
86.0
85.5
90.2
91.1
94.6
87.5
96.7
94.9
98.5
98.3
104
97.1
102
103
106
111
110
110
111
104
61.6
56.6
60.8
61.1
59.9
68.1
68.2
62.4
70.4
77.0
72.2
73.7
81.9
78.5
78.7
77.9
86.0
84.4
89.7
87.6
85.9
93.7
88.5
93.2
93.4
97.9
94.9
96.4
101
105
104
100
108
104
118
113
109
116
109
91.7
60.5
55.8
56.9
59.8
58.7
68.1
65.5
70.3
68.3
76.2
76.3
78.9
77.3
85.9
78.9
81.9
84.4
82.8
90.1
89.3
92.7
100
92.0
92.0
98.4
99.0
98.5
100
98.8
107
104
110
106
107
106
110
111
83.8
54.0
57.0
59.0
60.2
63.5
65.7
67.2
74.1
73.2
75.6
79.2
76.7
77.2
81.9
83.6
81.9
79.2
87.1
90.8
85.8
88.5
86.4
93.8
93.2
96.8
102
96.2
104
103
101
102
105
101
107
110
111
108
96.3
54.3
62.0
59.7
61.4
65.3
63.1
68.2
68.2
73.6
70.4
76.5
76.2
75.8
77.0
76.9
76.7
84.8
84.4
86.4
84.0
91.8
89.5
92.6
93.7
93.6
92.6
93.7
96.3
103
101
104
100
105
109
115
106
109
106
55.0
56.9
60.0
61.5
60.2
63.3
68.3
67.0
68.7
73.2
75.9
74.7
78.8
77.3
87.8
79.7
83.3
87.1
80.3
95.7
88.9
88.3
92.3
93.1
94.3
99.3
98.7
98.6
101
102
104
102
105
106
110
104
111
107
80.8
53.6
54.5
63.0
67.3
64.1
67.7
67.4
67.9
68.8
77.6
75.7
79.5
77.0
78.9
80.0
82.7
83.6
84.3
91.1
87.9
89.8
89.6
92.6
95.0
96.1
98.7
98.5
103
102
100
101
106
104
106
107
107
110
110
79.1
52.1
62.3
58.1
65.4
65.1
68.1
66.0
71.9
70.0
72.3
75.9
78.5
78.6
78.4
80.4
84.1
86.3
87.9
88.6
90.8
87.2
91.3
93.9
91.3
95.0
98.6
99.7
98.8
101
100
101
105
105
113
105
107
108
111
108
68.2
59.1
57.1
62.4
67.1
64.7
65.5
73.4
74.1
79.2
72.6
83.4
76.9
79.4
81.6
81.3
81.6
83.6
92.0
89.4
90.6
94.7
93.3
97.6
93.3
93.2
102
100
102
101
102
105
109
106
111
105
109
113
108
101
54.3
53.6
57.5
62.2
65.0
60.8
76.7
73.1
70.3
74.7
79.4
77.3
75.1
76.2
82.6
81.0
83.9
84.1
81.5
89.6
88.9
95.2
90.1
98.0
94.4
96.1
93.3
97.1
101
96.7
102
100
105
106
107
108
109
85.7
57.4
57.6
58.9
60.9
62.4
63.7
62.5
69.6
76.4
72.3
72.2
74.0
77.3
82.4
74.5
84.3
81.9
87.5
89.4
88.4
88.2
89.1
96.9
95.7
96.1
95.2
100
103
94.4
101
107
105
106
109
111
104
108
108
81.3
55.6
59.4
57.2
64.9
63.6
66.8
70.4
69.1
70.8
71.4
75.6
76.0
77.1
80.8
78.5
83.4
88.2
90.8
88.2
87.4
87.9
87.8
90.9
91.5
93.7
90.7
97.5
100
101
101
104
100
105
102
108
106
111
108
108
77.0
35.7
30.2
39.2
40.2
40.8
43.5
47.7
47.7
50.4
53.9
58.2
61.7
62.1
61.1
63.1
68.5
69.4
68.7
69.6
74.8
76.0
76.2
79.1
77.7
84.8
89.8
88.3
90.3
87.5
89.2
91.8
92.7
96.3
94.2
98.6
97.4
102
104
98.0
105
107
107
103
109
110
109
108
99.8
56.7
27.7
33.3
33.6
38.3
40.6
46.7
48.3
52.1
50.2
54.9
58.4
64.8
60.6
62.7
64.1
66.4
67.1
71.3
69.7
77.4
81.0
77.4
78.9
80.3
81.4
84.7
86.3
89.7
85.9
97.3
90.0
90.4
93.3
93.9
95.3
96.7
97.5
98.7
98.1
102
101
105
104
108
106
107
89.2
53.8
27.6
31.3
36.4
43.4
41.0
47.2
47.2
50.3
52.9
57.9
56.4
59.3
58.4
64.9
66.4
72.0
70.4
