46.1
38.7
138
170
86.0
73.2
75.9
110
92.2
50.0
39.9
56.2
44.7
60.0
53.5
69.5
81.0
88.7
80.2
84.2
82.6
76.7
87.0
74.4
61.7
79.5
70.9
83.9
137
92.5
79.7
68.9
105
99.7
145
99.0
135
85.1
165
108
79.4
75.7
80.4
80.3
82.7
83.5
88.8
54.4
44.5
47.4
49.4
53.1
53.2
59.8
56.9
60.9
59.7
64.5
71.1
67.4
70.9
74.8
75.2
76.7
75.5
83.5
83.7
78.7
81.3
86.8
82.9
41.1
50.9
45.2
49.8
55.7
57.2
61.3
57.9
58.0
63.2
70.4
71.9
69.0
69.6
76.2
76.7
70.7
80.9
80.6
80.5
84.3
82.6
88.4
80.0
41.5
45.2
48.2
53.5
54.7
57.2
62.5
66.7
63.3
65.4
64.5
68.1
67.9
68.9
73.2
82.5
80.9
83.1
82.6
82.8
85.1
85.2
92.2
86.9
52.2
46.1
50.0
52.5
50.9
55.3
59.4
57.5
58.1
63.6
59.5
65.5
67.2
68.8
70.8
74.2
77.7
76.6
73.3
82.0
82.1
84.9
83.6
78.7
53.5
46.1
44.4
50.4
52.0
54.5
55.7
57.9
62.2
62.9
65.8
65.7
67.4
70.9
71.4
74.5
75.5
77.0
76.4
80.0
79.2
82.9
82.0
87.8
48.6
45.2
47.7
52.2
54.1
55.9
59.4
58.8
60.8
65.8
64.6
68.5
68.8
71.0
73.4
72.8
76.0
75.5
77.3
78.7
89.4
83.9
62.7
41.6
46.1
46.9
49.9
55.0
56.3
58.1
60.5
60.7
61.8
66.0
69.5
71.0
70.6
72.0
73.6
75.5
77.0
82.6
85.4
83.1
83.8
84.7
79.2
42.8
45.4
49.4
50.2
50.2
56.3
57.0
64.6
62.0
62.9
65.8
72.0
70.7
74.7
72.3
74.7
75.4
76.8
78.8
81.1
79.6
84.8
86.1
79.5
45.0
49.5
50.3
49.9
51.8
58.6
56.9
58.1
65.3
63.0
66.9
69.7
67.0
74.4
71.2
74.4
75.5
77.9
80.8
83.6
82.0
77.9
83.4
42.4
49.1
49.3
50.0
57.4
54.8
57.7
61.0
60.0
62.4
67.0
67.4
69.6
70.4
77.0
79.9
80.9
77.8
79.7
82.3
83.2
89.4
85.7
88.4
40.7
23.4
29.0
32.1
34.8
39.7
40.6
44.0
54.8
49.5
50.3
56.0
62.9
60.2
63.9
65.0
73.0
63.6
70.2
73.2
72.1
77.9
78.7
80.3
77.9
81.1
79.9
46.5
46.2
48.7
51.3
50.2
53.3
55.6
59.1
59.8
64.2
65.6
62.3
68.4
71.6
71.8
75.6
79.9
78.6
79.4
80.3
81.7
79.3
84.0
88.8
84.0
46.9
46.2
49.0
53.5
55.3
59.1
59.0
62.4
62.9
62.7
72.3
70.2
71.7
67.4
74.1
74.1
76.6
83.9
79.5
80.7
86.1
85.1
83.9
82.9
36.6
30.1
27.5
34.3
41.6
39.0
43.9
45.8
53.8
47.3
57.6
53.2
57.1
58.4
64.3
60.7
64.2
67.1
65.5
68.3
75.5
78.2
77.6
79.3
78.6
84.1
86.6
81.5
84.3
51.8
40.2
46.4
49.6
50.6
53.3
55.5
58.9
61.6
67.0
61.4
65.7
64.9
70.6
73.1
72.3
77.3
80.3
76.0
79.6
79.3
87.6
84.5
86.4
57.5
45.8
52.7
52.5
54.8
58.8
62.6
57.5
64.2
64.9
64.6
69.9
70.3
75.3
75.4
72.4
75.7
77.0
77.1
82.3
83.3
83.5
84.7
49.9
40.5
44.2
49.5
52.2
50.6
58.7
58.3
62.1
64.5
64.1
65.4
72.2
70.7
71.4
78.1
77.2
77.0
78.1
81.1
80.6
83.7
84.8
88.1
88.5
47.7
47.7
49.5
54.6
55.7
57.8
57.4
57.2
62.1
68.4
69.0
67.9
72.2
72.7
70.8
74.1
77.5
78.0
80.5
80.1
86.9
84.0
88.6
85.7
82.7
44.3
26.3
26.2
36.4
40.6
40.5
40.1
41.8
53.4
47.8
54.4
54.0
57.8
62.4
59.4
65.0
59.9
64.3
68.9
73.2
72.0
74.5
73.6
78.2
85.7
81.0
82.4
84.4
86.2
55.6
43.1
47.6
48.6
48.5
60.5
57.8
62.9
63.4
61.8
62.8
66.1
70.8
69.7
71.6
69.3
71.4
78.0
79.6
79.6
80.7
83.7
85.8
50.0
46.5
50.1
50.6
58.7
52.7
54.4
58.9
61.9
63.9
64.3
62.8
70.5
67.9
69.7
74.1
78.9
77.4
79.8
79.7
86.1
81.6
86.5
89.0
83.1
44.4
46.3
50.4
52.7
53.1
54.7
58.0
64.1
63.1
61.4
66.0
67.1
69.5
71.9
74.6
75.3
80.0
79.1
78.9
80.9
87.1
87.6
87.5
84.9
52.5
44.0
47.7
49.2
53.1
