1586667237.525677, 0
1586667237.541545, 1
1586667237.557261, 0
1586667237.574376, 0
1586667237.587427, 7
1586667237.606892, 2
1586667237.624927, 5
1586667237.661993, 8
1586667237.677190, 13
1586667237.692614, 17
1586667237.707446, 21
1586667237.720391, 21
1586667237.732862, 25
1586667237.746904, 27
1586667237.762570, 29
1586667237.775252, 30
1586667237.788869, 30
1586667237.807172, 30
1586667237.819419, 29
1586667237.835837, 30
1586667237.855875, 30
1586667237.871381, 30
1586667237.885735, 30
1586667237.902331, 29
1586667237.916077, 30
1586667237.936082, 30
1586667237.956121, 30
1586667237.971549, 27
1586667237.991469, 27
1586667238.007403, 28
1586667238.022519, 26
1586667238.037281, 28
1586667238.052623, 28
1586667238.068960, 28
1586667238.082234, 30
1586667238.097084, 30
1586667238.112689, 30
1586667238.127461, 30
1586667238.142832, 29
1586667238.156040, 27
1586667238.171873, 29
1586667238.184536, 24
1586667238.202099, 25
1586667238.217226, 24
1586667238.230798, 25
1586667238.245978, 24
1586667238.258816, 26
1586667238.273123, 29
1586667238.287694, 29
1586667238.303176, 29
1586667238.317049, 27
1586667238.333262, 27
1586667238.345370, 28
1586667238.363291, 27
1586667238.377138, 26
1586667238.389826, 27
1586667238.403638, 26
1586667238.417079, 25
1586667238.429757, 27
1586667238.442428, 30
1586667238.457101, 30
1586667238.469783, 30
1586667238.487777, 27
1586667238.499829, 27
1586667238.514184, 27
1586667238.527185, 26
1586667238.544154, 25
1586667238.558187, 26
1586667238.570432, 27
1586667238.597986, 26
1586667238.614075, 30
1586667238.627410, 28
1586667238.643799, 29
1586667238.656841, 23
1586667238.670306, 21
1586667238.684258, 16
1586667238.697204, 13
1586667238.710379, 15
1586667238.723605, 16
1586667238.737844, 14
1586667238.753604, 9
1586667238.767555, 9
1586667238.782346, 9
1586667238.794467, 5
1586667238.817621, 7
1586667238.833604, 7
1586667238.846284, 4
1586667238.866242, 6
1586667238.886257, 9
1586667238.902476, 9
1586667238.917302, 8
1586667238.933657, 10
1586667238.947554, 8
1586667238.963902, 7
1586667238.977879, 7
1586667238.993888, 10
1586667239.006748, 7
1586667239.023933, 7
1586667239.037497, 9
1586667239.053973, 9
1586667239.067856, 8
1586667239.084009, 11
1586667239.098180, 11
1586667239.114016, 8
1586667239.127313, 7
1586667239.140622, 8
1586667239.153769, 9
1586667239.167669, 9
1586667239.185128, 9
1586667239.197610, 11
1586667239.211354, 12
1586667239.227990, 11
1586667239.248073, 12
1586667239.267969, 10
1586667239.284949, 12
1586667239.297858, 12
1586667239.318072, 12
1586667239.338381, 12
1586667239.353979, 12
1586667239.367742, 11
1586667239.388103, 12
1586667239.407417, 13
1586667239.423473, 13
1586667239.437526, 12
1586667239.450312, 10
1586667239.467924, 11
1586667239.488105, 11
1586667239.500372, 12
1586667239.518383, 14
1586667239.530390, 13
1586667239.547690, 13
1586667239.560403, 13
1586667239.578035, 12
1586667239.590523, 11
1586667239.607569, 13
1586667239.620486, 13
1586667239.638366, 12
1586667239.655783, 14
1586667239.668319, 13
1586667239.688535, 14
1586667239.707648, 14
1586667239.727873, 13
1586667239.743113, 14
1586667239.755557, 13
1586667239.767728, 12
1586667239.780516, 12
1586667239.805332, 14
1586667239.817836, 16
1586667239.832721, 15
1586667239.847049, 15
1586667239.867984, 14
1586667239.888010, 14
1586667239.902608, 13
1586667239.917865, 13
1586667239.934373, 15
1586667239.947637, 14
1586667239.964408, 15
1586667239.978034, 14
1586667239.994491, 13
1586667240.007910, 14
1586667240.024598, 15
1586667240.038465, 17
1586667240.054494, 17
1586667240.068212, 15
1586667240.084500, 15
1586667240.098312, 14
1586667240.120026, 16
1586667240.136005, 17
1586667240.148356, 16
1586667240.161941, 18
1586667240.178191, 17
1586667240.190445, 14
1586667240.228731, 17
1586667240.241476, 17
1586667240.254059, 16
1586667240.267756, 15
1586667240.281847, 15
1586667240.295333, 15
1586667240.308110, 16
1586667240.320764, 18
1586667240.334387, 18
1586667240.348366, 17
1586667240.364380, 20
1586667240.378669, 20
1586667240.394629, 17
1586667240.408788, 16
1586667240.424491, 17
1586667240.438090, 18
1586667240.454495, 17
1586667240.474549, 14
1586667240.488481, 18
1586667240.501350, 19
1586667240.514150, 18
1586667240.527634, 17
1586667240.540151, 19
1586667240.553909, 20
1586667240.568733, 19
1586667240.581203, 20
1586667240.595927, 19
1586667240.609291, 20
1586667240.621817, 19
1586667240.637922, 19
1586667240.658037, 21
1586667240.677973, 21
1586667240.697979, 22
1586667240.713453, 20
1586667240.728143, 19
1586667240.744647, 21
1586667240.758178, 19
1586667240.774803, 19
1586667240.788315, 20
1586667240.804774, 21
1586667240.818423, 19
1586667240.833947, 22
1586667240.846852, 20
1586667240.864447, 19
1586667240.878327, 19
1586667240.894641, 21
1586667240.907981, 19
1586667240.924703, 20
1586667240.937577, 19
1586667240.950913, 21
1586667240.963439, 22
1586667240.978879, 21
1586667240.991963, 20
1586667241.005533, 20
1586667241.024816, 20
1586667241.038627, 20
1586667241.054146, 21
1586667241.078338, 23
1586667241.094238, 23
1586667241.108581, 23
1586667241.124312, 23
1586667241.138915, 23
1586667241.154272, 22
1586667241.168412, 23
1586667241.184551, 23
1586667241.197135, 21
1586667241.210397, 23
1586667241.224624, 21
1586667241.238531, 23
1586667241.250873, 24
1586667241.264644, 24
1586667241.278951, 24
1586667241.299100, 25
1586667241.319263, 23
1586667241.338460, 25
1586667241.358730, 25
1586667241.378455, 24
1586667241.391842, 23
1586667241.404813, 23
1586667241.417427, 24
1586667241.437791, 23
1586667241.457768, 23
1586667241.477853, 24
1586667241.497880, 24
1586667241.510705, 25
1586667241.527880, 25
1586667241.547896, 26
1586667241.567864, 24
1586667241.587886, 26
1586667241.605545, 23
1586667241.625499, 25
1586667241.638583, 24
1586667241.654096, 22
1586667241.669542, 22
1586667241.688885, 28
1586667241.708846, 27
1586667241.728970, 26
1586667241.749258, 26
1586667241.769638, 25
1586667241.788817, 27
1586667241.808936, 28
1586667241.825031, 28
1586667241.837686, 25
1586667241.851881, 24
1586667241.865757, 25
1586667241.880045, 25
1586667241.894390, 25
1586667241.907925, 25
1586667241.923068, 26
1586667241.938409, 26
1586667241.953248, 25
1586667241.968082, 25
1586667241.983619, 25
1586667241.998050, 26
1586667242.012514, 26
1586667242.026562, 26
1586667242.041641, 27
1586667242.056417, 25
1586667242.070869, 25
1586667242.085001, 26
1586667242.099166, 26
1586667242.113340, 27
1586667242.126886, 27
1586667242.140831, 26
1586667242.154921, 25
1586667242.169768, 26
1586667242.185030, 27
1586667242.200449, 28
1586667242.215312, 27
1586667242.230137, 27
1586667242.244332, 27
1586667242.258699, 27
1586667242.272027, 28
1586667242.286902, 27
1586667242.300991, 28
1586667242.315569, 28
1586667242.330512, 29
1586667242.344871, 28
1586667242.358112, 28
1586667242.372851, 27
1586667242.386771, 27
1586667242.400707, 29
1586667242.413809, 28
1586667242.427943, 28
1586667242.442115, 30
1586667242.456820, 27
1586667242.470998, 27
1586667242.485191, 27
1586667242.500070, 28
1586667242.514977, 28
1586667242.529563, 29
1586667242.544049, 28
1586667242.559328, 29
1586667242.574427, 28
1586667242.588123, 28
1586667242.602248, 28
1586667242.616811, 20
1586667242.630352, 18
1586667242.642918, 14
1586667242.657549, 12
1586667242.671235, 12
1586667242.685062, 11
1586667242.698908, 12
1586667242.712978, 12
1586667242.727223, 13
1586667242.741080, 12
1586667242.755076, 11
1586667242.769122, 13
1586667242.782855, 13
1586667242.798412, 13
1586667242.811202, 14
1586667242.823774, 13
1586667242.837797, 12
1586667242.853182, 12
1586667242.868931, 14
1586667242.881741, 13
1586667242.894808, 13
1586667242.909620, 15
1586667242.924085, 14
1586667242.938975, 14
1586667242.953595, 14
1586667242.968162, 14
1586667242.982157, 15
1586667242.995043, 16
1586667243.009128, 15
1586667243.023668, 15
1586667243.038522, 14
1586667243.053054, 16
1586667243.066778, 14
1586667243.081507, 16
1586667243.096397, 16
1586667243.111359, 16
1586667243.126189, 16
1586667243.141591, 16
1586667243.156000, 16
1586667243.168679, 17
1586667243.182864, 16
1586667243.197022, 16
1586667243.209069, 17
1586667243.222450, 18
1586667243.236439, 17
1586667243.250836, 16
1586667243.264943, 17
1586667243.279236, 17
1586667243.293553, 17
1586667243.307684, 19
1586667243.320909, 19
1586667243.334689, 18
1586667243.348864, 16
1586667243.363370, 19
1586667243.377529, 18
1586667243.391836, 19
1586667243.404446, 19
1586667243.420125, 20
1586667243.434422, 19
1586667243.448850, 18
1586667243.463967, 19
1586667243.478664, 18
1586667243.492902, 18
1586667243.506718, 19
1586667243.519401, 21
1586667243.533601, 20
1586667243.547809, 20
1586667243.562085, 20
1586667243.576549, 19
1586667243.590286, 19
1586667243.603981, 21
1586667243.617991, 21
1586667243.631871, 21
1586667243.646030, 21
1586667243.660572, 21
1586667243.674866, 20
1586667243.689467, 19
1586667243.704275, 23
1586667243.719120, 22
1586667243.733283, 23
1586667243.747437, 22
1586667243.762358, 21
1586667243.777253, 21
1586667243.792028, 21
1586667243.806297, 22
1586667243.821276, 22
1586667243.836141, 22
1586667243.851127, 22
1586667243.865038, 22
1586667243.878663, 21
1586667243.892945, 21
1586667243.907410, 24
1586667243.921121, 23
1586667243.935331, 23
1586667243.949641, 24
1586667243.964205, 22
1586667243.978434, 22
1586667243.993396, 23
1586667244.006113, 23
1586667244.021561, 24
1586667244.034531, 23
1586667244.048830, 25
1586667244.062361, 24
1586667244.077235, 23
1586667244.091713, 23
1586667244.106410, 24
1586667244.120302, 24
1586667244.134259, 24
1586667244.149136, 24
1586667244.164104, 23
1586667244.178196, 23
1586667244.192191, 23
1586667244.205177, 25
1586667244.219425, 25
1586667244.233616, 26
1586667244.248070, 25
1586667244.262058, 26
1586667244.276543, 24
1586667244.289511, 24
1586667244.303422, 25
1586667244.317899, 25
1586667244.332141, 25
1586667244.346967, 26
1586667244.360776, 27
1586667244.374183, 26
1586667244.388112, 25
1586667244.401066, 26
1586667244.415806, 26
1586667244.429700, 28
1586667244.444323, 28
1586667244.459028, 27
1586667244.472543, 28
1586667244.487419, 26
1586667244.501710, 26
1586667244.515599, 28
1586667244.529218, 27
1586667244.543888, 28
1586667244.558271, 27
1586667244.572534, 28
1586667244.587225, 27
1586667244.603434, 26
1586667244.619397, 27
1586667244.634237, 28
1586667244.648176, 28
1586667244.663982, 28
1586667244.678438, 28
1586667244.692699, 28
1586667244.707507, 26
1586667244.722583, 28
1586667244.737377, 28
1586667244.751600, 29
1586667244.763942, 29
1586667244.778530, 28
1586667244.793509, 29
1586667244.808253, 28
1586667244.822949, 30
1586667244.837383, 30
1586667244.852133, 28
1586667244.866406, 28
1586667244.881229, 28
1586667244.896131, 28
1586667244.910069, 28
1586667244.923966, 28
1586667244.938077, 28
1586667244.951771, 29
1586667244.965920, 28
1586667244.980378, 28
1586667244.994701, 28
1586667245.008898, 22
1586667245.023041, 17
1586667245.036759, 12
1586667245.050368, 11
1586667245.064919, 12
1586667245.079233, 12
1586667245.093638, 13
1586667245.107834, 12
1586667245.122365, 13
1586667245.136524, 15
1586667245.150762, 15
1586667245.165365, 12
1586667245.179754, 13
1586667245.193900, 13
1586667245.206174, 13
1586667245.221966, 14
1586667245.236989, 14
1586667245.249498, 14
1586667245.264418, 13
1586667245.278980, 14
1586667245.293596, 13
1586667245.308584, 13
1586667245.322032, 15
1586667245.337201, 16
1586667245.351710, 14
1586667245.365804, 15
1586667245.379799, 14
1586667245.394548, 15
1586667245.408686, 15
1586667245.423035, 16
1586667245.437050, 16
1586667245.451667, 17
1586667245.465685, 15
1586667245.480359, 16
1586667245.494427, 14
1586667245.508835, 15
1586667245.523106, 17
1586667245.535805, 18
1586667245.550249, 17
1586667245.564362, 16
1586667245.577871, 16
1586667245.592537, 17
1586667245.607265, 17
1586667245.621901, 18
1586667245.636580, 18
1586667245.651264, 18
1586667245.664111, 17
1586667245.679220, 17
1586667245.692948, 18
1586667245.705540, 17
1586667245.718081, 18
1586667245.731828, 19
1586667245.746770, 19
1586667245.760873, 20
1586667245.775159, 18
1586667245.789243, 19
1586667245.805670, 19
1586667245.821422, 18
1586667245.834491, 20
1586667245.848476, 20
1586667245.862593, 20
1586667245.876239, 20
1586667245.890338, 19
1586667245.904174, 19
1586667245.918861, 19
1586667245.932762, 21
1586667245.948256, 21
1586667245.963060, 20
1586667245.977321, 19
1586667245.990726, 19
1586667246.012395, 21
1586667246.026205, 21
1586667246.038749, 21
1586667246.051204, 22
1586667246.063603, 20
1586667246.077869, 20
1586667246.092312, 21
1586667246.107347, 20
1586667246.121953, 21
1586667246.136402, 22
1586667246.150753, 23
1586667246.165663, 23
1586667246.178494, 22
1586667246.191184, 20
1586667246.203803, 22
1586667246.218053, 21
1586667246.231651, 23
1586667246.245397, 23
1586667246.258056, 24
1586667246.272943, 24
1586667246.287570, 22
1586667246.301853, 22
1586667246.315690, 21
1586667246.329705, 22
1586667246.344235, 23
1586667246.358676, 24
1586667246.372608, 23
1586667246.387087, 23
1586667246.400073, 23
1586667246.412775, 23
1586667246.427230, 24
1586667246.442485, 25
1586667246.457030, 24
1586667246.471171, 24
1586667246.486865, 23
1586667246.501748, 25
1586667246.515933, 23
1586667246.529963, 24
1586667246.544404, 25
1586667246.558695, 27
1586667246.572012, 25
1586667246.585989, 26
1586667246.598248, 24
1586667246.610624, 25
1586667246.622735, 24
1586667246.634913, 25
1586667246.646917, 24
1586667246.658962, 24
1586667246.671162, 24
1586667246.683346, 25
1586667246.696103, 24
1586667246.708669, 25
1586667246.723244, 26
1586667246.737968, 26
1586667246.752064, 27
1586667246.766876, 27
1586667246.779873, 26
1586667246.794271, 26
1586667246.806720, 26
1586667246.819659, 26
1586667246.832124, 26
1586667246.846718, 28
1586667246.861169, 26
1586667246.875586, 27
1586667246.890265, 27
1586667246.904604, 26
1586667246.919002, 26
1586667246.933616, 27
1586667246.947672, 28
1586667246.960985, 27
1586667246.975745, 27
1586667246.990493, 28
1586667247.008673, 27
1586667247.022640, 27
1586667247.037640, 28
1586667247.051835, 28
1586667247.065753, 29
1586667247.079811, 27
1586667247.094200, 30
1586667247.108812, 27
1586667247.123239, 27
1586667247.137513, 29
1586667247.151668, 28
1586667247.166725, 28
1586667247.181064, 28
1586667247.195590, 29
1586667247.209976, 28
1586667247.223784, 29
1586667247.238135, 29
1586667247.252813, 29
1586667247.266542, 29
1586667247.280711, 28
1586667247.294453, 28
1586667247.308874, 28
1586667247.322487, 27
1586667247.336786, 29
1586667247.349946, 28
1586667247.364716, 29
1586667247.379407, 29
1586667247.394104, 27
1586667247.408714, 20
1586667247.422822, 16
1586667247.437187, 12
1586667247.451302, 12
1586667247.465134, 12
1586667247.479633, 11
1586667247.493238, 11
1586667247.505835, 13
1586667247.518888, 13
1586667247.531680, 12
1586667247.544430, 13
1586667247.557266, 13
1586667247.570030, 13
1586667247.583451, 13
1586667247.597400, 14
1586667247.610472, 13
1586667247.623714, 14
1586667247.639226, 14
1586667247.652831, 15
1586667247.665973, 14
1586667247.680902, 13
1586667247.695278, 15
1586667247.709707, 14
1586667247.724376, 15
1586667247.739022, 16
1586667247.753590, 15
1586667247.768056, 15
1586667247.782634, 14
1586667247.796658, 15
1586667247.810546, 15
1586667247.824065, 16
1586667247.838657, 17
1586667247.853229, 16
1586667247.867722, 16
1586667247.881987, 16
1586667247.897002, 16
1586667247.911727, 16
1586667247.926624, 16
1586667247.941048, 17
1586667247.955962, 18
1586667247.968623, 18
1586667247.981981, 15
1586667247.996700, 17
1586667248.009915, 17
1586667248.024290, 17
1586667248.038714, 18
1586667248.053586, 19
1586667248.067997, 19
1586667248.082842, 17
1586667248.097489, 18
1586667248.111612, 17
1586667248.126098, 18
1586667248.140562, 19
1586667248.155284, 19
1586667248.169602, 20
1586667248.184546, 20
1586667248.199156, 19
1586667248.211810, 18
1586667248.225932, 20
1586667248.240586, 19
1586667248.254242, 19
1586667248.270241, 20
1586667248.285261, 21
1586667248.299756, 19
1586667248.314145, 19
1586667248.328561, 20
1586667248.343154, 20
1586667248.357750, 22
1586667248.372076, 21
1586667248.386614, 21
1586667248.401318, 20
1586667248.415873, 21
1586667248.430200, 20
1586667248.442582, 21
1586667248.457343, 20
1586667248.472605, 22
1586667248.486633, 21
1586667248.499662, 21
1586667248.513151, 21
1586667248.526143, 22
1586667248.539942, 21
1586667248.553110, 22
1586667248.566804, 23
1586667248.581245, 23
1586667248.594960, 23
1586667248.609228, 21
1586667248.624362, 21
1586667248.638976, 22
1586667248.652802, 23
1586667248.666584, 23
1586667248.679339, 24
1586667248.692319, 22
1586667248.707825, 22
1586667248.720285, 23
1586667248.732767, 23
1586667248.745159, 23
1586667248.759548, 24
1586667248.772624, 24
1586667248.785932, 24
1586667248.799573, 24
1586667248.812487, 24
1586667248.825827, 23
1586667248.839865, 24
1586667248.855359, 24
1586667248.868668, 26
1586667248.882922, 24
1586667248.896216, 25
1586667248.909380, 23
1586667248.922385, 25
1586667248.935093, 24
1586667248.955100, 26
1586667248.970120, 25
1586667248.982478, 26
1586667248.995514, 25
1586667249.008053, 26
1586667249.020628, 25
1586667249.035038, 26
1586667249.047690, 26
1586667249.060565, 26
1586667249.074914, 26
1586667249.089605, 25
1586667249.104226, 26
1586667249.120438, 25
1586667249.134805, 25
1586667249.149648, 26
1586667249.164565, 26
1586667249.178233, 26
1586667249.191984, 27
1586667249.205548, 28
1586667249.219748, 25
1586667249.234478, 25
1586667249.248285, 26
1586667249.262715, 28
1586667249.277155, 27
1586667249.291809, 27
1586667249.305862, 27
1586667249.320658, 27
1586667249.334551, 27
1586667249.349316, 28
1586667249.362530, 28
1586667249.376779, 28
1586667249.391539, 28
1586667249.405477, 28
1586667249.420338, 26
1586667249.434017, 29
1586667249.448522, 28
1586667249.462211, 28
1586667249.476031, 29
1586667249.490239, 28
1586667249.504820, 28
1586667249.519501, 28
1586667249.531884, 28
1586667249.545368, 29
1586667249.559743, 29
1586667249.572487, 29
1586667249.585406, 29
1586667249.598085, 29
1586667249.611407, 29
1586667249.624937, 28
1586667249.637662, 28
1586667249.650984, 29
1586667249.666359, 29
1586667249.679024, 30
1586667249.691787, 29
1586667249.706283, 29
1586667249.720774, 27
1586667249.739037, 28
1586667249.751329, 28
1586667249.765743, 28
1586667249.779858, 29
1586667249.794303, 28
1586667249.808546, 29
1586667249.821755, 27
1586667249.835797, 27
1586667249.850201, 27
1586667249.864045, 20
1586667249.878519, 19
1586667249.893415, 15
1586667249.907389, 13
1586667249.922210, 11
1586667249.936651, 12
1586667249.950894, 13
1586667249.965350, 12
1586667249.979943, 11
1586667249.994518, 13
1586667250.009350, 13
1586667250.024210, 12
1586667250.038493, 13
1586667250.053009, 14
1586667250.067193, 14
1586667250.081670, 12
1586667250.095854, 14
1586667250.110528, 14
1586667250.125392, 13
1586667250.139820, 13
1586667250.153833, 14
1586667250.166910, 15
1586667250.179193, 16
1586667250.193576, 14
1586667250.208001, 14
1586667250.222460, 14
1586667250.236094, 14
1586667250.250567, 16
1586667250.264251, 16
1586667250.276802, 16
1586667250.289894, 16
1586667250.303019, 16
1586667250.315808, 15
1586667250.330795, 15
1586667250.343752, 16
1586667250.356612, 17
1586667250.368863, 16
1586667250.382800, 18
1586667250.397304, 17
1586667250.411917, 17
1586667250.424647, 15
1586667250.436764, 17
1586667250.449248, 16
1586667250.462273, 18
1586667250.475752, 17
1586667250.489929, 18
1586667250.503163, 18
1586667250.517120, 18
1586667250.531123, 16
1586667250.546080, 17
1586667250.560426, 19
1586667250.574147, 18
1586667250.587413, 18
1586667250.600533, 19
1586667250.613256, 19
1586667250.625993, 19
1586667250.638913, 18
1586667250.651423, 18
1586667250.664177, 20
1586667250.676778, 19
1586667250.689558, 19
1586667250.701972, 19
1586667250.714359, 18
1586667250.727772, 19
1586667250.740624, 19
1586667250.752983, 19
1586667250.765240, 20
1586667250.778475, 21
1586667250.790944, 20
1586667250.803011, 21
1586667250.815293, 21
1586667250.827287, 20
1586667250.839656, 20
1586667250.852224, 20
1586667250.865247, 21
1586667250.877714, 22
1586667250.891267, 22
1586667250.905255, 20
1586667250.917700, 21
1586667250.932123, 20
1586667250.946462, 20
1586667250.961059, 22
1586667250.973363, 21
1586667250.987798, 22
1586667251.000562, 22
1586667251.015668, 22
1586667251.028675, 21
1586667251.042838, 20
1586667251.056481, 22
1586667251.071014, 23
1586667251.083629, 22
1586667251.096066, 23
1586667251.108823, 22
1586667251.121808, 21
1586667251.134512, 23
1586667251.147630, 22
1586667251.160266, 24
1586667251.172425, 24
1586667251.184790, 24
1586667251.196959, 24
1586667251.210069, 24
1586667251.222479, 23
1586667251.235893, 23
1586667251.248058, 24
1586667251.261203, 23
1586667251.273396, 24
1586667251.285859, 25
1586667251.297996, 24
1586667251.310086, 24
1586667251.322071, 24
1586667251.334135, 24
1586667251.346257, 23
1586667251.358272, 25
1586667251.370404, 25
1586667251.383023, 24
1586667251.396016, 25
1586667251.408615, 24
1586667251.421288, 24
1586667251.433556, 25
1586667251.446267, 25
1586667251.458619, 26
1586667251.471976, 26
1586667251.484358, 25
1586667251.496814, 26
1586667251.509131, 25
1586667251.521405, 26
1586667251.533504, 25
1586667251.545610, 24
1586667251.557597, 24
1586667251.570009, 25
1586667251.582091, 26
1586667251.594270, 26
1586667251.606419, 26
1586667251.618587, 27
1586667251.631644, 26
1586667251.643925, 27
1586667251.656734, 25
1586667251.669100, 26
1586667251.681317, 26
1586667251.693511, 27
1586667251.705751, 27
1586667251.717959, 26
1586667251.730053, 27
1586667251.742197, 27
1586667251.754408, 26
1586667251.767072, 27
1586667251.779333, 27
1586667251.791550, 27
1586667251.803697, 28
1586667251.816134, 27
1586667251.828344, 27
1586667251.840619, 27
1586667251.853643, 28
1586667251.865923, 27
1586667251.878070, 28
1586667251.890717, 29
1586667251.902992, 28
1586667251.915632, 28
1586667251.927894, 29
1586667251.939939, 27
1586667251.952087, 27
1586667251.964307, 29
1586667251.976536, 29
1586667251.988618, 28
1586667252.001138, 29
1586667252.013203, 29
1586667252.025410, 28
1586667252.037914, 28
1586667252.050166, 29
1586667252.062500, 28
1586667252.074744, 28
1586667252.086815, 28
1586667252.099071, 28
1586667252.111325, 28
1586667252.123305, 30
1586667252.135856, 28
1586667252.147980, 27
1586667252.160013, 27
1586667252.172163, 30
1586667252.184766, 29
1586667252.196678, 29
1586667252.209150, 28
1586667252.221563, 28
1586667252.233693, 27
1586667252.245774, 26
1586667252.257927, 26
1586667252.270098, 28
1586667252.282090, 26
1586667252.294279, 20
1586667252.306829, 14
1586667252.319003, 11
1586667252.330964, 10
1586667252.342942, 12
1586667252.355023, 11
1586667252.367102, 10
1586667252.379175, 11
1586667252.391301, 12
1586667252.403391, 12
1586667252.415696, 12
1586667252.427679, 12
1586667252.439677, 12
1586667252.451677, 12
1586667252.463982, 12
1586667252.476315, 15
1586667252.488943, 14
1586667252.501823, 13
1586667252.516598, 13
1586667252.529586, 14
1586667252.541862, 14
1586667252.555212, 14
1586667252.568708, 13
1586667252.580931, 15
1586667252.593481, 15
1586667252.605964, 14
1586667252.618402, 15
1586667252.630926, 14
1586667252.643370, 14
1586667252.655931, 15
1586667252.668971, 15
1586667252.681441, 16
1586667252.694351, 17
1586667252.707013, 15
1586667252.719952, 15
1586667252.732383, 15
1586667252.744787, 16
1586667252.757388, 16
1586667252.769901, 17
1586667252.782780, 17
1586667252.796062, 18
1586667252.808400, 17
1586667252.821600, 17
1586667252.833863, 16
1586667252.846664, 16
1586667252.859054, 17
1586667252.871460, 18
1586667252.884038, 19
1586667252.896754, 19
1586667252.909357, 19
1586667252.921969, 18
1586667252.934600, 18
1586667252.947853, 18
1586667252.960290, 18
1586667252.973066, 19
1586667252.985587, 19
1586667252.998323, 20
1586667253.010976, 19
1586667253.023622, 19
1586667253.036346, 19
1586667253.048842, 19
1586667253.061233, 18
1586667253.073736, 20
1586667253.086674, 19
1586667253.099082, 19
1586667253.112460, 19
1586667253.125432, 20
1586667253.137845, 20
1586667253.150571, 19
1586667253.162695, 20
1586667253.175160, 20
1586667253.187508, 21
1586667253.200291, 21
1586667253.212599, 21
1586667253.224873, 19
1586667253.237053, 20
1586667253.249236, 20
1586667253.261740, 21
1586667253.274587, 22
1586667253.287002, 21
1586667253.299759, 22
1586667253.312650, 22
1586667253.326069, 21
1586667253.338464, 21
1586667253.350765, 20
1586667253.363005, 21
1586667253.375419, 23
1586667253.387579, 22
1586667253.399877, 22
1586667253.412298, 23
1586667253.424557, 21
1586667253.436943, 21
1586667253.449536, 22
1586667253.462395, 22
1586667253.474759, 23
1586667253.487304, 23
1586667253.499844, 23
1586667253.512569, 24
1586667253.525301, 23
1586667253.537769, 23
1586667253.551341, 22
1586667253.563567, 21
1586667253.576250, 23
1586667253.588596, 24
1586667253.601162, 25
1586667253.614168, 25
1586667253.626507, 24
1586667253.639100, 23
1586667253.651643, 24
1586667253.663964, 23
1586667253.676561, 24
1586667253.688994, 25
1586667253.701431, 24
1586667253.713960, 24
1586667253.726237, 25
1586667253.738484, 23
1586667253.751154, 24
1586667253.763958, 25
1586667253.776476, 25
1586667253.788829, 24
1586667253.801214, 26
1586667253.813509, 26
1586667253.825821, 25
1586667253.838466, 25
1586667253.851423, 24
1586667253.864478, 24
1586667253.877135, 27
1586667253.889214, 26
1586667253.902926, 26
1586667253.915926, 26
1586667253.928206, 26
1586667253.941011, 25
1586667253.953311, 26
1586667253.965513, 26
1586667253.977872, 27
1586667253.990832, 26
1586667254.003397, 27
1586667254.015758, 27
1586667254.028304, 26
1586667254.041674, 27
1586667254.053901, 26
1586667254.067315, 26
1586667254.079602, 27
1586667254.092830, 28
1586667254.105356, 27
1586667254.117837, 28
1586667254.130843, 28
1586667254.143124, 26
1586667254.156290, 27
1586667254.168696, 27
1586667254.181247, 27
1586667254.193735, 27
1586667254.206219, 28
1586667254.219023, 28
1586667254.232097, 28
1586667254.244474, 27
1586667254.257344, 28
1586667254.270485, 27
1586667254.283876, 29
1586667254.296589, 29
1586667254.309437, 29
1586667254.322136, 28
1586667254.334923, 28
1586667254.347267, 28
1586667254.359680, 29
1586667254.372818, 28
1586667254.385466, 29
1586667254.398301, 29
1586667254.411214, 28
1586667254.423564, 30
1586667254.435911, 28
1586667254.448151, 29
1586667254.460894, 29
1586667254.473034, 29
1586667254.485843, 29
1586667254.498196, 30
1586667254.510864, 30
1586667254.523688, 29
1586667254.536250, 29
1586667254.548575, 28
1586667254.561368, 27
1586667254.573711, 29
1586667254.586287, 30
1586667254.598760, 30
1586667254.611068, 29
1586667254.623188, 30
1586667254.635450, 29
1586667254.648061, 30
1586667254.660236, 29
1586667254.672731, 29
1586667254.685503, 23
1586667254.698512, 19
1586667254.711847, 13
1586667254.724213, 12
1586667254.736542, 12
1586667254.749570, 12
1586667254.762113, 11
1586667254.774266, 12
1586667254.786670, 13
1586667254.798858, 14
1586667254.811253, 12
1586667254.823905, 13
1586667254.836185, 12
1586667254.848679, 12
1586667254.861284, 13
1586667254.873458, 14
1586667254.885940, 15
1586667254.898244, 14
1586667254.910452, 14
1586667254.923021, 13
1586667254.935599, 14
1586667254.947952, 14
1586667254.960311, 13
1586667254.972715, 14
1586667254.985502, 14
1586667254.997859, 16
1586667255.010830, 15
1586667255.023412, 15
1586667255.035741, 15
1586667255.048609, 15
1586667255.061280, 14
1586667255.073594, 15
1586667255.087167, 17
1586667255.099570, 17
1586667255.111927, 16
1586667255.124677, 16
1586667255.137397, 15
1586667255.149655, 14
1586667255.162042, 15
1586667255.174421, 16
1586667255.186814, 18
1586667255.199318, 17
1586667255.211871, 17
1586667255.224233, 17
1586667255.236661, 17
1586667255.248868, 16
1586667255.261261, 17
1586667255.274194, 17
1586667255.287155, 19
1586667255.299650, 18
1586667255.312470, 18
1586667255.324581, 19
1586667255.336814, 18
1586667255.349287, 17
1586667255.362079, 18
1586667255.375227, 17
1586667255.387700, 19
1586667255.400188, 20
1586667255.412688, 19
1586667255.425069, 20
1586667255.437277, 19
1586667255.450272, 19
1586667255.462858, 18
1586667255.475202, 19
1586667255.487619, 20
1586667255.500537, 20
1586667255.513366, 21
1586667255.526171, 20
1586667255.538438, 19
1586667255.551283, 19
1586667255.563609, 19
1586667255.576007, 20
1586667255.588554, 21
1586667255.601475, 21
1586667255.614725, 21
1586667255.627161, 20
1586667255.639474, 20
1586667255.652371, 21
1586667255.664783, 21
1586667255.677023, 20
1586667255.689421, 22
1586667255.702148, 21
1586667255.714950, 22
1586667255.727317, 22
1586667255.740093, 21
1586667255.752648, 21
1586667255.765560, 21
1586667255.777776, 22
1586667255.790262, 22
1586667255.803559, 22
1586667255.815974, 23
1586667255.828717, 22
1586667255.841575, 22
1586667255.853890, 23
1586667255.866949, 22
1586667255.879697, 22
1586667255.891840, 23
1586667255.904822, 23
1586667255.917795, 23
1586667255.931199, 24
1586667255.944125, 23
1586667255.956310, 21
1586667255.968510, 22
1586667255.980815, 22
1586667255.993682, 24
1586667256.006545, 23
1586667256.018897, 23
1586667256.031185, 24
1586667256.044130, 24
1586667256.056749, 23
1586667256.069120, 23
1586667256.082501, 24
1586667256.095416, 24
1586667256.107840, 24
1586667256.120133, 25
1586667256.132887, 24
1586667256.145237, 24
1586667256.157953, 24
1586667256.170196, 25
1586667256.182479, 24
1586667256.195324, 25
1586667256.207631, 25
1586667256.219842, 26
1586667256.232305, 25
1586667256.244666, 24
1586667256.257155, 25
1586667256.269635, 24
1586667256.281925, 25
1586667256.294249, 27
1586667256.306845, 26
1586667256.319322, 26
1586667256.332179, 27
1586667256.344955, 26
1586667256.357523, 25
1586667256.370063, 25
1586667256.382854, 25
1586667256.395466, 27
1586667256.408195, 26
1586667256.420822, 26
1586667256.433571, 27
1586667256.445805, 27
1586667256.458790, 26
1586667256.470957, 26
1586667256.483978, 26
1586667256.496262, 27
1586667256.508557, 27
1586667256.520971, 27
1586667256.533449, 28
1586667256.545970, 28
1586667256.558685, 26
1586667256.571018, 27
1586667256.583933, 27
1586667256.596694, 28
1586667256.609220, 28
1586667256.621514, 28
1586667256.633835, 28
1586667256.646081, 28
1586667256.658554, 27
1586667256.670879, 27
1586667256.683126, 28
1586667256.695637, 28
1586667256.708451, 28
1586667256.720781, 29
1586667256.733170, 29
1586667256.745796, 29
1586667256.760448, 30
1586667256.772846, 27
1586667256.786217, 27
1586667256.798774, 28
1586667256.811128, 27
1586667256.823666, 27
1586667256.836004, 28
1586667256.848370, 28
1586667256.860738, 28
1586667256.873204, 28
1586667256.885269, 28
1586667256.898297, 28
1586667256.910714, 28
1586667256.923009, 27
1586667256.935346, 22
1586667256.947793, 16
1586667256.959889, 11
1586667256.971939, 10
1586667256.984451, 11
1586667256.996911, 13
1586667257.009154, 11
1586667257.021486, 11
1586667257.034077, 11
1586667257.046492, 12
1586667257.058764, 10
1586667257.071309, 11
1586667257.083805, 12
1586667257.095903, 14
1586667257.108553, 13
1586667257.120814, 12
1586667257.132942, 12
1586667257.145160, 13
1586667257.157452, 13
1586667257.169576, 13
1586667257.181882, 13
1586667257.194601, 13
1586667257.207118, 15
1586667257.219368, 14
1586667257.231977, 13
1586667257.244870, 13
1586667257.256966, 15
1586667257.269329, 14
1586667257.281510, 13
1586667257.293548, 13
1586667257.305690, 16
1586667257.317958, 16
1586667257.330157, 15
1586667257.342390, 15
1586667257.354731, 16
1586667257.366948, 16
1586667257.379229, 16
1586667257.392193, 15
1586667257.405952, 16
1586667257.419044, 17
1586667257.432862, 17
1586667257.445205, 15
1586667257.457796, 14
1586667257.470088, 16
1586667257.482328, 16
1586667257.494941, 18
1586667257.507576, 17
1586667257.520443, 18
1586667257.533457, 18
1586667257.545968, 17
1586667257.558692, 16
1586667257.571489, 18
1586667257.584097, 18
1586667257.596556, 18
1586667257.608870, 17
1586667257.621104, 19
1586667257.634373, 19
1586667257.647030, 18
1586667257.659568, 18
1586667257.672318, 18
1586667257.685208, 19
1586667257.698199, 19
1586667257.710761, 20
1586667257.723426, 20
1586667257.736558, 20
1586667257.749725, 18
1586667257.762275, 18
1586667257.774683, 18
1586667257.787199, 18
1586667257.799888, 20
1586667257.812855, 21
1586667257.825428, 20
1586667257.838778, 19
1586667257.853134, 20
1586667257.866711, 20
1586667257.879617, 19
1586667257.892436, 19
1586667257.905891, 21
1586667257.919143, 21
1586667257.932055, 22
1586667257.945056, 20
1586667257.957871, 21
1586667257.970334, 20
1586667257.983004, 21
1586667257.995394, 21
1586667258.008504, 21
1586667258.021193, 22
1586667258.033452, 22
1586667258.046228, 22
1586667258.059189, 22
1586667258.072055, 21
1586667258.084325, 22
1586667258.097037, 22
1586667258.110143, 23
1586667258.122705, 22
1586667258.135053, 23
1586667258.148389, 22
1586667258.160865, 21
1586667258.173170, 21
1586667258.186211, 21
1586667258.198808, 23
1586667258.211720, 24
1586667258.224583, 22
1586667258.236893, 24
1586667258.249355, 24
1586667258.262317, 22
1586667258.274952, 23
1586667258.287198, 23
1586667258.299566, 23
1586667258.311754, 24
1586667258.324143, 24
1586667258.336674, 24
1586667258.349273, 25
1586667258.362475, 23
1586667258.374887, 22
1586667258.387312, 24
1586667258.400342, 24
1586667258.413708, 25
1586667258.426329, 25
1586667258.439176, 26
1586667258.451826, 25
1586667258.464288, 24
1586667258.476686, 23
1586667258.489442, 24
1586667258.502256, 26
1586667258.515228, 25
1586667258.528410, 25
1586667258.540847, 26
1586667258.553174, 24
1586667258.565411, 24
1586667258.577727, 25
1586667258.590116, 26
1586667258.602477, 27
1586667258.615033, 26
1586667258.627426, 27
1586667258.640410, 27
1586667258.653408, 27
1586667258.665628, 26
1586667258.677979, 26
1586667258.690535, 26
1586667258.703280, 26
1586667258.715508, 27
1586667258.727876, 27
1586667258.740099, 27
1586667258.752919, 28
1586667258.765155, 26
1586667258.777353, 26
1586667258.789671, 27
1586667258.802605, 27
1586667258.816109, 28
1586667258.828310, 27
1586667258.840882, 28
1586667258.853758, 28
1586667258.865950, 29
1586667258.878332, 27
1586667258.890440, 27
1586667258.902901, 28
1586667258.915880, 29
1586667258.928220, 28
1586667258.940992, 28
1586667258.953483, 29
1586667258.966116, 28
1586667258.978921, 27
1586667258.991393, 26
1586667259.003788, 27
1586667259.016271, 29
1586667259.029169, 29
1586667259.041923, 30
1586667259.054580, 29
1586667259.066656, 28
1586667259.079034, 27
1586667259.090902, 28
1586667259.103017, 29
1586667259.115282, 28
1586667259.127234, 29
1586667259.139184, 29
1586667259.151249, 28
1586667259.163415, 28
1586667259.175411, 28
1586667259.187657, 28
1586667259.199968, 30
1586667259.212290, 28
1586667259.225003, 28
1586667259.237309, 29
1586667259.249554, 29
1586667259.262152, 28
1586667259.274319, 27
1586667259.286740, 28
1586667259.299271, 29
1586667259.311502, 28
1586667259.323551, 30
1586667259.335986, 29
1586667259.348039, 29
1586667259.360002, 29
1586667259.372250, 24
1586667259.386111, 18
1586667259.398335, 15
1586667259.410702, 12
1586667259.422807, 12
1586667259.435236, 11
1586667259.447170, 12
1586667259.459191, 11
1586667259.471391, 12
1586667259.483747, 13
1586667259.496796, 12
1586667259.509140, 14
1586667259.521395, 13
1586667259.533520, 13
1586667259.546096, 11
1586667259.558482, 14
1586667259.570729, 13
1586667259.582892, 13
1586667259.595066, 13
1586667259.608524, 15
1586667259.621852, 15
1586667259.635710, 15
1586667259.648899, 13
1586667259.663212, 15
1586667259.677350, 15
1586667259.689802, 15
1586667259.704058, 14
1586667259.717087, 16
1586667259.730844, 15
1586667259.745549, 15
1586667259.759935, 16
1586667259.774582, 16
1586667259.789251, 16
1586667259.803798, 14
1586667259.818282, 16
1586667259.831879, 17
1586667259.846843, 15
1586667259.861586, 16
1586667259.875829, 15
1586667259.891014, 17
1586667259.905688, 17
1586667259.920598, 17
1586667259.933325, 17
1586667259.945945, 18
1586667259.959794, 16
1586667259.973470, 16
1586667259.988398, 16
1586667260.003265, 17
1586667260.017002, 18
1586667260.030791, 18
1586667260.044734, 18
1586667260.058431, 17
1586667260.071976, 17
1586667260.086494, 17
1586667260.099239, 16
1586667260.111373, 18
1586667260.123915, 20
1586667260.138532, 20
1586667260.151902, 19
1586667260.164992, 19
1586667260.177779, 18
1586667260.190248, 18
1586667260.202456, 19
1586667260.215225, 20
1586667260.228778, 21
1586667260.242624, 20
1586667260.255421, 20
1586667260.268444, 19
1586667260.281513, 20
1586667260.293810, 20
1586667260.307794, 20
1586667260.321583, 21
1586667260.335023, 19
1586667260.350676, 22
1586667260.364601, 20
1586667260.379562, 20
1586667260.393987, 20
1586667260.408534, 20
1586667260.421168, 22
1586667260.435985, 21
1586667260.450503, 21
1586667260.464251, 20
1586667260.478427, 21
1586667260.491971, 20
1586667260.504254, 21
1586667260.517156, 23
1586667260.530184, 23
1586667260.544935, 23
1586667260.557550, 23
1586667260.570574, 22
1586667260.583029, 22
1586667260.595804, 22
1586667260.609102, 22
1586667260.621971, 22
1586667260.634575, 23
1586667260.648014, 23
1586667260.662131, 23
1586667260.676910, 23
1586667260.690249, 22
1586667260.703528, 23
1586667260.715687, 24
1586667260.730308, 23
1586667260.743051, 24
1586667260.757462, 23
1586667260.772264, 24
1586667260.785007, 24
1586667260.799961, 23
1586667260.814363, 24
1586667260.828452, 24
1586667260.841800, 25
1586667260.854916, 24
1586667260.867360, 24
1586667260.880276, 24
1586667260.895785, 23
1586667260.909491, 25
1586667260.922819, 26
1586667260.937923, 25
1586667260.950854, 26
1586667260.965613, 26
1586667260.979973, 26
1586667260.993537, 25
1586667261.007797, 25
1586667261.021685, 25
1586667261.035748, 26
1586667261.049176, 26
1586667261.062865, 26
1586667261.075711, 26
1586667261.088358, 25
1586667261.100939, 24
1586667261.115499, 25
1586667261.129214, 26
1586667261.142230, 28
1586667261.155251, 27
1586667261.169171, 27
1586667261.182925, 26
1586667261.196222, 26
1586667261.210505, 27
1586667261.225228, 28
1586667261.238792, 27
1586667261.251173, 28
1586667261.263466, 27
1586667261.275980, 28
1586667261.288530, 26
1586667261.301298, 28
1586667261.315233, 27
1586667261.328250, 27
1586667261.340832, 27
1586667261.353196, 28
1586667261.365941, 28
1586667261.378736, 28
1586667261.391798, 28
1586667261.404613, 28
1586667261.418400, 28
1586667261.430917, 28
1586667261.443514, 29
1586667261.456871, 29
1586667261.470236, 29
1586667261.482873, 30
1586667261.495885, 28
1586667261.509681, 28
1586667261.523306, 28
1586667261.535747, 29
1586667261.548975, 29
1586667261.561476, 29
1586667261.575721, 29
1586667261.588150, 30
1586667261.601755, 29
1586667261.615475, 29
1586667261.628083, 30
1586667261.640848, 29
1586667261.653153, 29
1586667261.666407, 28
1586667261.679672, 29
1586667261.692633, 30
1586667261.705014, 28
1586667261.717538, 28
1586667261.730225, 29
1586667261.742871, 30
1586667261.755563, 29
1586667261.767924, 29
1586667261.781079, 29
1586667261.794759, 24
1586667261.807984, 19
1586667261.822870, 13
1586667261.837210, 12
1586667261.851718, 13
1586667261.864308, 11
1586667261.876679, 11
1586667261.890361, 13
1586667261.902779, 13
1586667261.916516, 12
1586667261.929758, 13
1586667261.942937, 14
1586667261.956362, 14
1586667261.969448, 12
1586667261.981975, 14
1586667261.995731, 12
1586667262.008616, 14
1586667262.022692, 13
1586667262.035576, 15
1586667262.048442, 14
1586667262.062581, 15
1586667262.075049, 14
1586667262.087794, 15
1586667262.100474, 14
1586667262.112761, 14
1586667262.125105, 14
1586667262.137731, 16
1586667262.150743, 15
1586667262.163403, 15
1586667262.176711, 15
1586667262.190877, 16
1586667262.203345, 15
1586667262.216064, 16
1586667262.228509, 16
1586667262.241811, 16
1586667262.255666, 17
1586667262.268544, 16
1586667262.281501, 16
1586667262.294734, 17
1586667262.307557, 16
1586667262.320107, 17
1586667262.333242, 17
1586667262.346860, 18
1586667262.359960, 18
1586667262.374583, 18
1586667262.387681, 17
1586667262.400153, 18
1586667262.413083, 17
1586667262.425845, 16
1586667262.438352, 19
1586667262.451893, 19
1586667262.465127, 19
1586667262.478823, 17
1586667262.492443, 17
1586667262.504875, 17
1586667262.517853, 19
1586667262.530849, 18
1586667262.543402, 19
1586667262.555840, 19
1586667262.568235, 20
1586667262.581494, 18
1586667262.594640, 19
1586667262.607340, 18
1586667262.621144, 19
1586667262.633598, 19
1586667262.646048, 20
1586667262.658944, 20
1586667262.671772, 21
1586667262.685154, 20
1586667262.697532, 19
1586667262.710724, 19
1586667262.723977, 19
1586667262.737358, 19
1586667262.750355, 21
1586667262.762965, 21
1586667262.775602, 21
1586667262.788084, 21
1586667262.801116, 21
1586667262.814684, 20
1586667262.827693, 21
1586667262.840732, 21
1586667262.854230, 22
1586667262.867059, 22
1586667262.879447, 21
1586667262.892297, 21
1586667262.904830, 22
1586667262.917590, 22
1586667262.931207, 21
1586667262.945136, 23
1586667262.958283, 23
1586667262.971861, 23
1586667262.984504, 24
1586667262.997022, 22
1586667263.009407, 22
1586667263.022086, 22
1586667263.035107, 22
1586667263.048658, 24
1586667263.061190, 23
1586667263.074060, 24
1586667263.087320, 23
1586667263.101156, 22
1586667263.114087, 23
1586667263.127018, 23
1586667263.140423, 24
1586667263.153702, 23
1586667263.166246, 24
1586667263.179674, 24
1586667263.192354, 24
1586667263.207289, 22
1586667263.223783, 23
1586667263.237740, 24
1586667263.251705, 24
1586667263.264704, 25
1586667263.277365, 24
1586667263.289850, 23
1586667263.310957, 22
1586667263.323120, 23
1586667263.335466, 25
1586667263.349257, 25
1586667263.362375, 25
1586667263.376998, 25
1586667263.391134, 25
1586667263.403467, 24
1586667263.415706, 26
1586667263.428387, 25
1586667263.440662, 25
1586667263.453508, 25
1586667263.465986, 26
1586667263.478871, 26
1586667263.492466, 27
1586667263.504953, 25
1586667263.518746, 26
1586667263.532681, 25
1586667263.546240, 26
1586667263.559224, 27
1586667263.573307, 27
1586667263.587267, 27
1586667263.600163, 27
1586667263.612681, 26
1586667263.624942, 25
1586667263.637568, 27
1586667263.650228, 27
1586667263.663473, 28
1586667263.676611, 28
1586667263.690207, 28
1586667263.703846, 27
1586667263.717198, 27
1586667263.729911, 27
1586667263.743256, 28
1586667263.756832, 28
1586667263.771033, 28
1586667263.785608, 28
1586667263.799762, 29
1586667263.812338, 28
1586667263.825701, 28
1586667263.838459, 28
1586667263.851883, 29
1586667263.864636, 28
1586667263.877151, 29
1586667263.889888, 29
1586667263.903087, 28
1586667263.916184, 29
1586667263.928566, 29
1586667263.941258, 27
1586667263.953849, 29
1586667263.966710, 29
1586667263.980179, 29
1586667263.993909, 30
1586667264.006139, 30
1586667264.019367, 28
1586667264.032551, 28
1586667264.044851, 28
1586667264.057634, 29
1586667264.071339, 28
1586667264.084765, 28
1586667264.098303, 29
1586667264.111283, 29
1586667264.124552, 23
1586667264.136912, 19
1586667264.149226, 15
1586667264.162338, 13
1586667264.175627, 12
1586667264.188484, 11
1586667264.201126, 12
1586667264.214361, 12
1586667264.226867, 12
1586667264.239866, 13
1586667264.252103, 13
1586667264.264840, 13
1586667264.278566, 14
1586667264.291723, 12
1586667264.304120, 13
1586667264.317894, 13
1586667264.330830, 14
1586667264.343531, 14
1586667264.357254, 14
1586667264.370506, 14
1586667264.383773, 14
1586667264.397478, 13
1586667264.410972, 14
1586667264.424550, 15
1586667264.436704, 15
1586667264.449082, 15
1586667264.461848, 15
1586667264.474263, 15
1586667264.489066, 14
1586667264.502911, 14
1586667264.516532, 15
1586667264.529301, 15
1586667264.542858, 15
1586667264.556467, 17
1586667264.570055, 17
1586667264.582581, 16
1586667264.595985, 16
1586667264.610417, 16
1586667264.623375, 16
1586667264.635710, 17
1586667264.648863, 16
1586667264.661172, 18
1586667264.673550, 17
1586667264.686590, 17
1586667264.699373, 16
1586667264.711946, 17
1586667264.725423, 16
1586667264.738490, 18
1586667264.751312, 17
1586667264.763579, 18
1586667264.776507, 18
1586667264.789736, 18
1586667264.803145, 16
1586667264.815656, 17
1586667264.828723, 18
1586667264.842424, 18
1586667264.855356, 19
1586667264.868919, 18
1586667264.883424, 20
1586667264.897303, 18
1586667264.912004, 18
1586667264.924826, 18
1586667264.938689, 18
1586667264.950778, 19
1586667264.962883, 19
1586667264.975481, 20
1586667264.989887, 20
1586667265.002500, 19
1586667265.015756, 19
1586667265.029332, 20
1586667265.042532, 19
1586667265.054876, 21
1586667265.068851, 20
1586667265.082596, 21
1586667265.096676, 21
1586667265.111215, 21
1586667265.125734, 21
1586667265.140095, 20
1586667265.153712, 21
1586667265.167015, 21
1586667265.180869, 21
1586667265.194660, 22
1586667265.208829, 20
1586667265.223381, 21
1586667265.237909, 21
1586667265.252423, 21
1586667265.266677, 22
1586667265.281404, 22
1586667265.295139, 23
1586667265.309612, 22
1586667265.324371, 20
1586667265.339426, 21
1586667265.355004, 21
1586667265.369578, 24
1586667265.384231, 24
1586667265.398935, 24
1586667265.411744, 22
1586667265.426204, 22
1586667265.440416, 22
1586667265.455115, 24
1586667265.469917, 24
1586667265.484329, 23
1586667265.498958, 24
1586667265.513624, 23
1586667265.528210, 23
1586667265.542281, 23
1586667265.556505, 24
1586667265.570951, 24
1586667265.585759, 25
1586667265.600350, 24
1586667265.614764, 25
1586667265.629599, 23
1586667265.643964, 24
1586667265.659011, 25
1586667265.673654, 26
1586667265.688157, 25
1586667265.703064, 25
1586667265.717416, 26
1586667265.731329, 25
1586667265.745918, 26
1586667265.760022, 26
1586667265.774843, 25
1586667265.789503, 26
1586667265.804113, 26
1586667265.818508, 26
1586667265.832216, 25
1586667265.847010, 25
1586667265.862234, 26
1586667265.876526, 26
1586667265.889898, 26
1586667265.904720, 26
1586667265.919478, 27
1586667265.934418, 25
1586667265.949257, 26
1586667265.963749, 28
1586667265.978062, 27
1586667265.992384, 27
1586667266.006780, 28
1586667266.021835, 27
1586667266.036415, 27
1586667266.049551, 27
1586667266.063729, 28
1586667266.078467, 28
1586667266.093111, 28
1586667266.107406, 27
1586667266.121775, 27
1586667266.136064, 27
1586667266.150524, 27
1586667266.165364, 28
1586667266.180195, 28
1586667266.195083, 29
1586667266.209708, 27
1586667266.224598, 28
1586667266.239345, 28
1586667266.254035, 28
1586667266.268423, 29
1586667266.286037, 28
1586667266.300342, 29
1586667266.314780, 30
1586667266.329583, 29
1586667266.344046, 29
1586667266.358970, 28
1586667266.373745, 29
1586667266.388133, 29
1586667266.402529, 28
1586667266.416712, 30
1586667266.430132, 29
1586667266.444045, 28
1586667266.458294, 28
1586667266.471491, 30
1586667266.486121, 29
1586667266.500578, 29
1586667266.514210, 29
1586667266.528475, 28
1586667266.542581, 27
1586667266.557002, 21
1586667266.571210, 17
1586667266.583818, 11
1586667266.597657, 8
1586667266.611078, 3
1586667266.625368, 3
1586667266.639776, 1
1586667266.654802, 3
1586667266.669098, 4
1586667266.683359, 3
1586667266.697427, 3
1586667266.711492, 5
1586667266.726000, 4
1586667266.740116, 4
1586667266.755370, 4
1586667266.769856, 7
1586667266.784420, 5
1586667266.798250, 5
1586667266.811757, 6
1586667266.826771, 6
1586667266.841272, 6
1586667266.855951, 6
1586667266.870811, 8
1586667266.885401, 7
1586667266.899332, 7
1586667266.913475, 6
1586667266.927370, 8
1586667266.941970, 8
1586667266.956137, 9
1586667266.971466, 8
1586667266.987132, 8
1586667267.001190, 7
1586667267.015739, 7
1586667267.030597, 8
1586667267.045099, 10
1586667267.059794, 9
1586667267.073784, 9
1586667267.088154, 11
1586667267.102770, 9
1586667267.117395, 10
1586667267.132018, 9
1586667267.147443, 11
1586667267.160830, 11
1586667267.174950, 11
1586667267.189696, 11
1586667267.202584, 11
1586667267.216091, 11
1586667267.229652, 11
1586667267.243948, 11
1586667267.259034, 11
1586667267.273729, 12
1586667267.287924, 13
1586667267.301813, 11
1586667267.316137, 12
1586667267.330685, 12
1586667267.345024, 12
1586667267.359341, 12
1586667267.373312, 15
1586667267.388131, 15
1586667267.402740, 15
1586667267.417764, 13
1586667267.432066, 13
1586667267.446534, 14
1586667267.460878, 13
1586667267.474536, 16
1586667267.488808, 15
1586667267.501398, 15
1586667267.514541, 13
1586667267.527007, 15
1586667267.540879, 14
1586667267.554490, 15
1586667267.568594, 14
1586667267.582846, 16
1586667267.597369, 16
1586667267.611942, 15
1586667267.626862, 15
1586667267.641499, 16
1586667267.654416, 15
1586667267.668721, 16
1586667267.682327, 17
1586667267.697060, 17
1586667267.711542, 17
1586667267.726145, 16
1586667267.740213, 16
1586667267.754460, 16
1586667267.768715, 17
1586667267.782092, 18
1586667267.796730, 19
1586667267.811565, 18
1586667267.826577, 18
1586667267.840878, 17
1586667267.855292, 18
1586667267.869449, 17
1586667267.883849, 19
1586667267.898715, 18
1586667267.913209, 19
1586667267.927076, 18
1586667267.941015, 19
1586667267.954775, 18
1586667267.969082, 19
1586667267.983953, 19
1586667267.998326, 20
1586667268.012922, 19
1586667268.027202, 19
1586667268.041617, 19
1586667268.055220, 20
1586667268.069980, 19
1586667268.083957, 19
1586667268.098537, 22
1586667268.113126, 20
1586667268.128236, 18
1586667268.142445, 20
1586667268.155086, 19
1586667268.170597, 19
1586667268.185627, 20
1586667268.200191, 21
1586667268.215985, 21
1586667268.230294, 22
1586667268.244867, 19
1586667268.259312, 21
1586667268.274112, 20
1586667268.288277, 22
1586667268.302166, 21
1586667268.316678, 23
1586667268.331882, 22
1586667268.346092, 22
1586667268.360514, 21
1586667268.374982, 22
1586667268.390286, 22
1586667268.405399, 23
1586667268.419368, 22
1586667268.434470, 23
1586667268.448920, 22
1586667268.463033, 23
1586667268.477152, 22
1586667268.490621, 24
1586667268.505284, 24
1586667268.519790, 23
1586667268.533994, 24
1586667268.548195, 22
1586667268.562803, 22
1586667268.576750, 22
1586667268.591205, 23
1586667268.606206, 25
1586667268.620671, 25
1586667268.634697, 24
1586667268.648670, 23
1586667268.663692, 24
1586667268.678755, 24
1586667268.693621, 25
1586667268.708466, 25
1586667268.723575, 24
1586667268.737639, 24
1586667268.751950, 24
1586667268.766511, 24
1586667268.781389, 24
1586667268.796368, 25
1586667268.810740, 25
1586667268.825777, 27
1586667268.840232, 25
1586667268.855080, 26
1586667268.869844, 26
1586667268.883491, 25
1586667268.897780, 26
1586667268.910886, 26
1586667268.924802, 26
1586667268.939349, 25
1586667268.954245, 26
1586667268.968391, 26
1586667268.981724, 26
1586667268.996510, 26
1586667269.010787, 26
1586667269.025724, 26
1586667269.039922, 27
1586667269.054148, 26
1586667269.068988, 26
1586667269.082228, 27
1586667269.095156, 28
1586667269.108089, 29
1586667269.122160, 28
1586667269.136721, 30
1586667269.151483, 26
1586667269.166135, 26
1586667269.180735, 25
1586667269.194496, 27
1586667269.208673, 27
1586667269.223875, 27
1586667269.238496, 27
1586667269.253593, 28
1586667269.268621, 26
1586667269.282923, 26
1586667269.297412, 23
1586667269.311913, 17
1586667269.326152, 12
1586667269.340009, 10
1586667269.354268, 10
1586667269.368746, 10
1586667269.383873, 10
1586667269.397605, 13
1586667269.412099, 12
1586667269.427127, 11
1586667269.441287, 11
1586667269.455466, 11
1586667269.469875, 12
1586667269.483638, 12
1586667269.497403, 14
1586667269.511410, 13
1586667269.526311, 13
1586667269.540407, 12
1586667269.553549, 12
1586667269.567964, 13
1586667269.581012, 13
1586667269.594410, 14
1586667269.609530, 14
1586667269.624043, 14
1586667269.638632, 14
1586667269.653108, 12
1586667269.668330, 13
1586667269.681839, 14
1586667269.696131, 16
1586667269.710843, 16
1586667269.722635, 15
1586667269.734952, 14
1586667269.749234, 15
1586667269.762783, 14
1586667269.776746, 15
1586667269.791884, 15
1586667269.806549, 17
1586667269.819275, 16
1586667269.831414, 16
1586667269.843626, 15
1586667269.856209, 15
1586667269.868281, 15
1586667269.881019, 16
1586667269.893793, 17
1586667269.908380, 18
1586667269.922343, 17
1586667269.936943, 16
1586667269.951148, 17
1586667269.965465, 17
1586667269.980056, 16
1586667269.993352, 17
1586667270.007951, 18
1586667270.021926, 19
1586667270.035458, 18
1586667270.049165, 17
1586667270.061807, 17
1586667270.074826, 18
1586667270.088831, 18
1586667270.103043, 18
1586667270.117345, 20
1586667270.131674, 20
1586667270.146831, 18
1586667270.161208, 18
1586667270.176267, 18
1586667270.191347, 18
1586667270.205453, 20
1586667270.220012, 20
1586667270.234841, 21
1586667270.249494, 19
1586667270.264066, 18
1586667270.279123, 19
1586667270.292116, 20
1586667270.305732, 20
1586667270.320754, 19
1586667270.335615, 21
1586667270.350696, 19
1586667270.365783, 21
1586667270.380480, 20
1586667270.394318, 19
1586667270.408258, 21
1586667270.421015, 21
1586667270.434298, 22
1586667270.446526, 21
1586667270.460922, 21
1586667270.474050, 21
1586667270.488962, 21
1586667270.502319, 23
1586667270.516591, 22
1586667270.530591, 22
1586667270.544541, 22
1586667270.557553, 22
1586667270.571933, 21
1586667270.585517, 21
1586667270.598522, 22
1586667270.611886, 23
1586667270.625810, 23
1586667270.640775, 24
1586667270.654666, 24
1586667270.669366, 23
1586667270.682393, 22
1586667270.697225, 22
1586667270.711672, 23
1586667270.726708, 24
1586667270.741438, 23
1586667270.756676, 24
1586667270.770995, 23
1586667270.784966, 22
1586667270.798101, 23
1586667270.811636, 24
1586667270.825930, 25
1586667270.840580, 23
1586667270.855299, 25
1586667270.869851, 24
1586667270.882081, 25
1586667270.895071, 24
1586667270.907286, 25
1586667270.920022, 25
1586667270.934614, 26
1586667270.949476, 25
1586667270.963861, 25
1586667270.979496, 24
1586667270.994037, 25
1586667271.007522, 26
1586667271.022043, 25
1586667271.036183, 26
1586667271.050195, 26
1586667271.064085, 26
1586667271.078178, 25
1586667271.092724, 25
1586667271.108038, 26
1586667271.122726, 26
1586667271.136333, 27
1586667271.151150, 26
1586667271.166166, 26
1586667271.179899, 25
1586667271.194271, 26
1586667271.208283, 26
1586667271.222504, 27
1586667271.236463, 28
1586667271.251305, 27
1586667271.266232, 27
1586667271.279907, 26
1586667271.294922, 26
1586667271.310336, 27
1586667271.325567, 28
1586667271.340427, 28
1586667271.353521, 27
1586667271.366372, 28
1586667271.379465, 27
1586667271.391911, 27
1586667271.405205, 27
1586667271.417789, 29
1586667271.431686, 28
1586667271.444241, 28
1586667271.456880, 29
1586667271.470455, 28
1586667271.483408, 29
1586667271.496849, 29
1586667271.509094, 28
1586667271.521463, 29
1586667271.534681, 29
1586667271.547683, 29
1586667271.561117, 29
1586667271.574810, 30
1586667271.589311, 28
1586667271.603858, 28
1586667271.618234, 29
1586667271.632950, 28
1586667271.647644, 30
1586667271.662093, 28
1586667271.676017, 28
1586667271.690114, 26
1586667271.702355, 28
1586667271.715203, 28
1586667271.729077, 28
1586667271.743846, 28
1586667271.758583, 29
1586667271.773191, 28
1586667271.786397, 23
1586667271.800464, 19
1586667271.813088, 18
1586667271.826695, 16
1586667271.841406, 13
1586667271.855254, 11
1586667271.869567, 12
1586667271.884319, 11
1586667271.898613, 11
1586667271.912992, 12
1586667271.925847, 13
1586667271.938543, 14
1586667271.952597, 12
1586667271.965923, 12
1586667271.980136, 13
1586667271.994147, 14
1586667272.006910, 13
1586667272.021032, 13
1586667272.033912, 14
1586667272.048426, 14
1586667272.061349, 13
1586667272.075569, 14
1586667272.088106, 14
1586667272.101198, 15
1586667272.114929, 15
1586667272.129341, 16
1586667272.143794, 16
1586667272.156409, 15
1586667272.170743, 15
1586667272.183636, 16
1586667272.196214, 16
1586667272.210258, 15
1586667272.223213, 16
1586667272.237904, 17
1586667272.251405, 16
1586667272.265613, 16
1586667272.279903, 15
1586667272.292283, 17
1586667272.305190, 17
1586667272.318570, 17
1586667272.334351, 17
1586667272.346688, 16
1586667272.359768, 17
1586667272.374025, 17
1586667272.386477, 16
1586667272.399510, 16
1586667272.413958, 18
1586667272.427009, 19
1586667272.441197, 17
1586667272.455892, 17
1586667272.470497, 17
1586667272.483468, 17
1586667272.498354, 17
1586667272.511422, 18
1586667272.525969, 19
1586667272.541064, 20
1586667272.554235, 19
1586667272.568239, 18
1586667272.582959, 18
1586667272.595708, 19
1586667272.610530, 19
1586667272.624862, 21
1586667272.638929, 20
1586667272.653052, 19
1586667272.666191, 19
1586667272.680728, 19
1586667272.695666, 20
1586667272.709478, 20
1586667272.721794, 19
1586667272.734024, 21
1586667272.748456, 21
1586667272.762362, 20
1586667272.776138, 20
1586667272.789958, 20
1586667272.803457, 20
1586667272.818262, 22
1586667272.833046, 21
1586667272.847719, 22
1586667272.860549, 22
1586667272.874585, 22
1586667272.889170, 20
1586667272.903038, 21
1586667272.916517, 22
1586667272.929999, 22
1586667272.944037, 23
1586667272.958635, 23
1586667272.973402, 22
1586667272.988052, 21
1586667273.002893, 21
1586667273.016914, 22
1586667273.031532, 22
1586667273.045756, 23
1586667273.060210, 24
1586667273.074524, 23
1586667273.089032, 23
1586667273.103106, 22
1586667273.116968, 22
1586667273.131081, 24
1586667273.143780, 23
1586667273.158661, 24
1586667273.172508, 23
1586667273.184826, 23
1586667273.197763, 24
1586667273.212383, 23
1586667273.224883, 24
1586667273.238091, 24
1586667273.250906, 24
1586667273.265408, 25
1586667273.279222, 24
1586667273.293982, 24
1586667273.307500, 23
1586667273.321154, 23
1586667273.335538, 25
1586667273.350209, 25
1586667273.363846, 25
1586667273.378388, 25
1586667273.391013, 25
1586667273.404466, 24
1586667273.419978, 24
1586667273.434398, 26
1586667273.447777, 27
1586667273.460373, 26
1586667273.474394, 25
1586667273.490493, 24
1586667273.503736, 26
1586667273.517248, 24
1586667273.531623, 27
1586667273.546005, 27
1586667273.560414, 27
1586667273.575084, 27
1586667273.590220, 26
1586667273.604102, 26
1586667273.618446, 27
1586667273.633012, 26
1586667273.647956, 26
1586667273.662288, 28
1586667273.676750, 27
1586667273.690739, 27
1586667273.704576, 26
1586667273.717073, 25
1586667273.729586, 26
1586667273.743329, 28
1586667273.757024, 27
1586667273.770733, 28
1586667273.785121, 28
1586667273.799410, 27
1586667273.813737, 26
1586667273.828147, 28
1586667273.842200, 28
1586667273.856536, 29
1586667273.871459, 29
1586667273.886262, 28
1586667273.901170, 28
1586667273.914975, 29
1586667273.927099, 28
1586667273.941583, 29
1586667273.954803, 29
1586667273.968721, 29
1586667273.982539, 28
1586667273.996021, 30
1586667274.010101, 29
1586667274.023613, 28
1586667274.036864, 30
1586667274.051479, 29
1586667274.064320, 29
1586667274.078744, 29
1586667274.092571, 28
1586667274.107163, 27
1586667274.121331, 29
1586667274.135881, 30
1586667274.150700, 28
1586667274.165597, 28
1586667274.179952, 28
1586667274.193423, 28
1586667274.208005, 21
1586667274.221747, 16
1586667274.234652, 12
1586667274.247136, 12
1586667274.261262, 8
1586667274.273497, 2
1586667274.286402, 2
1586667274.300264, 2
1586667274.312627, 3
1586667274.327229, 2
1586667274.339749, 6
1586667274.354144, 4
1586667274.368253, 4
1586667274.383099, 3
1586667274.396761, 4
1586667274.411838, 5
1586667274.426754, 5
1586667274.440558, 7
1586667274.455788, 5
1586667274.471046, 5
1586667274.485455, 6
1586667274.499914, 6
1586667274.514831, 6
1586667274.529482, 6
1586667274.544618, 7
1586667274.559370, 8
1586667274.574720, 7
1586667274.588875, 7
1586667274.602597, 7
1586667274.617277, 7
1586667274.631928, 8
1586667274.646724, 9
1586667274.661738, 9
1586667274.674879, 8
1586667274.689205, 9
1586667274.703256, 9
1586667274.717857, 9
1586667274.732086, 9
1586667274.745511, 11
1586667274.759409, 11
1586667274.772991, 10
1586667274.786262, 10
1586667274.800222, 11
1586667274.814436, 10
1586667274.829114, 10
1586667274.843833, 11
1586667274.858000, 12
1586667274.872478, 11
1586667274.887861, 11
1586667274.902000, 11
1586667274.916960, 11
1586667274.931234, 11
1586667274.945882, 12
1586667274.961271, 13
1586667274.976173, 12
1586667274.990943, 12
1586667275.005796, 12
1586667275.020241, 13
1586667275.034879, 12
1586667275.049959, 14
1586667275.064093, 13
1586667275.079077, 14
1586667275.093607, 13
1586667275.108223, 13
1586667275.122916, 13
1586667275.136612, 14
1586667275.150943, 16
1586667275.164454, 15
1586667275.178023, 14
1586667275.193311, 14
1586667275.208145, 14
1586667275.222503, 13
1586667275.237463, 16
1586667275.252021, 16
1586667275.267145, 16
1586667275.281380, 16
1586667275.294920, 16
1586667275.310007, 16
1586667275.324284, 15
1586667275.338917, 14
1586667275.353071, 18
1586667275.367990, 18
1586667275.382710, 16
1586667275.396422, 15
1586667275.410595, 17
1586667275.424220, 16
1586667275.438170, 17
1586667275.452563, 17
1586667275.467376, 17
1586667275.481980, 19
1586667275.495656, 18
1586667275.510117, 17
1586667275.523909, 18
1586667275.537750, 17
1586667275.551913, 18
1586667275.565168, 18
1586667275.579095, 18
1586667275.592614, 19
1586667275.605076, 19
1586667275.617800, 18
1586667275.630846, 19
1586667275.644327, 18
1586667275.658742, 19
1586667275.671443, 20
1586667275.685884, 19
1586667275.700610, 19
1586667275.714630, 19
1586667275.728689, 19
1586667275.743006, 18
1586667275.755391, 21
1586667275.769855, 20
1586667275.783021, 20
1586667275.795855, 19
1586667275.809974, 20
1586667275.824578, 19
1586667275.838684, 20
1586667275.853213, 22
1586667275.865587, 21
1586667275.878641, 21
1586667275.891662, 21
1586667275.906580, 21
1586667275.920321, 21
1586667275.934725, 21
1586667275.947774, 20
1586667275.962249, 22
1586667275.976746, 23
1586667275.990578, 23
1586667276.004717, 21
1586667276.018967, 21
1586667276.033341, 22
1586667276.047355, 21
1586667276.061711, 21
1586667276.076428, 23
1586667276.090347, 22
1586667276.103357, 22
1586667276.115721, 22
1586667276.130666, 22
1586667276.145923, 22
1586667276.161062, 24
1586667276.175949, 23
1586667276.190073, 24
1586667276.204852, 23
1586667276.218399, 22
1586667276.230657, 23
1586667276.245787, 22
1586667276.259683, 24
1586667276.274182, 24
1586667276.288813, 23
1586667276.302783, 24
1586667276.317268, 24
1586667276.332305, 23
1586667276.346787, 24
1586667276.361058, 24
1586667276.375637, 24
1586667276.390738, 24
1586667276.405464, 25
1586667276.420209, 24
1586667276.434790, 24
1586667276.448847, 24
1586667276.462943, 26
1586667276.475818, 26
1586667276.489977, 25
1586667276.502971, 26
1586667276.515761, 27
1586667276.527955, 25
1586667276.541914, 25
1586667276.555110, 27
1586667276.569777, 26
1586667276.582484, 26
1586667276.595227, 27
1586667276.608483, 26
1586667276.620567, 25
1586667276.633414, 26
1586667276.648095, 25
1586667276.661446, 26
1586667276.676387, 27
1586667276.691141, 27
1586667276.704950, 26
1586667276.718884, 27
1586667276.733643, 25
1586667276.748585, 26
1586667276.763304, 27
1586667276.777506, 28
1586667276.791365, 27
1586667276.806289, 28
1586667276.821088, 27
1586667276.835376, 26
1586667276.849916, 27
1586667276.864420, 27
1586667276.879356, 29
1586667276.893687, 29
1586667276.906986, 28
1586667276.921639, 30
1586667276.936393, 27
1586667276.950626, 27
1586667276.964405, 27
1586667276.979024, 28
1586667276.993222, 29
1586667277.007635, 29
1586667277.021432, 28
1586667277.035869, 26
1586667277.050221, 27
1586667277.064200, 29
1586667277.078754, 29
1586667277.093559, 28
1586667277.108235, 28
1586667277.122937, 29
1586667277.136231, 27
1586667277.149739, 27
1586667277.162964, 29
1586667277.175618, 23
1586667277.188366, 18
1586667277.201124, 12
1586667277.213828, 11
1586667277.229396, 11
1586667277.243745, 11
1586667277.257087, 11
1586667277.269873, 13
1586667277.282984, 13
1586667277.296766, 11
1586667277.311682, 12
1586667277.326583, 13
1586667277.341111, 12
1586667277.356228, 11
1586667277.371000, 13
1586667277.385019, 14
1586667277.398548, 12
1586667277.411435, 14
1586667277.425357, 13
1586667277.439866, 13
1586667277.454402, 13
1586667277.468887, 14
1586667277.481701, 14
1586667277.495716, 15
1586667277.508692, 14
1586667277.521721, 15
1586667277.536319, 14
1586667277.550067, 15
1586667277.564435, 14
1586667277.577296, 16
1586667277.591995, 16
1586667277.604631, 16
1586667277.618078, 16
1586667277.632763, 15
1586667277.647239, 15
1586667277.660841, 16
1586667277.674221, 17
1586667277.688332, 16
1586667277.702445, 16
1586667277.716681, 17
1586667277.730294, 17
1586667277.745346, 17
1586667277.759145, 16
1586667277.771939, 18
1586667277.786581, 17
1586667277.801477, 17
1586667277.816219, 16
1586667277.830062, 17
1586667277.844311, 17
1586667277.858833, 17
1586667277.873524, 18
1586667277.887793, 19
1586667277.902495, 19
1586667277.916392, 17
1586667277.930752, 17
1586667277.945391, 19
1586667277.959324, 18
1586667277.971926, 19
1586667277.985996, 18
1586667278.000652, 19
1586667278.014394, 19
1586667278.028930, 19
1586667278.043317, 19
1586667278.055753, 18
1586667278.069986, 21
1586667278.084943, 20
1586667278.099612, 20
1586667278.113820, 21
1586667278.128482, 19
1586667278.143369, 19
1586667278.157943, 20
1586667278.172302, 19
1586667278.185069, 20
1586667278.199736, 22
1586667278.212153, 21
1586667278.226817, 20
1586667278.241145, 21
1586667278.255140, 20
1586667278.267630, 22
1586667278.280540, 22
1586667278.294900, 21
1586667278.307996, 21
1586667278.322896, 21
1586667278.336830, 21
1586667278.351186, 21
1586667278.365381, 21
1586667278.379599, 21
1586667278.392247, 22
1586667278.406299, 22
1586667278.420076, 22
1586667278.435655, 22
1586667278.449638, 21
1586667278.462485, 23
1586667278.476257, 23
1586667278.489375, 23
1586667278.502854, 23
1586667278.517002, 24
1586667278.531398, 22
1586667278.545447, 22
1586667278.560518, 23
1586667278.574798, 23
1586667278.587191, 25
1586667278.601337, 23
1586667278.615758, 24
1586667278.630565, 23
1586667278.645295, 23
1586667278.659437, 24
1586667278.673305, 24
1586667278.687935, 24
1586667278.702064, 25
1586667278.715598, 24
1586667278.728375, 24
1586667278.740867, 24
1586667278.755361, 24
1586667278.769791, 24
1586667278.784501, 26
1586667278.797420, 26
1586667278.812005, 25
1586667278.826671, 25
1586667278.841531, 24
1586667278.856052, 24
1586667278.870569, 25
1586667278.885140, 25
1586667278.899583, 26
1586667278.912680, 27
1586667278.927206, 26
1586667278.940762, 25
1586667278.955436, 26
1586667278.970166, 25
1586667278.984414, 27
1586667278.998455, 26
1586667279.012118, 26
1586667279.026607, 28
1586667279.041186, 26
1586667279.055119, 25
1586667279.068494, 27
1586667279.082405, 27
1586667279.096505, 27
1586667279.109707, 27
1586667279.124242, 27
1586667279.137395, 28
1586667279.151994, 27
1586667279.166188, 26
1586667279.179859, 28
1586667279.193926, 28
1586667279.207424, 28
1586667279.222139, 28
1586667279.236019, 29
1586667279.249712, 26
1586667279.263943, 28
1586667279.276798, 28
1586667279.291316, 29
1586667279.303636, 28
1586667279.316852, 29
1586667279.329826, 29
1586667279.344505, 29
1586667279.358523, 29
1586667279.374334, 28
1586667279.388161, 28
1586667279.400862, 30
1586667279.415539, 29
1586667279.430083, 29
1586667279.444685, 29
1586667279.457538, 27
1586667279.471247, 27
1586667279.485786, 29
1586667279.499276, 29
1586667279.513905, 29
1586667279.527103, 30
1586667279.541726, 29
1586667279.556418, 28
1586667279.571323, 28
1586667279.584983, 29
1586667279.599633, 26
1586667279.613772, 21
1586667279.627888, 15
1586667279.641791, 11
1586667279.655754, 11
1586667279.671173, 12
1586667279.686246, 12
1586667279.701098, 13
1586667279.716291, 12
1586667279.730354, 11
1586667279.744353, 13
1586667279.757902, 13
1586667279.772149, 11
1586667279.786662, 13
1586667279.800189, 14
1586667279.814358, 14
1586667279.827886, 12
1586667279.843194, 13
1586667279.857867, 14
1586667279.871721, 13
1586667279.885382, 14
1586667279.898803, 16
1586667279.913885, 16
1586667279.928232, 14
1586667279.942791, 14
1586667279.957593, 14
1586667279.971932, 15
1586667279.986911, 16
1586667280.000490, 15
1586667280.014437, 17
1586667280.027816, 15
1586667280.042313, 15
1586667280.057509, 15
1586667280.072069, 16
1586667280.084914, 16
1586667280.098718, 17
1586667280.111463, 17
1586667280.126202, 16
1586667280.140984, 15
1586667280.156202, 16
1586667280.170327, 16
1586667280.184457, 18
1586667280.199774, 17
1586667280.214094, 17
1586667280.229014, 17
1586667280.244107, 17
1586667280.258754, 18
1586667280.273296, 17
1586667280.287765, 19
1586667280.303283, 19
1586667280.317047, 18
1586667280.330430, 18
1586667280.345350, 18
1586667280.359640, 18
1586667280.374639, 18
1586667280.388578, 19
1586667280.402415, 19
1586667280.416495, 20
1586667280.429917, 20
1586667280.443834, 18
1586667280.458327, 19
1586667280.473057, 19
1586667280.487223, 19
1586667280.499561, 20
1586667280.511817, 20
1586667280.525482, 20
1586667280.540299, 20
1586667280.555123, 21
1586667280.569388, 20
1586667280.582143, 20
1586667280.596990, 20
1586667280.611561, 22
1586667280.624219, 22
1586667280.637377, 21
1586667280.652377, 19
1586667280.666801, 20
1586667280.681546, 21
1586667280.695468, 21
1586667280.709548, 21
1586667280.723911, 21
1586667280.738881, 22
1586667280.753369, 22
1586667280.768160, 21
1586667280.782387, 22
1586667280.796409, 21
1586667280.811306, 23
1586667280.825456, 22
1586667280.839590, 22
1586667280.854362, 22
1586667280.869169, 21
1586667280.884358, 22
1586667280.899303, 23
1586667280.914052, 22
1586667280.928714, 23
1586667280.942753, 24
1586667280.957038, 23
1586667280.971888, 23
1586667280.986209, 22
1586667281.000169, 24
1586667281.013992, 24
1586667281.027673, 24
1586667281.041499, 25
1586667281.056132, 24
1586667281.070335, 23
1586667281.083619, 23
1586667281.098255, 24
1586667281.113155, 24
1586667281.127818, 25
1586667281.142289, 25
1586667281.157372, 23
1586667281.172255, 24
1586667281.186925, 23
1586667281.201535, 26
1586667281.216065, 26
1586667281.228382, 26
1586667281.240696, 26
1586667281.252935, 25
1586667281.267331, 25
1586667281.281486, 24
1586667281.296055, 26
1586667281.308434, 27
1586667281.321075, 26
1586667281.334593, 27
1586667281.349989, 26
1586667281.364616, 25
1586667281.378756, 26
1586667281.392956, 25
1586667281.405723, 28
1586667281.418318, 27
1586667281.432166, 27
1586667281.444791, 27
1586667281.457797, 26
1586667281.472462, 26
1586667281.486655, 26
1586667281.501718, 27
1586667281.515734, 28
1586667281.529197, 27
1586667281.543546, 27
1586667281.558369, 28
1586667281.573097, 28
1586667281.587330, 27
1586667281.599793, 28
1586667281.614009, 27
1586667281.628752, 29
1586667281.642209, 28
1586667281.656765, 29
1586667281.673899, 27
1586667281.686820, 26
1586667281.701933, 28
1586667281.714754, 28
1586667281.727479, 30
1586667281.740032, 30
1586667281.755404, 28
1586667281.768210, 26
1586667281.782177, 29
1586667281.797149, 28
1586667281.811816, 28
1586667281.826060, 29
1586667281.839046, 29
1586667281.852045, 29
1586667281.867227, 26
1586667281.882118, 28
1586667281.896539, 28
1586667281.910593, 22
1586667281.923683, 18
1586667281.936557, 12
1586667281.951013, 11
1586667281.965221, 12
1586667281.979372, 10
1586667281.993566, 10
1586667282.008241, 12
1586667282.022808, 13
1586667282.037213, 11
1586667282.052401, 12
1586667282.066494, 13
1586667282.082049, 13
1586667282.096775, 12
1586667282.111519, 13
1586667282.125546, 14
1586667282.139635, 12
1586667282.154042, 13
1586667282.169349, 14
1586667282.184622, 14
1586667282.199858, 12
1586667282.214342, 14
1586667282.228685, 14
1586667282.243642, 14
1586667282.258169, 14
1586667282.272484, 14
1586667282.287312, 14
1586667282.302229, 15
1586667282.314622, 16
1586667282.326856, 15
1586667282.339964, 16
1586667282.354525, 15
1586667282.368293, 16
1586667282.382722, 15
1586667282.397034, 16
1586667282.411579, 16
1586667282.424325, 16
1586667282.438841, 16
1586667282.453216, 15
1586667282.467309, 16
1586667282.482192, 15
1586667282.496302, 17
1586667282.511151, 17
1586667282.524643, 18
1586667282.538287, 17
1586667282.552066, 17
1586667282.565710, 16
1586667282.580180, 18
1586667282.594749, 17
1586667282.609278, 18
1586667282.624172, 18
1586667282.639039, 18
1586667282.653378, 17
1586667282.667579, 17
1586667282.681007, 19
1586667282.695596, 18
1586667282.709051, 18
1586667282.723940, 18
1586667282.738566, 20
1586667282.753465, 19
1586667282.767978, 18
1586667282.782255, 19
1586667282.797026, 18
1586667282.810949, 19
1586667282.824590, 20
1586667282.838347, 20
1586667282.852377, 20
1586667282.866396, 20
1586667282.879431, 21
1586667282.893886, 19
1586667282.908084, 20
1586667282.923098, 21
1586667282.938219, 20
1586667282.952634, 22
1586667282.967137, 20
1586667282.981748, 21
1586667282.996104, 20
1586667283.010828, 20
1586667283.025669, 21
1586667283.039826, 22
1586667283.054070, 22
1586667283.068353, 20
1586667283.083559, 21
1586667283.098458, 20
1586667283.113633, 21
1586667283.128221, 22
1586667283.143080, 22
1586667283.157432, 22
1586667283.172064, 23
1586667283.186479, 22
1586667283.201064, 22
1586667283.215531, 23
1586667283.229263, 23
1586667283.242688, 24
1586667283.257020, 23
1586667283.271263, 23
1586667283.285736, 22
1586667283.299611, 22
1586667283.313081, 23
1586667283.327694, 24
1586667283.342004, 24
1586667283.356325, 24
1586667283.371040, 25
1586667283.385100, 24
1586667283.399133, 22
1586667283.413582, 24
1586667283.428157, 24
1586667283.442458, 26
1586667283.457014, 24
1586667283.470942, 25
1586667283.485704, 24
1586667283.499376, 24
1586667283.513646, 24
1586667283.527750, 25
1586667283.541740, 26
1586667283.556671, 25
1586667283.570285, 24
1586667283.585218, 25
1586667283.599031, 24
1586667283.613234, 25
1586667283.626949, 25
1586667283.641485, 25
1586667283.655686, 25
1586667283.669741, 26
1586667283.684211, 25
1586667283.699142, 25
1586667283.713699, 25
1586667283.728123, 26
1586667283.742531, 27
1586667283.757304, 26
1586667283.770802, 27
1586667283.785154, 27
1586667283.798613, 25
1586667283.812651, 25
1586667283.827018, 28
1586667283.842347, 27
1586667283.857311, 27
1586667283.872044, 28
1586667283.886908, 27
1586667283.901107, 27
1586667283.915389, 26
1586667283.929536, 27
1586667283.944058, 28
1586667283.958490, 28
1586667283.972979, 27
1586667283.987143, 30
1586667284.001721, 26
1586667284.016564, 26
1586667284.031028, 29
1586667284.045240, 28
1586667284.058644, 28
1586667284.072055, 29
1586667284.085446, 28
1586667284.099603, 28
1586667284.114008, 28
1586667284.127987, 28
1586667284.142307, 29
1586667284.156407, 29
1586667284.170788, 29
1586667284.186125, 29
1586667284.201342, 28
1586667284.216128, 28
1586667284.230742, 29
1586667284.245547, 29
1586667284.260197, 30
1586667284.274979, 29
1586667284.289578, 29
1586667284.304327, 27
1586667284.318626, 27
1586667284.333085, 29
1586667284.347553, 29
1586667284.362577, 30
1586667284.377247, 29
1586667284.391978, 29
1586667284.406388, 28
1586667284.420388, 29
1586667284.434642, 24
1586667284.448661, 19
1586667284.461397, 13
1586667284.475746, 10
1586667284.489719, 11
1586667284.503376, 11
1586667284.517558, 11
1586667284.530968, 13
1586667284.543978, 14
1586667284.558038, 13
1586667284.572098, 12
1586667284.587042, 13
1586667284.601671, 12
1586667284.615697, 13
1586667284.629125, 13
1586667284.643149, 15
1586667284.657320, 14
1586667284.671664, 12
1586667284.686045, 13
1586667284.700279, 14
1586667284.714304, 14
1586667284.728189, 14
1586667284.741722, 15
1586667284.756234, 15
1586667284.771434, 16
1586667284.785073, 14
1586667284.798790, 14
1586667284.812130, 15
1586667284.826759, 16
1586667284.840536, 16
1586667284.855072, 16
1586667284.869664, 16
1586667284.884624, 16
1586667284.898472, 16
1586667284.913061, 15
1586667284.925825, 15
1586667284.939988, 17
1586667284.954375, 19
1586667284.968659, 16
1586667284.983159, 17
1586667284.997246, 16
1586667285.011796, 16
1586667285.026692, 17
1586667285.040756, 17
1586667285.054721, 19
1586667285.069584, 17
1586667285.084528, 17
1586667285.098694, 17
1586667285.113622, 18
1586667285.128259, 17
1586667285.143423, 19
1586667285.158212, 18
1586667285.172458, 19
1586667285.186808, 19
1586667285.201657, 18
1586667285.216084, 18
1586667285.230495, 18
1586667285.244577, 19
1586667285.258902, 18
1586667285.273441, 19
1586667285.287461, 18
1586667285.302000, 19
1586667285.316337, 19
1586667285.331318, 19
1586667285.345376, 21
1586667285.360035, 21
1586667285.374790, 21
1586667285.389240, 19
1586667285.404153, 19
1586667285.418578, 20
1586667285.432032, 22
1586667285.446709, 21
1586667285.461680, 21
1586667285.475293, 21
1586667285.489917, 21
1586667285.505130, 21
1586667285.519246, 20
1586667285.533774, 20
1586667285.548798, 21
1586667285.563709, 23
1586667285.578448, 22
1586667285.593101, 21
1586667285.607544, 22
1586667285.620987, 22
1586667285.634698, 21
1586667285.649051, 23
1586667285.664031, 23
1586667285.678276, 22
1586667285.692503, 21
1586667285.706782, 22
1586667285.720963, 23
1586667285.735205, 22
1586667285.750035, 22
1586667285.764945, 23
1586667285.780011, 22
1586667285.795126, 23
1586667285.808705, 23
1586667285.822298, 22
1586667285.836716, 22
1586667285.850783, 24
1586667285.865323, 24
1586667285.879599, 24
1586667285.893826, 25
1586667285.908147, 23
1586667285.922579, 25
1586667285.937349, 24
1586667285.951891, 25
1586667285.966274, 25
1586667285.980423, 25
1586667285.995457, 25
1586667286.010268, 23
1586667286.025338, 25
1586667286.039699, 23
1586667286.054629, 26
1586667286.069101, 25
1586667286.083054, 27
1586667286.097137, 26
1586667286.110941, 24
1586667286.125385, 24
1586667286.139384, 26
1586667286.153876, 27
1586667286.168360, 26
1586667286.182518, 27
1586667286.196104, 27
1586667286.210563, 24
1586667286.225281, 25
1586667286.239987, 26
1586667286.254294, 28
1586667286.269178, 27
1586667286.283071, 26
1586667286.297637, 27
1586667286.310749, 27
1586667286.324942, 26
1586667286.339065, 26
1586667286.352109, 28
1586667286.365831, 27
1586667286.380741, 27
1586667286.395134, 28
1586667286.409895, 26
1586667286.424761, 27
1586667286.438934, 27
1586667286.453375, 28
1586667286.467891, 29
1586667286.482960, 27
1586667286.497011, 28
1586667286.512063, 28
1586667286.526906, 28
1586667286.541596, 27
1586667286.556007, 29
1586667286.571140, 28
1586667286.585125, 30
1586667286.599055, 29
1586667286.613188, 29
1586667286.627688, 28
1586667286.639944, 29
1586667286.653875, 28
1586667286.667830, 29
1586667286.682751, 29
1586667286.696926, 29
1586667286.711164, 29
1586667286.725904, 27
1586667286.740535, 28
1586667286.754881, 30
1586667286.768888, 29
1586667286.782832, 28
1586667286.798036, 28
1586667286.812593, 29
1586667286.826183, 28
1586667286.840244, 29
1586667286.854470, 30
1586667286.869192, 29
1586667286.883425, 30
1586667286.898001, 28
1586667286.912591, 27
1586667286.927061, 22
1586667286.939679, 17
1586667286.954467, 13
1586667286.969732, 10
1586667286.984399, 11
1586667286.999269, 4
1586667287.013725, 2
1586667287.028212, 4
1586667287.042165, 2
1586667287.057364, 5
1586667287.071285, 3
1586667287.086176, 4
1586667287.100023, 3
1586667287.113259, 4
1586667287.126925, 4
1586667287.141686, 4
1586667287.156291, 5
1586667287.170321, 6
1586667287.184042, 6
1586667287.198131, 5
1586667287.213435, 5
1586667287.227658, 7
1586667287.241052, 6
1586667287.255469, 7
1586667287.269458, 8
1586667287.284582, 7
1586667287.298609, 6
1586667287.312728, 8
1586667287.327704, 7
1586667287.342271, 7
1586667287.357152, 9
1586667287.372278, 8
1586667287.387546, 8
1586667287.402054, 8
1586667287.416665, 7
1586667287.430724, 8
1586667287.445153, 10
1586667287.459925, 9
1586667287.475330, 11
1586667287.490059, 10
1586667287.502710, 10
1586667287.515610, 10
1586667287.528544, 10
1586667287.540826, 10
1586667287.555192, 11
1586667287.569352, 12
1586667287.583633, 10
1586667287.598235, 12
1586667287.610872, 12
1586667287.625359, 11
1586667287.638669, 10
1586667287.651477, 12
1586667287.665624, 13
1586667287.679791, 14
1586667287.692259, 13
1586667287.707238, 13
1586667287.722504, 13
1586667287.737534, 12
1586667287.752248, 12
1586667287.766927, 14
1586667287.780231, 14
1586667287.793313, 14
1586667287.806044, 14
1586667287.820668, 14
1586667287.833886, 13
1586667287.848083, 14
1586667287.862023, 14
1586667287.875728, 16
1586667287.889479, 16
1586667287.904152, 15
1586667287.917550, 14
1586667287.931306, 14
1586667287.944088, 15
1586667287.959353, 16
1586667287.973773, 15
1586667287.988343, 17
1586667288.002539, 15
1586667288.017030, 16
1586667288.030960, 15
1586667288.045515, 16
1586667288.058528, 16
1586667288.071340, 16
1586667288.084599, 17
1586667288.098013, 17
1586667288.112988, 17
1586667288.126269, 17
1586667288.139406, 16
1586667288.153988, 17
1586667288.166404, 18
1586667288.180911, 18
1586667288.193788, 19
1586667288.207898, 17
1586667288.222150, 17
1586667288.237407, 17
1586667288.251537, 17
1586667288.265677, 19
1586667288.278334, 18
1586667288.291013, 19
1586667288.305202, 18
1586667288.319350, 18
1586667288.332207, 19
1586667288.345309, 19
1586667288.360121, 18
1586667288.374161, 19
1586667288.387064, 20
1586667288.400332, 20
1586667288.414788, 18
1586667288.427887, 19
1586667288.441265, 20
1586667288.454480, 20
1586667288.468644, 20
1586667288.481505, 21
1586667288.494684, 21
1586667288.507783, 20
1586667288.520695, 20
1586667288.535291, 20
1586667288.548352, 19
1586667288.561330, 20
1586667288.574342, 21
1586667288.588302, 21
1586667288.601531, 21
1586667288.614667, 19
1586667288.627561, 21
1586667288.640668, 21
1586667288.655102, 21
1586667288.667908, 22
1586667288.681054, 21
1586667288.694433, 22
1586667288.707881, 23
1586667288.721192, 22
1586667288.734437, 22
1586667288.749070, 21
1586667288.761844, 21
1586667288.774947, 22
1586667288.787686, 22
1586667288.800427, 23
1586667288.813742, 23
1586667288.826427, 22
1586667288.839866, 22
1586667288.854387, 22
1586667288.869558, 23
1586667288.882514, 24
1586667288.897133, 23
1586667288.910189, 24
1586667288.923325, 25
1586667288.937323, 23
1586667288.951753, 23
1586667288.966018, 23
1586667288.979831, 24
1586667288.994493, 24
1586667289.007844, 25
1586667289.022914, 24
1586667289.038173, 23
1586667289.051721, 23
1586667289.065703, 23
1586667289.080770, 25
1586667289.093465, 25
1586667289.108229, 25
1586667289.122450, 24
1586667289.136827, 24
1586667289.150973, 24
1586667289.164864, 25
1586667289.178182, 25
1586667289.192587, 25
1586667289.206846, 25
1586667289.219680, 25
1586667289.232551, 25
1586667289.247345, 25
1586667289.261122, 25
1586667289.275522, 25
1586667289.288288, 27
1586667289.302116, 27
1586667289.315059, 26
1586667289.328634, 27
1586667289.343682, 25
1586667289.358390, 26
1586667289.372944, 27
1586667289.386979, 26
1586667289.400364, 27
1586667289.413266, 26
1586667289.425836, 27
1586667289.440032, 28
1586667289.452681, 27
1586667289.467278, 26
1586667289.482275, 27
1586667289.495501, 27
1586667289.511063, 27
1586667289.525771, 29
1586667289.539721, 29
1586667289.552405, 27
1586667289.566380, 26
1586667289.580642, 28
1586667289.595042, 28
1586667289.609232, 28
1586667289.622522, 29
1586667289.636704, 28
1586667289.650741, 27
1586667289.665070, 27
1586667289.679016, 28
1586667289.693485, 29
1586667289.707675, 29
1586667289.721299, 28
1586667289.735341, 30
1586667289.750280, 27
1586667289.764440, 27
1586667289.778970, 29
1586667289.792458, 28
1586667289.807571, 28
1586667289.821368, 28
1586667289.835564, 29
1586667289.847625, 29
1586667289.859802, 28
1586667289.872154, 27
1586667289.884872, 27
1586667289.898809, 26
1586667289.912031, 19
1586667289.926698, 13
1586667289.940713, 11
1586667289.953014, 11
1586667289.967065, 11
1586667289.981161, 12
1586667289.994149, 12
1586667290.007301, 11
1586667290.022318, 11
1586667290.037161, 11
1586667290.050665, 12
1586667290.063389, 13
1586667290.077884, 14
1586667290.091945, 14
1586667290.105446, 13
1586667290.118179, 12
1586667290.132233, 14
1586667290.147111, 13
1586667290.161927, 13
1586667290.176615, 13
1586667290.190523, 15
1586667290.205307, 14
1586667290.220021, 13
1586667290.234601, 13
1586667290.248982, 14
1586667290.263660, 14
1586667290.278198, 14
1586667290.292656, 15
1586667290.307570, 15
1586667290.322506, 14
1586667290.337157, 16
1586667290.351327, 15
1586667290.365563, 16
1586667290.380043, 15
1586667290.395391, 17
1586667290.409895, 17
1586667290.424571, 16
1586667290.439100, 15
1586667290.453129, 16
1586667290.467367, 17
1586667290.481940, 17
1586667290.495683, 17
1586667290.509798, 16
1586667290.522645, 17
1586667290.537651, 17
1586667290.551469, 16
1586667290.565390, 18
1586667290.579987, 18
1586667290.594837, 19
1586667290.608542, 19
1586667290.622901, 18
1586667290.637973, 17
1586667290.652315, 17
1586667290.666589, 17
1586667290.679425, 18
1586667290.694590, 19
1586667290.708746, 19
1586667290.722697, 20
1586667290.738027, 18
1586667290.752462, 18
1586667290.766651, 19
1586667290.780466, 18
1586667290.793565, 20
1586667290.808324, 19
1586667290.823471, 21
1586667290.837195, 19
1586667290.851748, 19
1586667290.864979, 20
1586667290.877689, 20
1586667290.891822, 20
1586667290.905791, 20
1586667290.919641, 20
1586667290.932993, 20
1586667290.947721, 21
1586667290.961892, 20
1586667290.976097, 20
1586667290.990316, 21
1586667291.004933, 21
1586667291.017593, 22
1586667291.031959, 21
1586667291.044420, 21
1586667291.058232, 21
1586667291.072340, 22
1586667291.085383, 21
1586667291.099897, 24
1586667291.114655, 22
1586667291.128572, 22
1586667291.142815, 22
1586667291.156627, 21
1586667291.169931, 22
1586667291.185461, 21
1586667291.200195, 22
1586667291.214994, 23
1586667291.229425, 23
1586667291.243900, 24
1586667291.256509, 23
1586667291.270298, 23
1586667291.282823, 23
1586667291.297612, 23
1586667291.312099, 23
1586667291.326113, 24
1586667291.340167, 24
1586667291.354899, 23
1586667291.369743, 24
1586667291.383415, 24
1586667291.397462, 24
1586667291.411104, 24
1586667291.424005, 25
1586667291.437826, 24
1586667291.451496, 24
1586667291.465584, 23
1586667291.479598, 23
1586667291.492028, 23
1586667291.504223, 25
1586667291.516650, 26
1586667291.530477, 25
1586667291.545317, 25
1586667291.559056, 24
1586667291.571792, 25
1586667291.584846, 24
1586667291.599661, 25
1586667291.613789, 26
1586667291.627794, 26
1586667291.642547, 26
1586667291.655581, 27
1586667291.669763, 25
1586667291.684340, 25
1586667291.698646, 26
1586667291.713002, 26
1586667291.727673, 27
1586667291.740449, 26
1586667291.753481, 26
1586667291.767770, 27
1586667291.782001, 25
1586667291.796192, 26
1586667291.810816, 27
1586667291.825001, 27
1586667291.839145, 27
1586667291.852714, 28
1586667291.866484, 27
1586667291.880748, 27
1586667291.894145, 27
1586667291.908120, 27
1586667291.921906, 27
1586667291.935804, 28
1586667291.949539, 28
1586667291.963699, 27
1586667291.979000, 27
1586667291.993406, 28
1586667292.007263, 27
1586667292.019663, 29
1586667292.032757, 28
1586667292.047514, 29
1586667292.062037, 29
1586667292.074300, 26
1586667292.087727, 27
1586667292.102097, 28
1586667292.116667, 27
1586667292.130380, 28
1586667292.144743, 28
1586667292.158762, 27
1586667292.173656, 26
1586667292.189410, 27
1586667292.203092, 27
1586667292.216472, 23
1586667292.229088, 18
1586667292.242820, 13
1586667292.255290, 12
1586667292.269621, 12
1586667292.284216, 12
1586667292.298868, 11
1586667292.313825, 13
1586667292.328860, 13
1586667292.341528, 12
1586667292.356011, 11
1586667292.369880, 12
1586667292.382984, 12
1586667292.395684, 13
1586667292.409776, 13
1586667292.422390, 13
1586667292.435441, 14
1586667292.450613, 13
1586667292.465231, 13
1586667292.479699, 12
1586667292.494022, 13
1586667292.508304, 15
1586667292.522864, 14
1586667292.537186, 14
1586667292.550881, 14
1586667292.564930, 15
1586667292.578184, 14
1586667292.592415, 13
1586667292.606264, 15
1586667292.620561, 15
1586667292.634760, 15
1586667292.649822, 15
1586667292.663951, 15
1586667292.678594, 15
1586667292.693119, 15
1586667292.706936, 16
1586667292.722732, 16
1586667292.735278, 17
1586667292.748871, 15
1586667292.762923, 16
1586667292.777684, 16
1586667292.793283, 17
1586667292.807548, 16
1586667292.820671, 17
1586667292.833352, 18
1586667292.846038, 17
1586667292.858584, 16
1586667292.873119, 17
1586667292.888314, 18
1586667292.902326, 18
1586667292.915849, 18
1586667292.928479, 19
1586667292.942816, 18
1586667292.956566, 17
1586667292.971261, 18
1586667292.985931, 17
1586667293.000429, 18
1586667293.014653, 20
1586667293.029002, 19
1586667293.043564, 19
1586667293.058237, 19
1586667293.071719, 18
1586667293.084659, 18
1586667293.099162, 18
1586667293.113413, 19
1586667293.127876, 21
1586667293.141832, 20
1586667293.156250, 20
1586667293.170147, 20
1586667293.183813, 19
1586667293.197740, 19
1586667293.210901, 19
1586667293.223798, 21
1586667293.238474, 21
1586667293.253009, 21
1586667293.265614, 20
1586667293.280698, 20
1586667293.294036, 20
1586667293.307972, 20
1586667293.322038, 21
1586667293.335886, 22
1586667293.349904, 22
1586667293.363222, 21
1586667293.377341, 21
1586667293.391427, 21
1586667293.407165, 22
1586667293.419438, 23
1586667293.431763, 22
1586667293.445128, 23
1586667293.458067, 23
1586667293.472403, 20
1586667293.486743, 21
1586667293.500114, 22
1586667293.515189, 22
1586667293.529820, 23
1586667293.543677, 23
1586667293.558389, 24
1586667293.572458, 22
1586667293.586549, 22
1586667293.599884, 23
1586667293.613660, 22
1586667293.627808, 24
1586667293.641199, 24
1586667293.655502, 23
1586667293.670664, 25
1586667293.683858, 23
1586667293.698158, 23
1586667293.712244, 22
1586667293.724996, 25
1586667293.739121, 24
1586667293.753480, 25
1586667293.766214, 24
1586667293.780877, 24
1586667293.795993, 23
1586667293.810704, 24
1586667293.824384, 25
1586667293.838283, 26
1586667293.852671, 26
1586667293.865621, 25
1586667293.878871, 26
1586667293.893435, 25
1586667293.907865, 24
1586667293.921935, 26
1586667293.935695, 25
1586667293.950186, 25
1586667293.964906, 26
1586667293.979331, 26
1586667293.992054, 25
1586667294.004058, 25
1586667294.018844, 26
1586667294.033327, 26
1586667294.047774, 26
1586667294.060343, 27
1586667294.074741, 27
1586667294.087675, 26
1586667294.100037, 26
1586667294.112525, 26
1586667294.126937, 27
1586667294.140809, 28
1586667294.153887, 28
1586667294.167246, 28
1586667294.181544, 27
1586667294.195690, 27
1586667294.210030, 27
1586667294.224288, 27
1586667294.238397, 28
1586667294.252609, 28
1586667294.267823, 28
1586667294.282853, 27
1586667294.297557, 28
1586667294.312030, 28
1586667294.325527, 28
1586667294.340081, 29
1586667294.353844, 28
1586667294.367464, 28
1586667294.379921, 30
1586667294.393356, 27
1586667294.408456, 28
1586667294.422217, 28
1586667294.436810, 29
1586667294.451097, 28
1586667294.465736, 29
1586667294.480826, 29
1586667294.495452, 28
1586667294.509623, 28
1586667294.523724, 28
1586667294.538290, 30
1586667294.550860, 28
1586667294.565618, 29
1586667294.580216, 29
1586667294.594332, 30
1586667294.606777, 27
1586667294.619476, 28
1586667294.633493, 29
1586667294.646236, 30
1586667294.658956, 29
1586667294.673201, 30
1586667294.686295, 29
1586667294.699086, 28
1586667294.711489, 26
1586667294.724778, 20
1586667294.737236, 17
1586667294.751774, 15
1586667294.765667, 12
1586667294.779798, 11
1586667294.794155, 12
1586667294.807112, 13
1586667294.821317, 12
1586667294.835912, 13
1586667294.850572, 14
1586667294.864330, 12
1586667294.877717, 12
1586667294.891908, 11
1586667294.906988, 13
1586667294.920763, 14
1586667294.934051, 14
1586667294.947981, 14
1586667294.960582, 15
1586667294.976093, 13
1586667294.989878, 14
1586667295.004292, 13
1586667295.019184, 15
1586667295.033667, 15
1586667295.046215, 16
1586667295.060916, 15
1586667295.075456, 14
1586667295.090099, 14
1586667295.104462, 14
1586667295.118751, 15
1586667295.133190, 16
1586667295.147528, 17
1586667295.162393, 16
1586667295.176955, 15
1586667295.190409, 15
1586667295.205188, 16
1586667295.219255, 16
1586667295.233799, 17
1586667295.248366, 18
1586667295.262860, 18
1586667295.277715, 16
1586667295.292701, 17
1586667295.306229, 16
1586667295.320206, 16
1586667295.334710, 18
1586667295.349155, 19
1586667295.364049, 18
1586667295.378378, 16
1586667295.394366, 18
1586667295.408673, 18
1586667295.422887, 17
1586667295.437109, 19
1586667295.451379, 19
1586667295.466111, 21
1586667295.481057, 19
1586667295.493760, 19
1586667295.506250, 18
1586667295.518851, 19
1586667295.531038, 19
1586667295.544070, 19
1586667295.556368, 20
1586667295.569250, 21
1586667295.583380, 19
1586667295.597225, 20
1586667295.611490, 20
1586667295.625684, 18
1586667295.640119, 20
1586667295.654275, 21
1586667295.668469, 20
1586667295.682814, 20
1586667295.695747, 20
1586667295.710711, 20
1586667295.725530, 21
1586667295.740252, 21
1586667295.754617, 22
1586667295.768345, 22
1586667295.782470, 21
1586667295.796707, 21
1586667295.811357, 21
1586667295.824727, 21
1586667295.839225, 22
1586667295.853768, 23
1586667295.868835, 22
1586667295.883420, 20
1586667295.898554, 22
1586667295.913120, 21
1586667295.926955, 22
1586667295.939927, 22
1586667295.952573, 22
1586667295.964936, 23
1586667295.977422, 24
1586667295.992590, 23
1586667296.004889, 23
1586667296.019415, 22
1586667296.034567, 24
1586667296.047126, 24
1586667296.061214, 23
1586667296.075876, 24
1586667296.090321, 22
1586667296.104870, 23
1586667296.118660, 23
1586667296.132938, 23
1586667296.145526, 25
1586667296.160142, 25
1586667296.172703, 25
1586667296.185457, 24
1586667296.199045, 24
1586667296.211769, 24
1586667296.224159, 24
1586667296.237951, 25
1586667296.253052, 24
1586667296.266805, 24
1586667296.281239, 25
1586667296.294305, 24
1586667296.309062, 24
1586667296.322506, 24
1586667296.336436, 25
1586667296.350904, 26
1586667296.365403, 26
1586667296.378125, 26
1586667296.391997, 26
1586667296.406794, 25
1586667296.421621, 26
1586667296.436361, 26
1586667296.450897, 26
1586667296.465102, 26
1586667296.479946, 27
1586667296.494496, 27
1586667296.508392, 26
1586667296.522916, 26
1586667296.535189, 25
1586667296.547675, 26
1586667296.560637, 27
1586667296.573152, 27
1586667296.587017, 27
1586667296.601494, 26
1586667296.616242, 27
1586667296.630529, 26
1586667296.644390, 26
1586667296.657545, 28
1586667296.670592, 27
1586667296.683203, 28
1586667296.697884, 28
1586667296.712158, 27
1586667296.724651, 26
1586667296.738790, 27
1586667296.751659, 29
1586667296.766242, 29
1586667296.779029, 28
1586667296.793651, 28
1586667296.807095, 28
1586667296.821142, 28
1586667296.834948, 27
1586667296.850011, 30
1586667296.865196, 29
1586667296.880169, 28
1586667296.892795, 28
1586667296.905471, 29
1586667296.920607, 28
1586667296.933771, 29
1586667296.946735, 30
1586667296.960338, 29
1586667296.972965, 29
1586667296.987141, 30
1586667297.001961, 29
1586667297.014703, 29
158666