44.9
33.8
29.5
23.3
24.5
33.0
35.9
35.8
20.5
26.0
30.0
34.8
34.4
42.3
23.6
28.3
31.4
37.6
39.8
27.9
26.9
29.1
33.5
37.2
38.7
23.3
25.5
34.8
32.9
39.8
20.9
25.9
32.6
33.3
36.4
24.4
24.3
33.3
44.2
62.3
39.8
44.6
34.1
28.8
32.0
46.9
59.3
40.1
24.5
28.2
33.8
49.2
51.1
54.5
27.9
25.8
28.5
33.4
63.5
24.9
24.9
25.3
30.6
34.4
42.0
39.2
38.1
42.0
41.2
42.1
45.8
42.8
21.4
25.8
27.8
42.5
35.6
27.7
26.6
29.6
30.3
37.6
41.8
27.6
25.1
31.6
37.4
37.4
21.7
26.2
28.4
33.6
32.2
40.0
25.2
24.3
27.5
34.3
36.5
38.6
34.5
25.7
43.0
32.7
37.8
23.2
20.8
26.0
30.1
34.5
40.1
22.5
23.0
29.8
32.1
36.6
21.8
21.1
24.5
31.3
36.1
34.3
29.6
34.4
34.2
47.2
39.4
41.4
34.5
38.3
35.4
40.3
37.0
23.3
21.4
28.4
33.7
35.9
33.5
23.4
24.9
27.3
40.7
49.3
25.2
24.7
27.6
30.5
40.3
38.4
22.7
26.1
31.2
36.1
37.6
38.4
22.0
27.2
33.4
32.0
32.5
39.5
23.2
21.8
22.8
30.4
31.1
40.3
39.1
37.8
25.0
26.0
31.0
36.0
40.8
27.7
21.4
27.6
35.0
35.5
23.1
26.1
28.5
33.8
40.3
21.7
23.4
29.0
32.2
39.0
21.0
24.2
30.9
30.9
34.6
39.6
20.6
26.5
29.9
32.1
36.6
37.6
23.9
24.0
32.5
30.8
45.5
43.3
24.1
32.8
26.3
34.7
38.2
22.5
23.9
32.7
33.6
37.5
39.6
20.9
24.0
37.2
33.3
40.0
27.1
27.8
30.3
29.2
33.4
51.1
24.2
26.6
33.8
45.6
36.6
40.1
34.7
26.2
26.8
39.5
44.8
62.6
54.1
28.4
29.2
29.4
36.2
38.2
58.9
68.6
41.3
67.5
52.5
61.5
57.6
38.4
32.7
45.8
56.9
42.4
74.0
58.3
42.6
36.7
43.0
37.9
45.1
49.9
50.0
35.5
38.3
26.6
43.7
39.9
35.4
55.8
61.6
35.7
31.8
36.4
38.4
56.9
61.4
38.0
55.1
39.0
24.2
39.9
43.0
54.9
46.8
46.1
39.0
40.1
44.3
56.0
41.2
56.6
24.1
35.5
39.1
55.5
44.0
55.4
56.3
58.2
48.0
36.7
30.4
27.0
58.2
41.0
38.1
28.9
38.8
26.0
27.2
44.0
32.4
54.8
27.3
29.1
33.8
45.1
30.2
48.5
30.0
27.7
44.4
31.7
41.7
37.5
44.4
24.6
24.7
31.4
33.2
27.2
30.2
33.7
38.7
21.3
21.9
25.8
36.7
37.5
40.1
22.1
27.2
31.8
34.7
42.4
22.4
27.1
32.5
38.1
36.3
39.6
27.2
25.9
29.2
34.0
36.8
25.2
27.5
27.5
33.7
34.9
42.2
22.9
28.8
26.1
33.4
36.8
40.0
22.3
28.7
29.0
33.6
38.3
23.2
24.6
26.5
35.8
35.7
39.4
22.6
23.2
28.7
34.8
36.3
22.1
25.7
30.9
38.6
51.5
20.9
25.3
23.9
36.7
36.5
37.9
24.2
24.8
34.5
41.3
35.6
40.4
22.1
24.7
32.1
32.9
37.8
21.2
26.3
28.1
48.7
38.2
20.9
22.4
29.7
32.6
39.4
44.4
23.9
28.0
39.8
47.2
40.4
39.5
21.4
25.6
29.0
29.4
46.2
20.8
21.4
47.3
56.8
45.9
49.9
46.0
34.0
23.6
29.6
28.6
39.6
40.7
54.5
43.0
54.1
49.5
42.1
38.2
29.4
44.7
39.7
54.0
45.9
31.4
30.5
39.5
38.3
39.8
40.6
30.0
28.7
31.3
49.9
29.3
41.9
58.4
30.7
24.4
31.2
42.6
38.4
49.1
42.6
37.9
26.7
30.0
26.7
38.9
40.3
34.9
31.1
42.6
55.4
30.0
27.3
50.1
39.3
40.4
40.0
66.3
52.9
32.2
32.2
39.7
48.1
47.8
58.2
67.7
49.3
28.3
47.9
45.3
34.9
43.0
59.1
31.1
36.1
36.4
43.7
49.2
80.0
63.9
60.0
36.5
44.3
28.4
46.3
33.5
48.7
55.5
43.1
31.8
41.2
36.1
45.2
44.8
39.3
49.4
52.6
46.1
36.6
51.1
44.2
44.2
40.8
39.8
42.4
47.9
43.8
33.6
55.6
37.8
33.4
45.0
44.3
41.2
45.5
70.9
47.6
30.4
29.9
40.5
49.7
57.8
37.8
52.3
38.9
35.6
30.0
36.1
30.0
39.9
59.8
42.5
55.0
53.5
47.7
33.3
34.2
39.4
35.5
