1586667027.969356  0
1586667027.985679  0
1586667028.000692  0
1586667028.013954  0
1586667028.028282  0
1586667028.042050  0
1586667028.056090  0
1586667028.070451  0
1586667028.086103  0
1586667028.101888  0
1586667028.116936  0
1586667028.132051  0
1586667028.147009  0
1586667028.160793  0
1586667028.175865  0
1586667028.190346  0
1586667028.202971  0
1586667028.218501  0
1586667028.233251  0
1586667028.247857  0
1586667028.262177  0
1586667028.276627  1
1586667028.291186  0
1586667028.305625  7
1586667028.320442  4
1586667028.333104  4
1586667028.347998  3
1586667028.363128  10
1586667028.378343  10
1586667028.392575  8
1586667028.406169  9
1586667028.418626  9
1586667028.432754  10
1586667028.446769  10
1586667028.459609  9
1586667028.472240  9
1586667028.486268  7
1586667028.500259  10
1586667028.513671  9
1586667028.527850  8
1586667028.541979  8
1586667028.555907  9
1586667028.569896  9
1586667028.583181  3
1586667028.597629  3
1586667028.613087  2
1586667028.628302  2
1586667028.642658  3
1586667028.656134  3
1586667028.669954  3
1586667028.692547  3
1586667028.705832  4
1586667028.719802  4
1586667028.732772  5
1586667028.745960  4
1586667028.760625  4
1586667028.773301  4
1586667028.788680  5
1586667028.802806  5
1586667028.819174  6
1586667028.833679  6
1586667028.848657  5
1586667028.863063  6
1586667028.877696  8
1586667028.890228  8
1586667028.905057  7
1586667028.918577  7
1586667028.932840  8
1586667028.945570  8
1586667028.960151  7
1586667028.977890  10
1586667028.994572  9
1586667029.009096  8
1586667029.022605  8
1586667029.036654  8
1586667029.050699  9
1586667029.065956  10
1586667029.081315  9
1586667029.096057  8
1586667029.110571  9
1586667029.123702  10
1586667029.136696  6
1586667029.150948  3
1586667029.166072  2
1586667029.179487  2
1586667029.193987  3
1586667029.207192  3
1586667029.221446  2
1586667029.234842  4
1586667029.248351  4
1586667029.261834  3
1586667029.275230  6
1586667029.293274  4
1586667029.306485  4
1586667029.320653  5
1586667029.333590  6
1586667029.348524  5
1586667029.366766  6
1586667029.381484  6
1586667029.397588  8
1586667029.411966  5
1586667029.426355  7
1586667029.440268  6
1586667029.452650  8
1586667029.467243  7
1586667029.481360  8
1586667029.495665  7
1586667029.511796  9
1586667029.526176  8
1586667029.541226  9
1586667029.558515  9
1586667029.572832  9
1586667029.584876  9
1586667029.598497  9
1586667029.613427  10
1586667029.629961  10
1586667029.644834  9
1586667029.659135  10
1586667029.672150  10
1586667029.685223  10
1586667029.699653  8
1586667029.715065  8
1586667029.729560  3
1586667029.743551  5
1586667029.756859  3
1586667029.771961  4
1586667029.786240  2
1586667029.800462  3
1586667029.814398  2
1586667029.827465  4
1586667029.842010  3
1586667029.856613  4
1586667029.872559  4
1586667029.890164  5
1586667029.904305  5
1586667029.917212  5
1586667029.930491  6
1586667029.943702  6
1586667029.956234  5
1586667029.968778  6
1586667029.983649  7
1586667029.995709  8
1586667030.008874  6
1586667030.024060  7
1586667030.038454  7
1586667030.052280  7
1586667030.066928  8
1586667030.081557  9
1586667030.095446  8
1586667030.107918  9
1586667030.122459  7
1586667030.137532  9
1586667030.152070  7
1586667030.167712  10
1586667030.183959  10
1586667030.198576  9
1586667030.214780  9
1586667030.229349  9
1586667030.241778  7
1586667030.259151  3
1586667030.272227  3
1586667030.287163  4
1586667030.301976  3
1586667030.316218  3
1586667030.329040  3
1586667030.345122  2
1586667030.358947  3
1586667030.373553  3
1586667030.388519  5
1586667030.402500  4
1586667030.417455  5
1586667030.432455  6
1586667030.445671  5
1586667030.460316  5
1586667030.474274  6
1586667030.495744  6
1586667030.511367  5
1586667030.524629  7
1586667030.538124  6
1586667030.551602  5
1586667030.569072  8
1586667030.584085  9
1586667030.596197  8
1586667030.611242  7
1586667030.625659  9
1586667030.638466  7
1586667030.654701  8
1586667030.668114  8
1586667030.683238  8
1586667030.695277  10
1586667030.709901  9
1586667030.724371  9
1586667030.739233  9
1586667030.754808  10
1586667030.768455  10
1586667030.781299  10
1586667030.796326  10
1586667030.810628  10
1586667030.823987  8
1586667030.836594  10
1586667030.850969  4
1586667030.866987  3
1586667030.881959  3
1586667030.894072  3
1586667030.909104  3
1586667030.923621  2
1586667030.938357  5
1586667030.952766  3
1586667030.967126  4
1586667030.980948  5
1586667030.995746  5
1586667031.010801  5
1586667031.024887  5
1586667031.036930  5
1586667031.051525  5
1586667031.066170  5
1586667031.078697  7
1586667031.095718  7
1586667031.108460  8
1586667031.122814  6
1586667031.137602  8
1586667031.151677  7
1586667031.168051  8
1586667031.183308  6
1586667031.198815  8
1586667031.212289  8
1586667031.224520  7
1586667031.238597  8
1586667031.250939  9
1586667031.266135  8
1586667031.279853  9
1586667031.291909  10
1586667031.306555  9
1586667031.321659  8
1586667031.335750  9
1586667031.348534  8
1586667031.363614  4
1586667031.377961  2
1586667031.392358  3
1586667031.406554  2
1586667031.419222  3
1586667031.435413  3
1586667031.449519  2
1586667031.464278  3
1586667031.479047  4
1586667031.493762  5
1586667031.508805  4
1586667031.523075  5
1586667031.536158  4
1586667031.549993  6
1586667031.564011  6
1586667031.577017  5
1586667031.590957  6
1586667031.605621  7
1586667031.623538  5
1586667031.635937  7
1586667031.648146  6
1586667031.660778  7
1586667031.675795  7
1586667031.688667  5
1586667031.704934  7
1586667031.717710  8
1586667031.731231  8
1586667031.748170  9
1586667031.764276  10
1586667031.777706  9
1586667031.790013  6
1586667031.802274  8
1586667031.814537  8
1586667031.827314  6
1586667031.839796  2
1586667031.852429  3
1586667031.865706  2
1586667031.882096  2
1586667031.896396  4
1586667031.910897  2
1586667031.923590  3
1586667031.936473  3
1586667031.949572  4
1586667031.962447  4
1586667031.974915  3
1586667031.991709  4
1586667032.006598  5
1586667032.018526  4
1586667032.030356  4
1586667032.042322  5
1586667032.055917  6
1586667032.070467  5
1586667032.084399  6
1586667032.099348  6
1586667032.111784  8
1586667032.124304  7
1586667032.145163  7
1586667032.159566  7
1586667032.172047  8
1586667032.185194  7
1586667032.199779  8
1586667032.214375  9
1586667032.230580  9
1586667032.242670  10
1586667032.255168  9
1586667032.267513  9
1586667032.283013  8
1586667032.304659  10
1586667032.324579  9
1586667032.337475  8
1586667032.354445  6
1586667032.369017  6
1586667032.382301  6
1586667032.395933  6
1586667032.414137  6
1586667032.434325  2
1586667032.453935  3
1586667032.474626  2
1586667032.494832  2
1586667032.515054  5
1586667032.534269  4
1586667032.547937  4
1586667032.561004  2
1586667032.573460  3
1586667032.586492  3
1586667032.599803  3
1586667032.614898  5
1586667032.630141  3
1586667032.644300  4
1586667032.656899  4
1586667032.670661  4
1586667032.685589  3
1586667032.700091  4
1586667032.713736  6
1586667032.727944  5
1586667032.743127  5
1586667032.757346  6
1586667032.771279  6
1586667032.783837  6
1586667032.801096  6
1586667032.816098  7
1586667032.831554  7
1586667032.845626  7
1586667032.857796  7
1586667032.880470  7
1586667032.894274  8
1586667032.907890  7
1586667032.920747  7
1586667032.934513  9
1586667032.950703  8
1586667032.965189  6
1586667032.980726  7
1586667032.995058  8
1586667033.008951  9
1586667033.024316  9
1586667033.040748  9
1586667033.054575  7
1586667033.074589  10
1586667033.090257  10
1586667033.105157  8
1586667033.120394  6
1586667033.134430  5
1586667033.151098  3
1586667033.165016  5
1586667033.180522  3
1586667033.195260  2
1586667033.207336  4
1586667033.221112  2
1586667033.233926  3
1586667033.246181  1
1586667033.261086  4
1586667033.275478  2
1586667033.290094  3
1586667033.308355  2
1586667033.320622  3
1586667033.333596  4
1586667033.348311  4
1586667033.362479  4
1586667033.374528  5
1586667033.388804  4
1586667033.403617  4
1586667033.416797  6
1586667033.433018  6
1586667033.446111  6
1586667033.459224  6
1586667033.476357  5
1586667033.489488  6
1586667033.526821  5
1586667033.539069  6
1586667033.553693  9
1586667033.569203  7
1586667033.585412  7
1586667033.604875  8
1586667033.624894  8
1586667033.636872  8
1586667033.655181  8
1586667033.669060  6
1586667033.684837  10
1586667033.699078  10
1586667033.715146  8
1586667033.729205  7
1586667033.745605  8
1586667033.759153  8
1586667033.774796  7
1586667033.787852  4
1586667033.801060  2
1586667033.815132  3
1586667033.830563  2
1586667033.844193  2
1586667033.857059  3
1586667033.870180  4
1586667033.883859  3
1586667033.896331  3
1586667033.910106  3
1586667033.922927  3
1586667033.934749  3
1586667033.946639  4
1586667033.958418  4
1586667033.971301  4
1586667033.983095  4
1586667033.997896  4
1586667034.009825  5
1586667034.021751  4
1586667034.033676  4
1586667034.045510  6
1586667034.061594  5
1586667034.075567  6
1586667034.090711  7
1586667034.104881  6
1586667034.119321  6
1586667034.133250  6
1586667034.145754  9
1586667034.159881  6
1586667034.171829  8
1586667034.184475  8
1586667034.199812  7
1586667034.211785  8
1586667034.231045  8
1586667034.245038  7
1586667034.265380  7
1586667034.285068  8
1586667034.305474  9
1586667034.322636  8
1586667034.335007  6
1586667034.349248  6
1586667034.363255  3
1586667034.377689  1
1586667034.391684  3
1586667034.406654  2
1586667034.421887  2
1586667034.436328  2
1586667034.451026  4
1586667034.466281  3
1586667034.480626  2
1586667034.494821  4
1586667034.508744  3
1586667034.522771  4
1586667034.538038  3
1586667034.551723  5
1586667034.565837  5
1586667034.579862  5
1586667034.593763  5
1586667034.606600  6
1586667034.620436  6
1586667034.634462  6
1586667034.648500  6
1586667034.663679  6
1586667034.676415  6
1586667034.689933  6
1586667034.703007  7
1586667034.718477  8
1586667034.732882  8
1586667034.745095  8
1586667034.758174  8
1586667034.771946  7
1586667034.786391  7
1586667034.800528  8
1586667034.815635  8
1586667034.831810  6
1586667034.845190  1
1586667034.863817  1
1586667034.883824  2
1586667034.903529  1
1586667034.920537  1
1586667034.933854  1
1586667034.945960  2
1586667034.961554  1
1586667034.975824  4
1586667034.991642  3
1586667035.006142  2
1586667035.020656  3
1586667035.035421  3
1586667035.051880  4
1586667035.065443  4
1586667035.077560  4
1586667035.091921  2
1586667035.105340  4
1586667035.120689  4
1586667035.135565  4
1586667035.152081  4
1586667035.165741  4
1586667035.182050  6
1586667035.196006  5
1586667035.212068  6
1586667035.226256  4
1586667035.242190  5
1586667035.255648  5
1586667035.272133  5
1586667035.286038  6
1586667035.298904  7
1586667035.316028  6
1586667035.328481  6
1586667035.345403  6
1586667035.362240  6
1586667035.375830  7
1586667035.391255  6
1586667035.403511  6
1586667035.415768  5
1586667035.431379  6
1586667035.445914  9
1586667035.461437  8
1586667035.474534  6
1586667035.490070  7
1586667035.503562  9
1586667035.515668  7
1586667035.531378  7
1586667035.546530  7
1586667035.561446  9
1586667035.575826  7
1586667035.591497  9
1586667035.603265  9
1586667035.615862  7
1586667035.629952  6
1586667035.643667  3
1586667035.657345  5
1586667035.669893  2
1586667035.685687  2
1586667035.701248  2
1586667035.714237  3
1586667035.728367  3
1586667035.742139  2
1586667035.754481  4
1586667035.773089  4
1586667035.786005  5
1586667035.800680  4
1586667035.818252  5
1586667035.832983  5
1586667035.846295  6
1586667035.860297  5
1586667035.877408  5
1586667035.892698  4
1586667035.908542  6
1586667035.922497  6
1586667035.936557  6
1586667035.952059  6
1586667035.967589  8
1586667035.983491  6
1586667035.995771  8
1586667036.007566  7
1586667036.021210  8
1586667036.034760  8
1586667036.049402  8
1586667036.063934  10
1586667036.077810  8
1586667036.090101  9
1586667036.105095  8
1586667036.119734  8
1586667036.134987  8
1586667036.149618  8
1586667036.163276  8
1586667036.177649  8
1586667036.190036  10
1586667036.202806  2
1586667036.215210  4
1586667036.228178  2
1586667036.240921  4
1586667036.254912  3
1586667036.270835  5
1586667036.283295  3
1586667036.296292  4
1586667036.308512  3
1586667036.323975  3
1586667036.336730  3
1586667036.350436  3
1586667036.366550  4
1586667036.379448  4
1586667036.391937  5
1586667036.407036  4
1586667036.422000  6
1586667036.436996  6
1586667036.449471  7
1586667036.463702  6
1586667036.476620  6
1586667036.491354  7
1586667036.509155  7
1586667036.522876  6
1586667036.535964  6
1586667036.549893  7
1586667036.563908  6
1586667036.579388  8
1586667036.593444  9
1586667036.608246  8
1586667036.622752  8
1586667036.636969  8
1586667036.651124  9
1586667036.664733  9
1586667036.679013  10
1586667036.694133  8
1586667036.712236  8
1586667036.725145  6
1586667036.738806  8
1586667036.753656  6
1586667036.767915  3
1586667036.782262  2
1586667036.797077  5
1586667036.812026  2
1586667036.826797  2
1586667036.840873  3
1586667036.854987  3
1586667036.869219  3
1586667036.885574  3
1586667036.899908  5
1586667036.914534  4
1586667036.927806  4
1586667036.942161  4
1586667036.957176  5
1586667036.970750  5
1586667036.984534  5
1586667036.998341  7
1586667037.011963  7
1586667037.025188  6
1586667037.044969  6
1586667037.057118  4
1586667037.070240  5
1586667037.085167  7
1586667037.099900  8
1586667037.112732  7
1586667037.126810  7
1586667037.139862  8
1586667037.154605  7
1586667037.171647  7
1586667037.186396  10
1586667037.199235  8
1586667037.213852  7
1586667037.228105  8
1586667037.241775  9
1586667037.254777  5
1586667037.268767  3
1586667037.282098  2
1586667037.295813  3
1586667037.309361  2
1586667037.322382  4
1586667037.336677  3
1586667037.349004  4
1586667037.363830  2
1586667037.379496  4
1586667037.392488  4
1586667037.404684  4
1586667037.417281  3
1586667037.431468  6
1586667037.445292  4
1586667037.460530  3
1586667037.475685  4
1586667037.487789  5
1586667037.501704  7
1586667037.515604  4
1586667037.529992  6
1586667037.544389  7
1586667037.557405  6
1586667037.574122  6
1586667037.591921  8
1586667037.605713  8
1586667037.619709  7
1586667037.633697  7
1586667037.652279  9
1586667037.664387  8
1586667037.676690  8
1586667037.692885  6
1586667037.706780  8
1586667037.719591  8
1586667037.735080  7
1586667037.749312  9
1586667037.767077  10
1586667037.781074  9
1586667037.794938  8
1586667037.809393  9
1586667037.823750  10
1586667037.836422  8
1586667037.851705  8
1586667037.868782  7
1586667037.881938  2
1586667037.894970  4
1586667037.909565  2
1586667037.923699  3
1586667037.936169  4
1586667037.953556  3
1586667037.968436  3
1586667037.982357  3
1586667037.996235  3
1586667038.011129  5
1586667038.025821  4
1586667038.040451  3
1586667038.052986  5
1586667038.066336  5
1586667038.080752  5
1586667038.094897  4
1586667038.109870  7
1586667038.124401  7
1586667038.138493  6
1586667038.151059  5
1586667038.164096  7
1586667038.178886  6
1586667038.193369  7
1586667038.207852  8
1586667038.222087  6
1586667038.239832  8
1586667038.253522  6
1586667038.268081  8
1586667038.282400  8
1586667038.295963  8
1586667038.310658  9
1586667038.324149  8
1586667038.336972  10
1586667038.352204  9
1586667038.366576  8
1586667038.380748  10
1586667038.398394  9
1586667038.411796  10
1586667038.426079  9
1586667038.440297  8
1586667038.455119  6
1586667038.467217  5
1586667038.481831  2
1586667038.497031  4
1586667038.510837  1
1586667038.527676  2
1586667038.540901  2
1586667038.554844  3
1586667038.568626  4
1586667038.580729  3
1586667038.595271  3
1586667038.609614  4
1586667038.624576  3
1586667038.638787  3
1586667038.652497  5
1586667038.665689  5
1586667038.680177  6
1586667038.693890  5
1586667038.707824  6
1586667038.727144  6
1586667038.739091  5
1586667038.754851  6
1586667038.768359  5
1586667038.784099  7
1586667038.797865  7
1586667038.811576  8
1586667038.826590  6
1586667038.841513  7
1586667038.856450  7
1586667038.870289  7
1586667038.885495  7
1586667038.899762  9
1586667038.913111  10
1586667038.926741  8
1586667038.941354  9
1586667038.956329  8
1586667038.973870  8
1586667038.986850  8
1586667039.000744  7
1586667039.015115  5
1586667039.028650  3
1586667039.042826  2
1586667039.057026  2
1586667039.070694  3
1586667039.084887  1
1586667039.101153  3
1586667039.116025  3
1586667039.130363  3
1586667039.144171  4
1586667039.157893  3
1586667039.171853  3
1586667039.186867  4
1586667039.201351  4
1586667039.216794  5
1586667039.231175  5
1586667039.243710  5
1586667039.257428  5
1586667039.269986  5
1586667039.285051  6
1586667039.299995  5
1586667039.313961  7
1586667039.330277  6
1586667039.345202  6
1586667039.360032  8
1586667039.374212  6
1586667039.388558  7
1586667039.402343  7
1586667039.415926  10
1586667039.429517  9
1586667039.444961  7
1586667039.458414  9
1586667039.471963  8
1586667039.486159  9
1586667039.501477  9
1586667039.515663  9
1586667039.529416  10
1586667039.544075  8
1586667039.557149  6
1586667039.573857  8
1586667039.588241  3
1586667039.602294  4
1586667039.615907  3
1586667039.630170  2
1586667039.644143  2
1586667039.657652  3
1586667039.671409  4
1586667039.686721  2
1586667039.701310  3
1586667039.715827  4
1586667039.728543  4
1586667039.740750  4
1586667039.755360  4
1586667039.769336  5
1586667039.782374  5
1586667039.797040  5
1586667039.811097  6
1586667039.827874  6
1586667039.842320  6
1586667039.856464  5
1586667039.870988  7
1586667039.883369  7
1586667039.898219  7
1586667039.912259  6
1586667039.926192  9
1586667039.938467  7
1586667039.954487  7
1586667039.969143  7
1586667039.983042  9
1586667039.996988  9
1586667040.010104  7
1586667040.024900  10
1586667040.038919  9
1586667040.053102  8
1586667040.066601  8
1586667040.081026  7
1586667040.094819  7
1586667040.109985  2
1586667040.124415  4
1586667040.137235  2
1586667040.149940  2
1586667040.163907  3
1586667040.177109  2
1586667040.191188  2
1586667040.205081  3
1586667040.218685  2
1586667040.232325  4
1586667040.246504  3
1586667040.263747  3
1586667040.277722  4
1586667040.291903  4
1586667040.305980  4
1586667040.319935  4
1586667040.336165  5
1586667040.350027  5
1586667040.362892  5
1586667040.377157  5
1586667040.394377  7
1586667040.409042  6
1586667040.423248  6
1586667040.437271  8
1586667040.450908  7
1586667040.466223  7
1586667040.481093  7
1586667040.495139  7
1586667040.509699  9
1586667040.522491  7
1586667040.534695  10
1586667040.547189  10
1586667040.560019  8
1586667040.572248  10
1586667040.594146  7
1586667040.606082  5
1586667040.618381  8
1586667040.634329  7
1586667040.646700  7
1586667040.661569  4
1586667040.675795  5
1586667040.691103  2
1586667040.705230  4
1586667040.718053  2
1586667040.734555  4
1586667040.749341  3
1586667040.762146  3
1586667040.775020  3
1586667040.791688  3
1586667040.804248  3
1586667040.823415  4
1586667040.838275  5
1586667040.852130  5
1586667040.864265  6
1586667040.876284  5
1586667040.890994  4
1586667040.907093  6
1586667040.919592  6
1586667040.932070  7
1586667040.947409  7
1586667040.961538  5
1586667040.974738  6
1586667040.988197  6
1586667041.004821  6
1586667041.018401  7
1586667041.032635  6
1586667041.044919  8
1586667041.058404  8
1586667041.074993  6
1586667041.087103  7
1586667041.102607  8
1586667041.117059  8
1586667041.131133  8
1586667041.148457  8
1586667041.160896  10
1586667041.173381  10
1586667041.187062  9
1586667041.199891  7
1586667041.213480  8
1586667041.228478  9
1586667041.244430  8
1586667041.258580  9
1586667041.274582  3
1586667041.288756  3
1586667041.303714  2
1586667041.316548  1
1586667041.328564  5
1586667041.344755  4
1586667041.357820  3
1586667041.370468  0
1586667041.384738  4
1586667041.398432  3
1586667041.414843  3
1586667041.428644  3
1586667041.444877  4
1586667041.464893  3
1586667041.478633  3
1586667041.495015  1
1586667041.508842  5
1586667041.524945  5
1586667041.539141  3
1586667041.554982  5
1586667041.569660  6
1586667041.583883  4
1586667041.596566  4
1586667041.609842  5
1586667041.622909  5
1586667041.635741  5
1586667041.648695  6
1586667041.664697  6
1586667041.678836  6
1586667041.694997  4
1586667041.708992  6
1586667041.725021  4
1586667041.736830  6
1586667041.748923  7
1586667041.762944  8
1586667041.777144  10
1586667041.794261  6
1586667041.808223  7
1586667041.823144  7
1586667041.837968  6
1586667041.852727  2
1586667041.867742  2
1586667041.882352  3
1586667041.896136  2
1586667041.914135  3
1586667041.928000  2
1586667041.942293  3
1586667041.955149  2
1586667041.971927  4
1586667041.988018  2
1586667042.002057  3
1586667042.016246  3
1586667042.031478  6
1586667042.045831  3
1586667042.058973  3
1586667042.071388  5
1586667042.085573  5
1586667042.098590  6
1586667042.111039  5
1586667042.123563  6
1586667042.137977  4
1586667042.152486  6
1586667042.167242  6
1586667042.182314  7
1586667042.196358  7
1586667042.210581  7
1586667042.224615  9
1586667042.239312  7
1586667042.254445  9
1586667042.269201  9
1586667042.283855  10
1586667042.296409  9
1586667042.314177  8
1586667042.329441  10
1586667042.349165  9
1586667042.361662  9
1586667042.375403  7
1586667042.390193  6
1586667042.403859  4
1586667042.417136  4
1586667042.430823  1
1586667042.443072  4
1586667042.455051  2
1586667042.467593  3
1586667042.482686  3
1586667042.494691  2
1586667042.509073  2
1586667042.521568  3
1586667042.533403  3
1586667042.548434  3
1586667042.563043  4
1586667042.578652  3
1586667042.593863  4
1586667042.607172  4
1586667042.621101  4
1586667042.635184  6
1586667042.649908  7
1586667042.664615  4
1586667042.682729  5
1586667042.697645  6
1586667042.713028  5
1586667042.726983  7
1586667042.741058  7
1586667042.754982  8
1586667042.768305  7
1586667042.785449  8
1586667042.804000  8
1586667042.816855  7
1586667042.830617  8
1586667042.845300  8
1586667042.859277  8
1586667042.879501  9
1586667042.895926  9
1586667042.909697  7
1586667042.924178  8
1586667042.936559  7
1586667042.951309  6
1586667042.967878  2
1586667042.981351  3
1586667042.998348  3
1586667043.011904  2
1586667043.026245  2
1586667043.039510  4
1586667043.055810  3
1586667043.069512  2
1586667043.083072  5
1586667043.099782  3
1586667043.113340  4
1586667043.126993  4
1586667043.139929  4
1586667043.155082  3
1586667043.172030  5
1586667043.187458  6
1586667043.201125  5
1586667043.214637  5
1586667043.229449  5
1586667043.244304  6
1586667043.260533  6
1586667043.275643  7
1586667043.289768  7
1586667043.304007  8
1586667043.319453  7
1586667043.335774  7
1586667043.349318  7
1586667043.361658  9
1586667043.375813  8
1586667043.390213  9
1586667043.402440  10
1586667043.419465  8
1586667043.431931  7
1586667043.444074  9
1586667043.456713  9
1586667043.469181  10
1586667043.483936  9
1586667043.500346  9
1586667043.518781  7
1586667043.534218  10
1586667043.548345  9
1586667043.562075  8
1586667043.574727  6
1586667043.587949  4
1586667043.601469  2
1586667043.615559  2
1586667043.631554  3
1586667043.645013  2
1586667043.659265  3
1586667043.672321  2
1586667043.685619  4
1586667043.704107  4
1586667043.716843  5
1586667043.729776  3
1586667043.743093  5
1586667043.757388  5
1586667043.771718  5
1586667043.784651  5
1586667043.799016  7
1586667043.812011  6
1586667043.826366  7
1586667043.844530  6
1586667043.859165  7
1586667043.873198  6
1586667043.887846  8
1586667043.904314  8
1586667043.917284  8
1586667043.931694  8
1586667043.946322  6
1586667043.960710  7
1586667043.975763  7
1586667043.988087  9
1586667044.001494  8
1586667044.014773  9
1586667044.028172  10
1586667044.040913  9
1586667044.055288  9
1586667044.067831  10
1586667044.085646  9
1586667044.100187  10
1586667044.113139  9
1586667044.130145  8
1586667044.142521  8
1586667044.156846  6
1586667044.169077  2
1586667044.181859  3
1586667044.194285  1
1586667044.211103  3
1586667044.226589  0
1586667044.238665  4
1586667044.252838  2
1586667044.265412  2
1586667044.281902  4
1586667044.299655  3
1586667044.314980  4
1586667044.328947  5
1586667044.343012  4
1586667044.357732  6
1586667044.370757  4
1586667044.385549  5
1586667044.404123  7
1586667044.418439  6
1586667044.435895  6
1586667044.448683  6
1586667044.461295  6
1586667044.478050  6
1586667044.490992  8
1586667044.504561  9
1586667044.516693  7
1586667044.530699  7
1586667044.543665  7
1586667044.559113  8
1586667044.571706  8
1586667044.586587  8
1586667044.602700  9
1586667044.615005  9
1586667044.630264  8
1586667044.642720  8
1586667044.657154  10
1586667044.672623  9
1586667044.686369  9
1586667044.700278  8
1586667044.712610  10
1586667044.726787  8
1586667044.738966  3
1586667044.751741  4
1586667044.766055  1
1586667044.778338  2
1586667044.792162  1
1586667044.804742  2
1586667044.818616  1
1586667044.831177  2
1586667044.845679  0
1586667044.858245  3
1586667044.872785  2
1586667044.889646  1
1586667044.904283  2
1586667044.920872  2
1586667044.933384  3
1586667044.948781  1
1586667044.965697  3
1586667044.978236  1
1586667044.991037  3
1586667045.005754  3
1586667045.021234  3
1586667045.034692  3
1586667045.048389  2
1586667045.062533  3
1586667045.081416  4
1586667045.094520  4
1586667045.109086  5
1586667045.122939  2
1586667045.135494  5
1586667045.148347  4
1586667045.162366  4
1586667045.175418  4
1586667045.191640  6
1586667045.205664  5
1586667045.218459  5
1586667045.233569  5
1586667045.248551  5
1586667045.264140  6
1586667045.280971  6
1586667045.295588  8
1586667045.308610  8
1586667045.326231  8
1586667045.339584  7
1586667045.352985  7
1586667045.366629  9
1586667045.380842  9
1586667045.398966  7
1586667045.411527  10
1586667045.425445  10
1586667045.439538  9
1586667045.451778  8
1586667045.467907  10
1586667045.480425  9
1586667045.494878  8
1586667045.510841  9
1586667045.524428  8
1586667045.539526  4
1586667045.552597  2
1586667045.570751  3
1586667045.589441  2
1586667045.602991  3
1586667045.617531  3
1586667045.633006  2
1586667045.650200  4
1586667045.668813  3
1586667045.681648  3
1586667045.696221  4
1586667045.708517  5
1586667045.721740  5
1586667045.735388  4
1586667045.749638  5
1586667045.765002  5
1586667045.781950  5
1586667045.795696  5
1586667045.809440  7
1586667045.822046  5
1586667045.837776  6
1586667045.851679  5
1586667045.865647  7
1586667045.880387  6
1586667045.894704  7
1586667045.911680  8
1586667045.926550  10
1586667045.941355  8
1586667045.953922  10
1586667045.967664  8
1586667045.982957  8
1586667045.995669  8
1586667046.013010  9
1586667046.027779  9
1586667046.043082  7
1586667046.059344  8
1586667046.077448  9
1586667046.091316  2
1586667046.105277  4
1586667046.120023  2
1586667046.134626  3
1586667046.149677  3
1586667046.162887  2
1586667046.177170  3
1586667046.191450  3
1586667046.207511  3
1586667046.220803  4
1586667046.235299  2
1586667046.253232  4
1586667046.267594  4
1586667046.280768  4
1586667046.297105  6
1586667046.310135  6
1586667046.323695  6
1586667046.338419  6
1586667046.351356  6
1586667046.365577  6
1586667046.379929  6
1586667046.397048  6
1586667046.409207  6
1586667046.422742  8
1586667046.437612  7
1586667046.452839  7
1586667046.468533  7
1586667046.483326  8
1586667046.497997  8
1586667046.511740  9
1586667046.525610  9
1586667046.539978  8
1586667046.554578  8
1586667046.571543  8
1586667046.584125  8
1586667046.597736  6
1586667046.611779  2
1586667046.629367  4
1586667046.645816  2
1586667046.660078  3
1586667046.674771  2
1586667046.689250  3
1586667046.701847  3
1586667046.718169  4
1586667046.733029  4
1586667046.746470  3
1586667046.766029  5
1586667046.779925  5
1586667046.794976  5
1586667046.808855  4
1586667046.822308  7
1586667046.836571  4
1586667046.851833  5
1586667046.866249  6
1586667046.884535  6
1586667046.899231  6
1586667046.915925  6
1586667046.930453  8
1586667046.944023  8
1586667046.958282  8
1586667046.973203  8
1586667046.987724  9
1586667047.001951  9
1586667047.015371  8
1586667047.031806  9
1586667047.046538  9
1586667047.063742  8
1586667047.076500  8
1586667047.088926  9
1586667047.103354  7
1586667047.120114  2
1586667047.135408  2
1586667047.149051  1
1586667047.162571  3
1586667047.177134  3
1586667047.191487  3
1586667047.206178  4
1586667047.219472  2
1586667047.233435  4
1586667047.247444  2
1586667047.264297  2
1586667047.277730  3
1586667047.290181  3
1586667047.303944  4
1586667047.317895  4
1586667047.330876  4
1586667047.343904  5
1586667047.358395  5
1586667047.371202  5
1586667047.385669  6
1586667047.400728  7
1586667047.417013  7
1586667047.432110  7
1586667047.446420  6
1586667047.460560  7
1586667047.474669  7
1586667047.489368  6
1586667047.504470  7
1586667047.518661  8
1586667047.534239  9
1586667047.548737  9
1586667047.562019  8
1586667047.577880  7
1586667047.591817  7
1586667047.606491  5
1586667047.623384  2
1586667047.636284  2
1586667047.650508  2
1586667047.663954  2
1586667047.678493  3
1586667047.692703  3
1586667047.706331  2
1586667047.720431  4
1586667047.734909  4
1586667047.757524  4
1586667047.770137  4
1586667047.783910  4
1586667047.796731  5
1586667047.810737  5
1586667047.827754  5
1586667047.840571  5
1586667047.853673  6
1586667047.870204  5
1586667047.883136  5
1586667047.897126  6
1586667047.911720  6
1586667047.925765  7
1586667047.939893  8
1586667047.952173  5
1586667047.965309  7
1586667047.983660  6
1586667047.998663  8
1586667048.012030  7
1586667048.028125  8
1586667048.040794  10
1586667048.054258  8
1586667048.069458  8
1586667048.083656  8
1586667048.101989  9
1586667048.114758  9
1586667048.127191  10
1586667048.141975  9
1586667048.157606  10
1586667048.170468  8
1586667048.183673  9
1586667048.197933  8
1586667048.211884  2
1586667048.228786  4
1586667048.241289  1
1586667048.255799  2
1586667048.270773  4
1586667048.283463  3
1586667048.297394  2
1586667048.313248  4
1586667048.331141  3
1586667048.344924  5
1586667048.357411  4
1586667048.369511  3
1586667048.383786  5
1586667048.398292  5
1586667048.413414  5
1586667048.431613  6
1586667048.445376  6
1586667048.457308  6
1586667048.470268  5
1586667048.483732  6
1586667048.497862  6
1586667048.511599  5
1586667048.532079  5
1586667048.543981  7
1586667048.557993  7
1586667048.572690  7
1586667048.587490  8
1586667048.602438  7
1586667048.614642  7
1586667048.630909  9
1586667048.644730  9
1586667048.657044  10
1586667048.670688  10
1586667048.688144  10
1586667048.702830  9
1586667048.716202  9
1586667048.728730  9
1586667048.742706  9
1586667048.754867  9
1586667048.769288  8
1586667048.781900  7
1586667048.798822  7
1586667048.811381  2
1586667048.823794  3
1586667048.836204  2
1586667048.850555  3
1586667048.864401  1
1586667048.877689  4
1586667048.889959  4
1586667048.902154  3
1586667048.916791  3
1586667048.931461  4
1586667048.944050  4
1586667048.959027  4
1586667048.975508  2
1586667048.987299  4
1586667049.003154  4
1586667049.015437  5
1586667049.032330  6
1586667049.045060  6
1586667049.059201  7
1586667049.071784  6
1586667049.084541  6
1586667049.098085  5
1586667049.110194  6
1586667049.122382  6
1586667049.134497  6
1586667049.146592  7
1586667049.158677  8
1586667049.170932  7
1586667049.183937  8
1586667049.196529  8
1586667049.211675  8
1586667049.224089  9
1586667049.237730  7
1586667049.250619  8
1586667049.264349  9
1586667049.278262  10
1586667049.291345  8
1586667049.303205  8
1586667049.316324  10
1586667049.330909  10
1586667049.348365  8
1586667049.360256  9
1586667049.372073  8
1586667049.384182  7
1586667049.398282  9
1586667049.415527  8
1586667049.427241  9
1586667049.441275  6
1586667049.453681  4
1586667049.468033  2
1586667049.483355  3
1586667049.497898  3
1586667049.511275  2
1586667049.525556  4
1586667049.540984  3
1586667049.554147  4
1586667049.568967  4
1586667049.581028  6
1586667049.593235  4
1586667049.608290  3
1586667049.620664  4
1586667049.639156  4
1586667049.651822  5
1586667049.665200  4
1586667049.678775  5
1586667049.692936  7
1586667049.707968  7
1586667049.721827  6
1586667049.736566  6
1586667049.751392  7
1586667049.766424  8
1586667049.781312  6
1586667049.796277  7
1586667049.810913  9
1586667049.825373  8
1586667049.839607  8
1586667049.853467  10
1586667049.868999  9
1586667049.882980  8
1586667049.896630  8
1586667049.910582  8
1586667049.924385  8
1586667049.938469  5
1586667049.952749  2
1586667049.966741  3
1586667049.980838  2
1586667049.993984  2
1586667050.007574  3
1586667050.021482  3
1586667050.035108  2
1586667050.050014  3
1586667050.065038  3
1586667050.079708  4
1586667050.092606  4
1586667050.107090  4
1586667050.121336  4
1586667050.135005  4
1586667050.150433  5
1586667050.164267  6
1586667050.179018  6
1586667050.191768  6
1586667050.206590  6
1586667050.221082  6
1586667050.234278  6
1586667050.248065  6
1586667050.262466  8
1586667050.275474  8
1586667050.289348  7
1586667050.304132  7
1586667050.319960  7
1586667050.335874  8
1586667050.350159  8
1586667050.364155  8
1586667050.378564  10
1586667050.392185  8
1586667050.405563  7
1586667050.419811  9
1586667050.434397  10
1586667050.452222  8
1586667050.464721  9
1586667050.479368  8
1586667050.494861  8
1586667050.509538  8
1586667050.523506  9
1586667050.538141  3
1586667050.551466  2
1586667050.564589  3
1586667050.579926  2
1586667050.593646  4
1586667050.607922  2
1586667050.622475  3
1586667050.635353  3
1586667050.650601  3
1586667050.665093  4
1586667050.678898  5
1586667050.694557  4
1586667050.709737  4
1586667050.723114  6
1586667050.741918  6
1586667050.754105  4
1586667050.772885  5
1586667050.789947  6
1586667050.802768  7
1586667050.818366  6
1586667050.834183  6
1586667050.847802  7
1586667050.862004  7
1586667050.874803  8
1586667050.888813  8
1586667050.906957  8
1586667050.919793  9
1586667050.933667  7
1586667050.949855  8
1586667050.964080  8
1586667050.978205  7
1586667050.992947  7
1586667051.007461  7
1586667051.023548  6
1586667051.039302  8
1586667051.051360  2
1586667051.064003  5
1586667051.077522  1
1586667051.093749  1
1586667051.107440  1
1586667051.119318  2
1586667051.133289  1
1586667051.145294  4
1586667051.161944  2
1586667051.175886  3
1586667051.188504  4
1586667051.205333  3
1586667051.223420  4
1586667051.240673  3
1586667051.252572  4
1586667051.265028  5
1586667051.279673  6
1586667051.299495  6
1586667051.314198  5
1586667051.329510  5
1586667051.343430  5
1586667051.355303  5
1586667051.369128  6
1586667051.382902  6
1586667051.399205  6
1586667051.411925  6
1586667051.426793  7
1586667051.441240  6
1586667051.453523  7
1586667051.467707  7
1586667051.482081  7
1586667051.496591  8
1586667051.511373  8
1586667051.524679  8
1586667051.537132  9
1586667051.551363  8
1586667051.564913  10
1586667051.578623  9
1586667051.598556  9
1586667051.613800  7
1586667051.629643  7
1586667051.644051  7
1586667051.659662  8
1586667051.674038  3
1586667051.687616  4
1586667051.699948  2
1586667051.712445  3
1586667051.724857  3
1586667051.739810  2
1586667051.754963  4
1586667051.768684  2
1586667051.780747  4
1586667051.793143  4
1586667051.805933  4
1586667051.821420  3
1586667051.834687  1
1586667051.854753  5
1586667051.869089  4
1586667051.881377  5
1586667051.894954  5
1586667051.909600  4
1586667051.924349  4
1586667051.939714  3
1586667051.954043  6
1586667051.966611  5
1586667051.983145  7
1586667051.998818  8
1586667052.014228  7
1586667052.028823  6
1586667052.043832  8
1586667052.058852  6
1586667052.074357  6
1586667052.088897  7
1586667052.101014  8
1586667052.115731  9
1586667052.128967  8
1586667052.145145  9
1586667052.159343  8
1586667052.172975  8
1586667052.187972  8
1586667052.199961  10
1586667052.213774  9
1586667052.226759  9
1586667052.241004  9
1586667052.258151  9
1586667052.271810  8
1586667052.286511  9
1586667052.303176  6
1586667052.315280  1
1586667052.333870  3
1586667052.353731  3
1586667052.373754  2
1586667052.388085  4
1586667052.400263  3
1586667052.414335  2
1586667052.431701  2
1586667052.444089  3
1586667052.458597  4
1586667052.474994  4
1586667052.490478  2
1586667052.504842  4
1586667052.519922  3
1586667052.534220  2
1586667052.546552  5
1586667052.559582  4
1586667052.574556  5
1586667052.586866  7
1586667052.600091  6
1586667052.612924  4
1586667052.625109  5
1586667052.639527  6
1586667052.660476  8
1586667052.672866  6
1586667052.688933  6
1586667052.704797  8
1586667052.718918  7
1586667052.734999  9
1586667052.748943  7
1586667052.764190  9
1586667052.778097  6
1586667052.790615  8
1586667052.804294  9
1586667052.821776  9
1586667052.834286  9
1586667052.854570  8
1586667052.874353  9
1586667052.894438  9
1586667052.910813  9
1586667052.924535  8
1586667052.940170  4
1586667052.954622  2
1586667052.970214  3
1586667052.984201  1
1586667053.000257  0
1586667053.015056  2
1586667053.030223  1
1586667053.044986  2
1586667053.060263  0
1586667053.074611  1
1586667053.090287  1
1586667053.105179  1
1586667053.120328  1
1586667053.134399  1
1586667053.150286  0
1586667053.164631  2
1586667053.177227  1
1586667053.190348  0
1586667053.204909  2
1586667053.220400  1
1586667053.234818  3
1586667053.250349  2
1586667053.264821  2
1586667053.280403  0
1586667053.294542  3
1586667053.310439  2
1586667053.324769  4
1586667053.340660  2
1586667053.353534  4
1586667053.367719  3
1586667053.384921  1
1586667053.397740  3
1586667053.414570  2
1586667053.427768  4
1586667053.445127  3
1586667053.457062  3
1586667053.474586  3
1586667053.489087  3
1586667053.504444  3
1586667053.524465  5
1586667053.544479  5
1586667053.564477  6
1586667053.584520  7
1586667053.604557  6
1586667053.624528  6
1586667053.644536  5
1586667053.664565  6
1586667053.682828  7
1586667053.699596  6
1586667053.714797  3
1586667053.730783  5
1586667053.744994  5
1586667053.760838  6
1586667053.774553  5
1586667053.786608  7
1586667053.801057  4
1586667053.815410  5
1586667053.831126  6
1586667053.845579  8
1586667053.863083  5
1586667053.883039  8
1586667053.903045  8
1586667053.915067  7
1586667053.931292  6
1586667053.943106  5
1586667053.955398  8
1586667053.973106  7
1586667053.985565  7
1586667054.003120  8
1586667054.023147  8
1586667054.043176  7
1586667054.063186  8
1586667054.083195  8
1586667054.095227  9
1586667054.113243  8
1586667054.125508  8
1586667054.143253  6
1586667054.163274  9
1586667054.183289  8
1586667054.195160  9
1586667054.213307  6
1586667054.225401  5
1586667054.243411  2
1586667054.255727  4
1586667054.273374  6
1586667054.293402  4
1586667054.313411  3
1586667054.331475  2
1586667054.343438  2
1586667054.363433  0
1586667054.375661  3
1586667054.393464  1
1586667054.405916  3
1586667054.423516  3
1586667054.440856  3
1586667054.455224  2
1586667054.470335  4
1586667054.485490  4
1586667054.499182  3
1586667054.511630  2
1586667054.525549  4
1586667054.541655  4
1586667054.555658  3
1586667054.571795  6
1586667054.585793  6
1586667054.601801  6
1586667054.616013  5
1586667054.631808  5
1586667054.645341  5
1586667054.658494  6
1586667054.671858  7
1586667054.685974  8
1586667054.699905  7
1586667054.715318  5
1586667054.731800  4
1586667054.745257  6
1586667054.761134  7
1586667054.775666  7
1586667054.791166  8
1586667054.805007  8
1586667054.817581  7
1586667054.832012  6
1586667054.845307  7
1586667054.859494  8
1586667054.875441  7
1586667054.895528  9
1586667054.908275  8
1586667054.925286  10
1586667054.945405  8
1586667054.964123  7
1586667054.984009  7
1586667055.004035  9
1586667055.018167  8
1586667055.035920  8
1586667055.054056  4
1586667055.074119  3
1586667055.094092  1
1586667055.114122  2
1586667055.128431  4
1586667055.144134  2
1586667055.164157  1
1586667055.184213  2
1586667055.196141  3
1586667055.212396  2
1586667055.234204  4
1586667055.249351  2
1586667055.264224  2
1586667055.277314  3
1586667055.293568  4
1586667055.313517  5
1586667055.331358  4
1586667055.345389  5
1586667055.358339  4
1586667055.371938  5
1586667055.385670  6
1586667055.401966  5
1586667055.415938  4
1586667055.432030  5
1586667055.446235  4
1586667055.458372  6
1586667055.472175  6
1586667055.486297  6
1586667055.502167  8
1586667055.515509  8
1586667055.532199  5
1586667055.545681  7
1586667055.558435  6
1586667055.572309  6
1586667055.586575  6
1586667055.602346  8
1586667055.616091  8
1586667055.632367  8
1586667055.646305  8
1586667055.658486  9
1586667055.671426  8
1586667055.685587  8
1586667055.701514  9
1586667055.715839  8
1586667055.731514  10
1586667055.746362  8
1586667055.758623  8
1586667055.771574  7
1586667055.784518  8
1586667055.802044  8
1586667055.816061  8
1586667055.832103  6
1586667055.846045  2
1586667055.858675  1
1586667055.872179  0
1586667055.886055  3
1586667055.898739  2
1586667055.911504  3
1586667055.926314  4
1586667055.939844  3
1586667055.955957  2
1586667055.971852  4
1586667055.986160  3
1586667056.001323  4
1586667056.016521  2
1586667056.032428  4
1586667056.044781  4
1586667056.058179  3
1586667056.071915  4
1586667056.086941  6
1586667056.101913  6
1586667056.116022  4
1586667056.131978  5
1586667056.145969  6
1586667056.159258  5
1586667056.172087  5
1586667056.185704  6
1586667056.202070  7
1586667056.216250  7
1586667056.232194  6
1586667056.246444  7
1586667056.259209  6
1586667056.272346  6
1586667056.286427  6
1586667056.300624  7
1586667056.313470  6
1586667056.325311  8
1586667056.340085  10
1586667056.353051  7
1586667056.365910  7
1586667056.379395  8
1586667056.396994  7
1586667056.409538  8
1586667056.426092  7
1586667056.439545  9
1586667056.455286  8
1586667056.468086  8
1586667056.484261  10
1586667056.496919  9
1586667056.512587  9
1586667056.526457  9
1586667056.544987  10
1586667056.559180  8
1586667056.574804  9
1586667056.589554  7
1586667056.602074  4
1586667056.616207  6
1586667056.632091  8
1586667056.646401  3
1586667056.659991  4
1586667056.672136  2
1586667056.686960  3
1586667056.702170  4
1586667056.714874  2
1586667056.732201  1
1586667056.746218  3
1586667056.760078  2
1586667056.772572  0
1586667056.786560  6
1586667056.799825  3
1586667056.816115  1
1586667056.836383  5
1586667056.852808  3
1586667056.866662  5
1586667056.882932  4
1586667056.896339  4
1586667056.910655  5
1586667056.923028  4
1586667056.935375  6
1586667056.956076  5
1586667056.974569  4
1586667056.994493  5
1586667057.006860  5
1586667057.024513  3
1586667057.036809  6
1586667057.054538  4
1586667057.067097  6
1586667057.084918  8
1586667057.102753  6
1586667057.116467  7
1586667057.131642  7
1586667057.144147  5
1586667057.156729  5
1586667057.174155  8
1586667057.194162  8
1586667057.206619  8
1586667057.220301  5
1586667057.236845  9
1586667057.252751  7
1586667057.267054  5
1586667057.282866  9
1586667057.297257  7
1586667057.310555  9
1586667057.326447  8
1586667057.343430  8
1586667057.360837  7
1586667057.373462  6
1586667057.386909  8
1586667057.403464  9
1586667057.417102  8
1586667057.433492  8
1586667057.447300  6
1586667057.460896  3
1586667057.473525  1
1586667057.486579  3
1586667057.503529  3
1586667057.523545  1
1586667057.536973  2
1586667057.553570  3
1586667057.566752  2
1586667057.579110  3
1586667057.592676  2
1586667057.607463  2
1586667057.622730  3
1586667057.636879  3
1586667057.652772  4
1586667057.667165  2
1586667057.682865  6
1586667057.697341  5
1586667057.712893  5
1586667057.725522  6
1586667057.742996  6
1586667057.756757  7
1586667057.772958  5
1586667057.785202  5
1586667057.798634  6
1586667057.816693  4
1586667057.828656  4
1586667057.841869  8
1586667057.856673  7
1586667057.876834  6
1586667057.896842  8
1586667057.916867  8
1586667057.933408  7
1586667057.947845  6
1586667057.966426  8
1586667057.981009  5
1586667057.995070  6
1586667058.007529  9
1586667058.027836  9
1586667058.041000  9
1586667058.055306  8
1586667058.072539  8
1586667058.085584  6
1586667058.101563  9
1586667058.115562  9
1586667058.131749  9
1586667058.145687  7
1586667058.158239  3
1586667058.170451  2
1586667058.182723  3
1586667058.195628  2
1586667058.208797  2
1586667058.225669  3
1586667058.245705  2
1586667058.264587  1
1586667058.277837  2
1586667058.295704  1
1586667058.311403  4
1586667058.325744  1
1586667058.345766  3
1586667058.365466  4
1586667058.377838  4
1586667058.394254  3
1586667058.407085  4
1586667058.419635  6
1586667058.431880  4
1586667058.447434  4
1586667058.460896  4
1586667058.475160  4
1586667058.492467  7
1586667058.506895  5
1586667058.523806  8
1586667058.535846  7
1586667058.552839  5
1586667058.567021  5
1586667058.582901  5
1586667058.597274  4
1586667058.610152  5
1586667058.622956  5
1586667058.637966  6
1586667058.652958  6
1586667058.667094  7
1586667058.680733  7
1586667058.698080  9
1586667058.710786  8
1586667058.727353  9
1586667058.740774  7
1586667058.755971  7
1586667058.770794  7
1586667058.787542  6
1586667058.801261  4
1586667058.817952  3
1586667058.830320  3
1586667058.843367  1
1586667058.856401  2
1586667058.873431  4
1586667058.887588  2
1586667058.903454  5
1586667058.917794  3
1586667058.933498  4
1586667058.947365  2
1586667058.959871  2
1586667058.973535  4
1586667058.987920  2
1586667059.003550  4
1586667059.018268  4
1586667059.032295  5
1586667059.047451  3
1586667059.065818  6
1586667059.087424  5
1586667059.103232  5
1586667059.117463  5
1586667059.137490  5
1586667059.151934  7
1586667059.167516  7
1586667059.182189  5
1586667059.197725  6
1586667059.213568  8
1586667059.227664  8
1586667059.243667  8
1586667059.258224  7
1586667059.273728  7
1586667059.287767  6
1586667059.303728  8
1586667059.318262  8
1586667059.333839  10
1586667059.348367  8
1586667059.363912  9
1586667059.377611  7
1586667059.394055  8
1586667059.407517  9
1586667059.424157  9
1586667059.437800  10
1586667059.454062  9
1586667059.468187  9
1586667059.484100  10
1586667059.497877  8
1586667059.514105  8
1586667059.528052  8
1586667059.546066  10
1586667059.564883  9
1586667059.577700  7
1586667059.593156  8
1586667059.606131  7
1586667059.623386  6
1586667059.636082  6
1586667059.648203  7
1586667059.666146  3
1586667059.686161  4
1586667059.706188  2
1586667059.726186  3
1586667059.738403  3
1586667059.756231  2
1586667059.776245  4
1586667059.789502  2
1586667059.802068  3
1586667059.816028  2
1586667059.828332  1
1586667059.842081  2
1586667059.858295  6
1586667059.872479  2
1586667059.887858  2
1586667059.902579  4
1586667059.916021  5
1586667059.928884  4
1586667059.944281  4
1586667059.958767  4
1586667059.971421  5
1586667059.984267  4
1586667059.997365  6
1586667060.011994  4
1586667060.027307  5
1586667060.044795  5
1586667060.058015  9
1586667060.078110  8
1586667060.098163  8
1586667060.111211  5
1586667060.126114  5
1586667060.145500  7
1586667060.159443  8
1586667060.174294  6
1586667060.194371  9
1586667060.208472  7
1586667060.224543  10
1586667060.239237  9
1586667060.252041  8
1586667060.265038  8
1586667060.278468  7
1586667060.290849  6
1586667060.305041  6
1586667060.318827  7
1586667060.332476  2
1586667060.347854  3
1586667060.364392  1
1586667060.378613  4
1586667060.391771  2
1586667060.404022  3
1586667060.417908  2
1586667060.438149  3
1586667060.450897  2
1586667060.464484  5
1586667060.478134  3
1586667060.495802  2
1586667060.508729  4
1586667060.522770  3
1586667060.538332  5
1586667060.553900  2
1586667060.568761  5
1586667060.581354  5
1586667060.599145  5
1586667060.618331  5
1586667060.630455  4
1586667060.647002  5
1586667060.660081  4
1586667060.672961  6
1586667060.685483  6
1586667060.698691  6
1586667060.712908  6
1586667060.728213  7
1586667060.742946  6
1586667060.758681  7
1586667060.772020  8
1586667060.788208  7
1586667060.802477  8
1586667060.815471  7
1586667060.828323  7
1586667060.841594  7
1586667060.854961  7
1586667060.868089  9
1586667060.880928  7
1586667060.899420  9
1586667060.912328  8
1586667060.928803  8
1586667060.948871  8
1586667060.965670  10
1586667060.978884  9
1586667060.995063  8
1586667061.008566  6
1586667061.021135  4
1586667061.034478  5
1586667061.047197  8
1586667061.063980  4
1586667061.078886  4
1586667061.094595  2
1586667061.107981  2
1586667061.120773  3
1586667061.136569  3
1586667061.149129  1
1586667061.161637  2
1586667061.173865  3
1586667061.191721  3
1586667061.204549  3
1586667061.217328  3
1586667061.231351  4
1586667061.244284  3
1586667061.256630  3
1586667061.272152  4
1586667061.288609  8
1586667061.304806  4
1586667061.319139  4
1586667061.331935  4
1586667061.344082  4
1586667061.356653  6
1586667061.372520  7
1586667061.386864  5
1586667061.399907  7
1586667061.412237  7
1586667061.428745  6
1586667061.447201  7
1586667061.465067  7
1586667061.479162  7
1586667061.491694  6
1586667061.508581  6
1586667061.522711  7
1586667061.535770  7
1586667061.549258  8
1586667061.562837  8
1586667061.575816  8
1586667061.589783  10
1586667061.602272  9
1586667061.616368  6
1586667061.635584  7
1586667061.650112  5
1586667061.667835  3
1586667061.680793  4
1586667061.699285  2
1586667061.712601  3
1586667061.729380  2
1586667061.746880  2
1586667061.761114  2
1586667061.776164  2
1586667061.789580  4
1586667061.802354  2
1586667061.815139  2
1586667061.828389  3
1586667061.848389  3
1586667061.860384  4
1586667061.874056  3
1586667061.887620  4
1586667061.899596  5
1586667061.915829  6
1586667061.928754  6
1586667061.945787  5
1586667061.958302  3
1586667061.975238  5
1586667061.988702  5
1586667062.004826  5
1586667062.018913  5
1586667062.031774  6
1586667062.044928  3
1586667062.058903  4
1586667062.075508  7
1586667062.088946  6
1586667062.102280  8
1586667062.115217  7
1586667062.128801  5
1586667062.145300  6
1586667062.157404  7
1586667062.175444  7
1586667062.191030  7
1586667062.205394  9
1586667062.220307  7
1586667062.234332  10
1586667062.258239  8
1586667062.274167  8
1586667062.289702  8
1586667062.304932  7
1586667062.319325  9
1586667062.334291  6
1586667062.346878  3
1586667062.359259  4
1586667062.375247  1
1586667062.387420  3
1586667062.401766  1
1586667062.415635  4
1586667062.429284  2
1586667062.444235  2
1586667062.462622  2
1586667062.475934  2
1586667062.491324  3
1586667062.507786  4
1586667062.522181  4
1586667062.535720  4
1586667062.550126  4
1586667062.562696  5
1586667062.577713  6
1586667062.591796  5
1586667062.605809  6
1586667062.618903  7
1586667062.631894  7
1586667062.645369  5
1586667062.661645  6
1586667062.675362  8
1586667062.690328  8
1586667062.705478  8
1586667062.719889  8
1586667062.733301  7
1586667062.745961  9
1586667062.760203  8
1586667062.774095  8
1586667062.788621  8
1586667062.803356  8
1586667062.817880  9
1586667062.831695  8
1586667062.845638  9
1586667062.860006  9
1586667062.875552  10
1586667062.890391  9
1586667062.903898  10
1586667062.917585  9
1586667062.931806  9
1586667062.946897  9
1586667062.960422  3
1586667062.973137  2
1586667062.987518  2
1586667063.000867  2
1586667063.014638  3
1586667063.028241  3
1586667063.042847  3
1586667063.057201  3
1586667063.071662  3
1586667063.084202  5
1586667063.098472  3
1586667063.112651  4
1586667063.128093  4
1586667063.143923  5
1586667063.156653  6
1586667063.170936  5
1586667063.185346  5
1586667063.199986  6
1586667063.215154  6
1586667063.229035  6
1586667063.243319  6
1586667063.257323  7
1586667063.271657  8
1586667063.286546  6
1586667063.301447  7
1586667063.315152  8
1586667063.329572  8
1586667063.344029  8
1586667063.358140  9
1586667063.372583  9
1586667063.387448  7
1586667063.402359  9
1586667063.416786  9
1586667063.430775  10
1586667063.443822  9
1586667063.457908  10
1586667063.471319  8
1586667063.491909  9
1586667063.506142  10
1586667063.519798  8
1586667063.534068  2
1586667063.548020  3
1586667063.562018  3
1586667063.576814  2
1586667063.591423  3
1586667063.605916  3
1586667063.620729  3
1586667063.635617  4
1586667063.650578  5
1586667063.664867  5
1586667063.678188  4
1586667063.693461  4
1586667063.708060  4
1586667063.722877  5
1586667063.737724  5
1586667063.752179  5
1586667063.766162  6
1586667063.781188  6
1586667063.794692  6
1586667063.808636  6
1586667063.823930  7
1586667063.838609  6
1586667063.853970  7
1586667063.868987  8
1586667063.884642  7
1586667063.899481  7
1586667063.912334  8
1586667063.927089  7
1586667063.941253  10
1586667063.956100  8
1586667063.970026  9
1586667063.984729  8
1586667063.999221  10
1586667064.011803  9
1586667064.025960  9
1586667064.039611  9
1586667064.053621  8
1586667064.066314  10
1586667064.081096  9
1586667064.094722  7
1586667064.108547  9
1586667064.120418  7
1586667064.132462  7
1586667064.145501  2
1586667064.159167  2
1586667064.173716  3
1586667064.188505  3
1586667064.203078  3
1586667064.217217  4
1586667064.230325  4
1586667064.244594  4
1586667064.257596  4
1586667064.271720  5
1586667064.285885  5
1586667064.299323  5
1586667064.313891  5
1586667064.328266  5
1586667064.342010  5
1586667064.356003  7
1586667064.368998  6
1586667064.382010  6
1586667064.395979  6
1586667064.410135  6
1586667064.423636  6
1586667064.439130  6
1586667064.454125  8
1586667064.468752  6
1586667064.481149  8
1586667064.495058  9
1586667064.509469  8
1586667064.523877  8
1586667064.539567  8
1586667064.554094  9
1586667064.569007  9
1586667064.583929  9
1586667064.598157  8
1586667064.613164  8
1586667064.627860  7
1586667064.641041  3
1586667064.655055  1
1586667064.669626  4
1586667064.683891  3
1586667064.697971  2
1586667064.711345  4
1586667064.725659  3
1586667064.738867  4
1586667064.751947  4
1586667064.766134  4
1586667064.780020  3
1586667064.793265  4
1586667064.806246  4
1586667064.820026  5
1586667064.835150  4
1586667064.850396  5
1586667064.866593  4
1586667064.880267  4
1586667064.893665  6
1586667064.910433  5
1586667064.923490  6
1586667064.938758  5
1586667064.950820  7
1586667064.963518  5
1586667064.980651  4
1586667064.992668  8
1586667065.005056  8
1586667065.019729  7
1586667065.033672  8
1586667065.048146  8
1586667065.062382  8
1586667065.076239  9
1586667065.089927  9
1586667065.109049  7
1586667065.121866  10
1586667065.135781  9
1586667065.150742  9
1586667065.164771  9
1586667065.179607  9
1586667065.194091  9
1586667065.207933  8
1586667065.221121  9
1586667065.234814  7
1586667065.248522  2
1586667065.261085  3
1586667065.275610  4
1586667065.290343  2
1586667065.305736  4
1586667065.320714  2
1586667065.334245  3
1586667065.348591  3
1586667065.361053  3
1586667065.374578  5
1586667065.388647  3
1586667065.402924  4
1586667065.415466  5
1586667065.429874  4
1586667065.444534  5
1586667065.459992  5
1586667065.474142  6
1586667065.488195  7
1586667065.501349  6
1586667065.515801  6
1586667065.530944  6
1586667065.544671  6
1586667065.558779  7
1586667065.573712  8
1586667065.588180  9
1586667065.601738  7
1586667065.616657  8
1586667065.631648  8
1586667065.645442  8
1586667065.658528  7
1586667065.673254  8
1586667065.686825  9
1586667065.701887  8
1586667065.716257  8
1586667065.730764  8
1586667065.744957  7
1586667065.758438  2
1586667065.770976  2
1586667065.784849  3
1586667065.798784  2
1586667065.812788  3
1586667065.825352  2
1586667065.838234  4
1586667065.853596  2
1586667065.867388  2
1586667065.882098  5
1586667065.896117  3
1586667065.911046  4
1586667065.923911  4
1586667065.939089  4
1586667065.954469  4
1586667065.968761  4
1586667065.983076  7
1586667065.997589  5
1586667066.010145  5
1586667066.024404  6
1586667066.039228  6
1586667066.053278  7
1586667066.068918  6
1586667066.082060  8
1586667066.096292  7
1586667066.111840  6
1586667066.126057  8
1586667066.140474  7
1586667066.155241  9
1586667066.168676  8
1586667066.183426  9
1586667066.199014  8
1586667066.214132  8
1586667066.226717  9
1586667066.241147  8
1586667066.255800  9
1586667066.269664  10
1586667066.283770  9
1586667066.297204  10
1586667066.312138  7
1586667066.326518  8
1586667066.340631  7
1586667066.355559  6
1586667066.369632  3
1586667066.382912  1
1586667066.396422  3
1586667066.413423  2
1586667066.427889  3
1586667066.442950  2
1586667066.457801  4
1586667066.470848  3
1586667066.485394  5
1586667066.500168  4
1586667066.514631  4
1586667066.528510  4
1586667066.543357  4
1586667066.557867  5
1586667066.572781  5
1586667066.586641  6
1586667066.601507  5
1586667066.616155  7
1586667066.630811  5
1586667066.645137  7
1586667066.660053  6
1586667066.675644  7
1586667066.689746  8
1586667066.704390  8
1586667066.719082  7
1586667066.734035  6
1586667066.748335  7
1586667066.762621  7
1586667066.777435  9
1586667066.792406  9
1586667066.806295  8
1586667066.821724  10
1586667066.836005  10
1586667066.849549  9
1586667066.862552  9
1586667066.875994  9
1586667066.890184  10
1586667066.904012  9
1586667066.919598  7
1586667066.938323  8
1586667066.951909  4
1586667066.966222  4
1586667066.980972  1
1586667066.996799  3
1586667067.010818  2
1586667067.024642  2
1586667067.037609  2
1586667067.052834  3
1586667067.067096  4
1586667067.080190  3
1586667067.093060  5
1586667067.108951  3
1586667067.122674  5
1586667067.136473  3
1586667067.151833  5
1586667067.166991  4
1586667067.181358  5
1586667067.196083  6
1586667067.210964  5
1586667067.225007  5
1586667067.239268  6
1586667067.257444  6
1586667067.271833  6
1586667067.286472  9
1586667067.300859  9
1586667067.313229  7
1586667067.327351  8
1586667067.341109  8
1586667067.356064  9
1586667067.370382  7
1586667067.384601  8
1586667067.398737  10
1586667067.412498  9
1586667067.426813  9
1586667067.441773  8
1586667067.455442  7
1586667067.470148  6
1586667067.484944  3
1586667067.499047  1
1586667067.513879  4
1586667067.528314  2
1586667067.542430  3
1586667067.556000  2
1586667067.570622  3
1586667067.586953  2
1586667067.599915  3
1586667067.614725  3
1586667067.629199  4
1586667067.643984  3
1586667067.658044  4
1586667067.673255  4
1586667067.686783  4
1586667067.701330  7
1586667067.715448  4
1586667067.729474  6
1586667067.744209  5
1586667067.758198  6
1586667067.774437  6
1586667067.786430  7
1586667067.800933  8
1586667067.814874  7
1586667067.828931  7
1586667067.843241  6
1586667067.857956  8
1586667067.871372  9
1586667067.884862  9
1586667067.899310  8
1586667067.913532  8
1586667067.928150  8
1586667067.942955  8
1586667067.956983  8
1586667067.971349  9
1586667067.985702  9
1586667068.000800  8
1586667068.014794  9
1586667068.029252  10
1586667068.042339  10
1586667068.056327  9
1586667068.070343  3
1586667068.084306  4
1586667068.098107  2
1586667068.111114  2
1586667068.126069  3
1586667068.141311  2
1586667068.155918  3
1586667068.169958  2
1586667068.184852  3
1586667068.197798  3
1586667068.211175  3
1586667068.226430  4
1586667068.240441  3
1586667068.255038  5
1586667068.269346  6
1586667068.284382  4
1586667068.299254  7
1586667068.313530  6
1586667068.328136  6
1586667068.343794  5
1586667068.357244  6
1586667068.371301  7
1586667068.385357  7
1586667068.400970  8
1586667068.416173  8
1586667068.430884  8
1586667068.444757  9
1586667068.459127  8
1586667068.472911  7
1586667068.487598  9
1586667068.502626  9
1586667068.516855  9
1586667068.530513  7
1586667068.545959  8
1586667068.560379  8
1586667068.573782  6
1586667068.589954  2
1586667068.604602  4
1586667068.619015  2
1586667068.633923  3
1586667068.649075  2
1586667068.663352  3
1586667068.677852  3
1586667068.692302  3
1586667068.707229  5
1586667068.721423  3
1586667068.735658  5
1586667068.750339  4
1586667068.764545  4
1586667068.778766  5
1586667068.792405  6
1586667068.807292  5
1586667068.822541  5
1586667068.837072  6
1586667068.850627  5
1586667068.865268  7
1586667068.879851  7
1586667068.892715  8
1586667068.907875  9
1586667068.921505  7
1586667068.938268  8
1586667068.950877  7
1586667068.973109  4
1586667068.985282  8
1586667068.997658  8
1586667069.013102  9
1586667069.027245  9
1586667069.040946  6
1586667069.054726  7
1586667069.067377  9
1586667069.079728  8
1586667069.094523  7
1586667069.108928  3
1586667069.127388  3
1586667069.141125  2
1586667069.154964  3
1586667069.169464  2
1586667069.185347  4
1586667069.198578  2
1586667069.213594  3
1586667069.228037  2
1586667069.242199  3
1586667069.256396  3
1586667069.273161  3
1586667069.289141  5
1586667069.302095  4
1586667069.315777  4
1586667069.329681  4
1586667069.343760  5
1586667069.357659  4
1586667069.376701  5
1586667069.398510  8
1586667069.411428  5
1586667069.423935  8
1586667069.438854  7
1586667069.452712  4
1586667069.466728  8
1586667069.478891  8
1586667069.491412  5
1586667069.503940  6
1586667069.518510  9
1586667069.531804  8
1586667069.546491  8
1586667069.560725  8
1586667069.575296  9
1586667069.589913  9
1586667069.603828  9
1586667069.617028  10
1586667069.630837  9
1586667069.646033  9
1586667069.660602  8
1586667069.674041  8
1586667069.689228  9
1586667069.703884  2
1586667069.717937  2
1586667069.732729  2
1586667069.746642  3
1586667069.761152  3
1586667069.774835  2
1586667069.787478  3
1586667069.802509  2
1586667069.814531  4
1586667069.827045  5
1586667069.841515  4
1586667069.859375  5
1586667069.873318  5
1586667069.886518  3
1586667069.903543  6
1586667069.915887  4
1586667069.932920  5
1586667069.946575  4
1586667069.963836  6
1586667069.976575  6
1586667069.991743  6
1586667070.006563  5
1586667070.023217  9
1586667070.035514  7
1586667070.047960  6
1586667070.062697  7
1586667070.077170  6
1586667070.091792  7
1586667070.106728  8
1586667070.121540  7
1586667070.135999  8
1586667070.149804  9
1586667070.163261  9
1586667070.178213  8
1586667070.192159  8
1586667070.206239  9
1586667070.220252  10
1586667070.236605  9
1586667070.250834  9
1586667070.265535  8
1586667070.279865  9
1586667070.293154  9
1586667070.305925  8
1586667070.319861  2
1586667070.332865  2
1586667070.347171  4
1586667070.361872  1
1586667070.376372  3
1586667070.390571  4
1586667070.405563  2
1586667070.419790  4
1586667070.434026  3
1586667070.448222  4
1586667070.463174  5
1586667070.477802  5
1586667070.491914  4
1586667070.505363  6
1586667070.519621  5
1586667070.533614  7
1586667070.549185  6
1586667070.563816  6
1586667070.578633  6
1586667070.594275  7
1586667070.608317  6
1586667070.623046  7
1586667070.637190  8
1586667070.651190  6
1586667070.665148  8
1586667070.680089  7
1586667070.694919  8
1586667070.709448  7
1586667070.723894  9
1586667070.738668  9
1586667070.753309  8
1586667070.767408  8
1586667070.781486  10
1586667070.795686  9
1586667070.810386  8
1586667070.826372  10
1586667070.840571  8
1586667070.855089  10
1586667070.869678  8
1586667070.884160  8
1586667070.898506  5
1586667070.912496  3
1586667070.926713  3
1586667070.940593  2
1586667070.954789  2
1586667070.968229  3
1586667070.982180  3
1586667070.997245  2
1586667071.011763  3
1586667071.025990  4
1586667071.041505  5
1586667071.056455  5
1586667071.070535  5
1586667071.083754  6
1586667071.098710  5
1586667071.113965  5
1586667071.128908  6
1586667071.142329  7
1586667071.157199  5
1586667071.171851  6
1586667071.184939  7
1586667071.200220  5
1586667071.214613  8
1586667071.229822  7
1586667071.242669  5
1586667071.254808  9
1586667071.269157  6
1586667071.283382  6
1586667071.295371  5
1586667071.313732  6
1586667071.333998  8
1586667071.346360  5
1586667071.361431  1
1586667071.383528  1
1586667071.399086  2
1586667071.413855  3
1586667071.430331  2
1586667071.442404  2
1586667071.454470  3
1586667071.469669  3
1586667071.483710  2
1586667071.503344  4
1586667071.515627  2
1586667071.530273  4
1586667071.543544  3
1586667071.556505  4
1586667071.570093  4
1586667071.584452  5
1586667071.597813  4
1586667071.612280  4
1586667071.627094  4
1586667071.640873  5
1586667071.654709  7
1586667071.672514  5
1586667071.685761  7
1586667071.701108  6
1586667071.714234  5
1586667071.728107  6
1586667071.741945  8
1586667071.756120  7
1586667071.773908  7
1586667071.788520  8
1586667071.803820  7
1586667071.816409  8
1586667071.831757  7
1586667071.846691  10
1586667071.865334  10
1586667071.878205  8
1586667071.893437  9
1586667071.908401  9
1586667071.921465  8
1586667071.935237  8
1586667071.950029  10
1586667071.963158  10
1586667071.977728  8
1586667071.994338  8
1586667072.011620  9
1586667072.023843  8
1586667072.040260  5
1586667072.054654  3
1586667072.070102  2
1586667072.082400  3
1586667072.094781  3
1586667072.109346  3
1586667072.122895  3
1586667072.137583  3
1586667072.151818  2
1586667072.165392  5
1586667072.181024  4
1586667072.200114  5
1586667072.213910  3
1586667072.226130  5
1586667072.239849  6
1586667072.253860  7
1586667072.269866  6
1586667072.284725  4
1586667072.299851  7
1586667072.313970  7
1586667072.329939  6
1586667072.344791  7
1586667072.359399  7
1586667072.374146  7
1586667072.386450  9
1586667072.399968  7
1586667072.414731  7
1586667072.430056  8
1586667072.444873  8
1586667072.459525  7
1586667072.472913  6
1586667072.487410  8
1586667072.501556  7
1586667072.515320  6
1586667072.530325  8
1586667072.546527  9
1586667072.562526  7
1586667072.575448  10
1586667072.587871  9
1586667072.602045  7
1586667072.616727  8
1586667072.629738  8
1586667072.644646  6
1586667072.659534  1
1586667072.673522  3
1586667072.688401  2
1586667072.702666  2
1586667072.716385  2
1586667072.735412  3
1586667072.747934  3
1586667072.762935  3
1586667072.775833  4
1586667072.790088  4
1586667072.803829  3
1586667072.818702  4
1586667072.833411  3
1586667072.845626  4
1586667072.857599  5
1586667072.871673  6
1586667072.885996  4
1586667072.900247  5
1586667072.914852  5
1586667072.929398  6
1586667072.944126  6
1586667072.965713  6
1586667072.979750  7
1586667072.993890  7
1586667073.009599  8
1586667073.021605  10
1586667073.033961  7
1586667073.053968  9
1586667073.074473  9
1586667073.092418  9
1586667073.104598  6
1586667073.117686  7
1586667073.132751  7
1586667073.147345  5
1586667073.162695  3
1586667073.180698  3
1586667073.194352  4
1586667073.209202  1
1586667073.224406  4
1586667073.237637  2
1586667073.252071  2
1586667073.266916  3
1586667073.281392  2
1586667073.294715  3
1586667073.309406  3
1586667073.323196  5
1586667073.337576  4
1586667073.357316  4
1586667073.370516  5
1586667073.382606  5
1586667073.394880  5
1586667073.414821  7
1586667073.427092  7
1586667073.444886  5
1586667073.464745  6
1586667073.478646  5
1586667073.494497  8
1586667073.507129  7
1586667073.524889  7
1586667073.537171  6
1586667073.554768  5
1586667073.567175  6
1586667073.579218  7
1586667073.591713  7
1586667073.606971  5
1586667073.625092  7
1586667073.639834  7
1586667073.656463  6
1586667073.673510  7
1586667073.687042  10
1586667073.700984  8
1586667073.714791  6
1586667073.730999  8
1586667073.745035  9
1586667073.761028  9
1586667073.775437  8
1586667073.791012  9
1586667073.803287  7
1586667073.817610  7
1586667073.831666  9
1586667073.845049  9
1586667073.859286  8
1586667073.871889  10
1586667073.884781  8
1586667073.903459  4
1586667073.924613  3
1586667073.938874  3
1586667073.955007  0
1586667073.967931  1
1586667073.980908  0
1586667073.993510  1
1586667074.007138  3
1586667074.025754  2
1586667074.040893  2
1586667074.054902  1
1586667074.067779  0
1586667074.081021  2
1586667074.095329  3
1586667074.111106  1
1586667074.124921  3
1586667074.141099  1
1586667074.155809  1
1586667074.171293  2
1586667074.184896  1
1586667074.198261  3
1586667074.211190  5
1586667074.225180  4
1586667074.241208  1
1586667074.255639  2
1586667074.271249  4
1586667074.285646  2
1586667074.301299  1
1586667074.315899  5
1586667074.331803  2
1586667074.345389  1
1586667074.362641  6
1586667074.374953  4
1586667074.391006  2
1586667074.404576  4
1586667074.421071  6
1586667074.434572  3
1586667074.449074  4
1586667074.461483  4
1586667074.476803  4
1586667074.492688  4
1586667074.505695  5
1586667074.525494  7
1586667074.541359  8
1586667074.554155  5
1586667074.566523  6
1586667074.581442  6
1586667074.595714  7
1586667074.609150  5
1586667074.622649  7
1586667074.635523  6
1586667074.651034  5
1586667074.665022  5
1586667074.681174  7
1586667074.695377  8
1586667074.707794  7
1586667074.725636  8
1586667074.737797  7
1586667074.755959  8
1586667074.775301  7
1586667074.788996  5
1586667074.802499  8
1586667074.815015  10
1586667074.831441  9
1586667074.845356  7
1586667074.860356  8
1586667074.874837  7
1586667074.890706  7
1586667074.905617  8
1586667074.917703  6
1586667074.936006  3
1586667074.956234  3
1586667074.975297  2
1586667074.995541  1
1586667075.008579  1
1586667075.025795  4
1586667075.041977  1
1586667075.055993  3
1586667075.073524  4
1586667075.086586  2
1586667075.101430  4
1586667075.115265  3
1586667075.131352  6
1586667075.145914  5
1586667075.161395  4
1586667075.176146  3
1586667075.191869  4
1586667075.206211  6
1586667075.221341  6
1586667075.235404  5
1586667075.251931  8
1586667075.266067  6
1586667075.282006  5
1586667075.295522  6
1586667075.311963  6
1586667075.325815  5
1586667075.341734  8
1586667075.356127  6
1586667075.372021  8
1586667075.385425  8
1586667075.397836  7
1586667075.410538  6
1586667075.425698  7
1586667075.441997  8
1586667075.455679  7
1586667075.472027  9
1586667075.485985  8
1586667075.500706  7
1586667075.514900  7
1586667075.530765  10
1586667075.546149  9
1586667075.561314  10
1586667075.575307  8
1586667075.592237  7
1586667075.605760  7
1586667075.619966  8
1586667075.635972  10
1586667075.651711  9
1586667075.664340  7
1586667075.677716  7
1586667075.691794  7
1586667075.706412  6
1586667075.721911  5
1586667075.735799  2
1586667075.748461  4
1586667075.761747  4
1586667075.776084  3
1586667075.791971  3
1586667075.806373  2
1586667075.821947  4
1586667075.836135  3
1586667075.851989  3
1586667075.865804  2
1586667075.878228  5
1586667075.899529  5
1586667075.912717  3
1586667075.926113  4
1586667075.942595  4
1586667075.955944  6
1586667075.971643  5
1586667075.986498  4
1586667075.999377  4
1586667076.012822  3
1586667076.025442  5
1586667076.039141  6
1586667076.053836  5
1586667076.069629  7
1586667076.082189  6
1586667076.094713  4
1586667076.112184  3
1586667076.126051  5
1586667076.142235  6
1586667076.156231  8
1586667076.169693  8
1586667076.184661  5
1586667076.197698  7
1586667076.211920  9
1586667076.226278  8
1586667076.239542  7
1586667076.252262  7
1586667076.266260  9
1586667076.279692  9
1586667076.292267  7
1586667076.304870  7
1586667076.321178  7
1586667076.336543  9
1586667076.352327  10
1586667076.366750  6
1586667076.382862  1
1586667076.396598  2
1586667076.409316  3
1586667076.422015  2
1586667076.434428  3
1586667076.446724  2
1586667076.463612  3
1586667076.478250  2
1586667076.491973  3
1586667076.506118  3
1586667076.518246  2
1586667076.536656  3
1586667076.556815  4
1586667076.570045  4
1586667076.581924  5
1586667076.596146  3
1586667076.615627  4
1586667076.628756  3
1586667076.645917  5
1586667076.658474  4
1586667076.676500  2
1586667076.688527  4
1586667076.704374  5
1586667076.716546  4
1586667076.732761  5
1586667076.746632  6
1586667076.760465  5
1586667076.772969  7
1586667076.785404  5
1586667076.797804  7
1586667076.811279  7
1586667076.826223  6
1586667076.842967  6
1586667076.855730  5
1586667076.869010  8
1586667076.886622  10
1586667076.899020  8
1586667076.911200  6
1586667076.925290  6
1586667076.945120  8
1586667076.958978  8
1586667076.971715  10
1586667076.996477  6
1586667077.012577  5
1586667077.029339  6
1586667077.042427  5
1586667077.056812  3
1586667077.071069  3
1586667077.086239  2
1586667077.098604  3
1586667077.116529  2
1586667077.136621  2
1586667077.150599  4
1586667077.166842  2
1586667077.180670  3
1586667077.195299  3
1586667077.209567  2
1586667077.222577  4
1586667077.235131  5
1586667077.252598  2
1586667077.267139  3
1586667077.283060  4
1586667077.296839  5
1586667077.309852  4
1586667077.324400  3
1586667077.338119  4
1586667077.356581  4
1586667077.371987  6
1586667077.386480  6
1586667077.402882  6
1586667077.416766  4
1586667077.429273  4
1586667077.446826  7
1586667077.459054  6
1586667077.472172  7
1586667077.486005  5
1586667077.498203  5
1586667077.513469  5
1586667077.526701  8
1586667077.542539  8
1586667077.557118  8
1586667077.572273  8
1586667077.586305  7
1586667077.602410  7
1586667077.616577  10
1586667077.632521  10
1586667077.647016  8
1586667077.662550  10
1586667077.676603  8
1586667077.693041  10
1586667077.706814  9
1586667077.719406  7
1586667077.737188  8
1586667077.757178  10
1586667077.769456  9
1586667077.787195  7
1586667077.802363  7
1586667077.817532  3
1586667077.829855  2
1586667077.843423  3
1586667077.856891  1
1586667077.873260  2
1586667077.886916  1
1586667077.903560  1
1586667077.917074  2
1586667077.933544  0
1586667077.947496  1
1586667077.963535  1
1586667077.976925  0
1586667077.993581  3
1586667078.007558  2
1586667078.020148  1
1586667078.033613  3
1586667078.046838  1
1586667078.059042  1
1586667078.073653  3
1586667078.087052  1
1586667078.102935  4
1586667078.117347  2
1586667078.132989  4
1586667078.146957  2
1586667078.163069  2
1586667078.177336  3
1586667078.193119  2
1586667078.206930  3
1586667078.226998  3
1586667078.242192  3
1586667078.257007  4
1586667078.272532  3
1586667078.287281  3
1586667078.303971  4
1586667078.317598  3
1586667078.335376  5
1586667078.347786  4
1586667078.367660  6
1586667078.380550  4
1586667078.393237  3
1586667078.408023  4
1586667078.423236  4
1586667078.437329  4
1586667078.449964  4
1586667078.463311  6
1586667078.475584  5
1586667078.489944  5
1586667078.507549  6
1586667078.527411  4
1586667078.540120  5
1586667078.557517  6
1586667078.570905  7
1586667078.587763  4
1586667078.602928  6
1586667078.617513  6
1586667078.633085  7
1586667078.645337  5
1586667078.657910  7
1586667078.674609  8
1586667078.687906  8
1586667078.703097  9
1586667078.717116  9
1586667078.733143  9
1586667078.747438  10
1586667078.763190  8
1586667078.777884  8
1586667078.792793  8
1586667078.806136  6
1586667078.822470  9
1586667078.837150  5
1586667078.850750  4
1586667078.863629  1
1586667078.877463  2
1586667078.893686  3
1586667078.907665  1
1586667078.924667  2
1586667078.937970  3
1586667078.951264  3
1586667078.968205  1
1586667078.988156  4
1586667079.004451  4
1586667079.017368  3
1586667079.037524  2
1586667079.056146  5
1586667079.074994  4
1586667079.087861  3
1586667079.108006  5
1586667079.122458  3
1586667079.138205  5
1586667079.157360  5
1586667079.173359  5
1586667079.187635  5
1586667079.207786  5
1586667079.220260  4
1586667079.238041  5
1586667079.258213  6
1586667079.275051  7
1586667079.287210  5
1586667079.300290  7
1586667079.316810  6
1586667079.335773  7
1586667079.348278  8
1586667079.362642  6
1586667079.374839  8
1586667079.388122  7
1586667079.400305  5
1586667079.417852  6
1586667079.430221  5
1586667079.442797  6
1586667079.457897  6
1586667079.475430  10
1586667079.487760  10
1586667079.507819  9
1586667079.520343  7
1586667079.532782  7
1586667079.547773  7
1586667079.567788  9
1586667079.587820  9
1586667079.602609  7
1586667079.617812  2
1586667079.637891  4
1586667079.651518  3
1586667079.665439  3
1586667079.678277  2
1586667079.693408  3
1586667079.707693  3
1586667079.721202  3
1586667079.733588  4
1586667079.748251  4
1586667079.763709  3
1586667079.775834  2
1586667079.793740  4
1586667079.808020  5
1586667079.823823  3
1586667079.838666  3
1586667079.853816  2
1586667079.867178  2
1586667079.883847  5
1586667079.898017  6
1586667079.911727  4
1586667079.928428  4
1586667079.940870  5
1586667079.954615  5
1586667079.968582  5
1586667079.981773  5
1586667079.997874  7
1586667080.011796  6
1586667080.027122  6
1586667080.041857  5
1586667080.056284  8
1586667080.068559  7
1586667080.082243  6
1586667080.097968  5
1586667080.118172  7
1586667080.130687  5
1586667080.146821  8
1586667080.160779  7
1586667080.176687  7
1586667080.189206  7
1586667080.206813  9
1586667080.219873  9
1586667080.236845  9
1586667080.256883  8
1586667080.268993  7
1586667080.283871  7
1586667080.298522  7
1586667080.318620  10
1586667080.337178  10
1586667080.356122  9
1586667080.369482  7
1586667080.388323  5
1586667080.402204  6
1586667080.415132  8
1586667080.428757  7
1586667080.445191  6
1586667080.458314  2
1586667080.471886  2
1586667080.485214  3
1586667080.498216  1
1586667080.515230  3
1586667080.528229  3
1586667080.544996  3
1586667080.558152  3
1586667080.575263  3
1586667080.588186  2
1586667080.604343  4
1586667080.618199  3
1586667080.634377  4
1586667080.648552  5
1586667080.661268  3
1586667080.674515  6
1586667080.686733  3
1586667080.701755  4
1586667080.714633  7
1586667080.728422  4
1586667080.743488  2
1586667080.756986  3
1586667080.769237  5
1586667080.784146  6
1586667080.798830  6
1586667080.812476  7
1586667080.826843  5
1586667080.839148  6
1586667080.853989  6
1586667080.866951  5
1586667080.888505  6
1586667080.908668  5
1586667080.925581  8
1586667080.938823  6
1586667080.951719  6
1586667080.964938  8
1586667080.977174  8
1586667080.994980  8
1586667081.007165  7
1586667081.025144  8
1586667081.038759  10
1586667081.054455  9
1586667081.068287  7
1586667081.084236  7
1586667081.098300  7
1586667081.114752  7
1586667081.128904  6
1586667081.144760  3
1586667081.159144  4
1586667081.174769  4
1586667081.188409  2
1586667081.203840  4
1586667081.218642  1
1586667081.232497  1
1586667081.253751  3
1586667081.269467  5
1586667081.284289  3
1586667081.299002  3
1586667081.311254  3
1586667081.324474  4
1586667081.338470  7
1586667081.354527  2
1586667081.368667  3
1586667081.384562  5
1586667081.399366  4
1586667081.414582  5
1586667081.427763  5
1586667081.441004  6
1586667081.457833  3
1586667081.472524  4
1586667081.493031  7
1586667081.508878  6
1586667081.523066  4
1586667081.535237  6
1586667081.555586  7
1586667081.568222  7
1586667081.588867  7
1586667081.602742  8
1586667081.618849  8
1586667081.639016  9
1586667081.658080  9
1586667081.678325  9
1586667081.693719  10
1586667081.709061  9
1586667081.728613  10
1586667081.748798  8
1586667081.769132  8
1586667081.789120  9
1586667081.805811  7
1586667081.818027  7
1586667081.838278  6
1586667081.858890  7
1586667081.878533  9
1586667081.893748  8
1586667081.909616  2
1586667081.922041  2
1586667081.934890  4
1586667081.947800  1
1586667081.967166  4
1586667081.979865  2
1586667081.993828  2
1586667082.007205  1
1586667082.021481  2
1586667082.037224  3
1586667082.049436  2
1586667082.061656  2
1586667082.077298  5
1586667082.093799  2
1586667082.107159  2
1586667082.119812  3
1586667082.133235  4
1586667082.149126  3
1586667082.165451  3
1586667082.178484  4
1586667082.193869  5
1586667082.208984  3
1586667082.221463  3
1586667082.234778  6
1586667082.249455  5
1586667082.264852  5
1586667082.278555  7
1586667082.299339  7
1586667082.311737  5
1586667082.329618  8
1586667082.344600  6
1586667082.359968  6
1586667082.374709  7
1586667082.389104  7
1586667082.402519  6
1586667082.420757  7
1586667082.435343  9
1586667082.448078  7
1586667082.461009  7
1586667082.475493  8
1586667082.489690  9
1586667082.505611  9
1586667082.518949  8
1586667082.538932  9
1586667082.552162  7
1586667082.564563  7
1586667082.579178  9
1586667082.593779  9
1586667082.609280  7
1586667082.627293  5
1586667082.639853  3
1586667082.653845  2
1586667082.669084  3
1586667082.689449  3
1586667082.709803  4
1586667082.729859  2
1586667082.741790  2
1586667082.756816  4
1586667082.779265  2
1586667082.793847  4
1586667082.809432  4
1586667082.822667  2
1586667082.839486  5
1586667082.852663  3
1586667082.869827  4
1586667082.888555  5
1586667082.905020  3
1586667082.919919  5
1586667082.934503  4
1586667082.959263  3
1586667082.972413  6
1586667082.985690  6
1586667082.999533  5
1586667083.014553  7
1586667083.029798  6
1586667083.044535  7
1586667083.057029  5
1586667083.069441  5
1586667083.084602  8
1586667083.099596  8
1586667083.114604  7
1586667083.126711  6
1586667083.139746  8
1586667083.154657  8
1586667083.169792  7
1586667083.184715  7
1586667083.199120  9
1586667083.214727  8
1586667083.229536  7
1586667083.244757  7
1586667083.260156  8
1586667083.272172  9
1586667083.290211  7
1586667083.304387  4
1586667083.319422  3
1586667083.333822  2
1586667083.349820  3
1586667083.364448  2
1586667083.379431  3
1586667083.399438  3
1586667083.419457  4
1586667083.439074  4
1586667083.455961  3
1586667083.469572  2
1586667083.489730  3
1586667083.507058  2
1586667083.520001  4
1586667083.539653  7
1586667083.559639  6
1586667083.573307  3
1586667083.585627  4
1586667083.599444  4
1586667083.615770  7
1586667083.629827  7
1586667083.645727  5
1586667083.658515  3
1586667083.671566  6
1586667083.686008  4
1586667083.700365  6
1586667083.715821  8
1586667083.730540  6
1586667083.745907  5
1586667083.758380  3
1586667083.771071  6
1586667083.786053  6
1586667083.800100  7
1586667083.819944  5
1586667083.838772  6
1586667083.856135  9
1586667083.869537  9
1586667083.883032  7
1586667083.897953  8
1586667083.913049  6
1586667083.929901  8
1586667083.943084  10
1586667083.957433  8
1586667083.970787  7
1586667083.983377  7
1586667083.996488  7
1586667084.009814  8
1586667084.022448  6
1586667084.039882  2
1586667084.059932  2
1586667084.074500  2
1586667084.090293  4
1586667084.110370  3
1586667084.130246  2
1586667084.149878  3
1586667084.166055  2
1586667084.178698  3
1586667084.194061  3
1586667084.209962  5
1586667084.223628  2
1586667084.236203  5
1586667084.250284  6
1586667084.266458  5
1586667084.279617  4
1586667084.294871  4
1586667084.310421  3
1586667084.324073  4
1586667084.336453  5
1586667084.350068  3
1586667084.366609  4
1586667084.380222  5
1586667084.394795  5
1586667084.410458  5
1586667084.426395  7
1586667084.440846  6
1586667084.460811  6
1586667084.473969  6
1586667084.490569  5
1586667084.506823  8
1586667084.520794  7
1586667084.536757  8
1586667084.550105  8
1586667084.566782  8
1586667084.579857  7
1586667084.591982  6
1586667084.606258  6
1586667084.620044  6
1586667084.636370  6
1586667084.650284  9
1586667084.662336  7
1586667084.676236  7
1586667084.698735  9
1586667084.711018  9
1586667084.727035  8
1586667084.740337  9
1586667084.753629  9
1586667084.766979  8
1586667084.780436  9
1586667084.794299  9
1586667084.810342  8
1586667084.826318  9
1586667084.840540  10
1586667084.856410  10
1586667084.870224  9
1586667084.886511  9
1586667084.900386  10
1586667084.916594  8
1586667084.930664  6
1586667084.946572  8
1586667084.960824  8
1586667084.976596  8
1586667084.990196  5
1586667085.004519  4
1586667085.020454  7
1586667085.036723  2
1586667085.050720  4
1586667085.062834  5
1586667085.076674  3
1586667085.089735  1
1586667085.109651  4
1586667085.124159  4
1586667085.139791  3
1586667085.159698  3
1586667085.177839  3
1586667085.194288  5
1586667085.207160  3
1586667085.219287  3
1586667085.236265  5
1586667085.250450  4
1586667085.262856  5
1586667085.275938  7
1586667085.290758  5
1586667085.307101  6
1586667085.320979  6
1586667085.337176  6
1586667085.351265  7
1586667085.367195  7
1586667085.379547  6
1586667085.397274  4
1586667085.410549  5
1586667085.427287  5
1586667085.441053  4
1586667085.453452  7
1586667085.469155  5
1586667085.490521  7
1586667085.509167  6
1586667085.525243  8
1586667085.538626  8
1586667085.551243  6
1586667085.565760  7
1586667085.579259  7
1586667085.594300  8
1586667085.606798  8
1586667085.620006  7
1586667085.637908  8
1586667085.650581  9
1586667085.662462  7
1586667085.677056  9
1586667085.691445  9
1586667085.707988  10
1586667085.721555  9
1586667085.738005  7
1586667085.750584  6
1586667085.763243  8
1586667085.778013  7
1586667085.796728  8
1586667085.811198  7
1586667085.826728  3
1586667085.839194  3
1586667085.851541  3
1586667085.866825  0
1586667085.880804  3
1586667085.896886  4
1586667085.911243  3
1586667085.926866  5
1586667085.940760  1
1586667085.956925  4
1586667085.970872  2
1586667085.987066  2
1586667086.001070  2
1586667086.013024  4
1586667086.027133  3
1586667086.039290  5
1586667086.063636  4
1586667086.077198  5
1586667086.091836  6
1586667086.107288  7
1586667086.121653  7
1586667086.137322  5
1586667086.150891  5
1586667086.163805  3
1586667086.176743  5
1586667086.191128  7
1586667086.206749  9
1586667086.221085  7
1586667086.239788  6
1586667086.253305  6
1586667086.271121  7
1586667086.291404  7
1586667086.304337  7
1586667086.318833  7
1586667086.338927  6
1586667086.351401  7
1586667086.364055  6
1586667086.379438  8
1586667086.396992  7
1586667086.409698  8
1586667086.427033  9
1586667086.441787  7
1586667086.457539  8
1586667086.470134  8
1586667086.489098  10
1586667086.501235  6
1586667086.513596  9
1586667086.526656  9
1586667086.541066  10
1586667086.556675  8
1586667086.569046  7
1586667086.582124  2
1586667086.599207  3
1586667086.611541  4
1586667086.629232  1
1586667086.641707  1
1586667086.657146  1
1586667086.671277  1
1586667086.686990  1
1586667086.701776  1
1586667086.718511  2
1586667086.731225  1
1586667086.748529  2
1586667086.761807  1
1586667086.778573  2
1586667086.794501  1
1586667086.807546  2
1586667086.821972  3
1586667086.834085  3
1586667086.847596  1
1586667086.861285  0
1586667086.877577  2
1586667086.889993  2
1586667086.905121  3
1586667086.917658  3
1586667086.931673  2
1586667086.947627  3
1586667086.961724  3
1586667086.977696  2
1586667086.991802  2
1586667087.007704  2
1586667087.021527  4
1586667087.037711  4
1586667087.051793  3
1586667087.064095  4
1586667087.077764  4
1586667087.091504  2
1586667087.109603  3
1586667087.129640  5
1586667087.143055  5
1586667087.159679  4
1586667087.176712  3
1586667087.189261  4
1586667087.207794  4
1586667087.221511  3
1586667087.238254  6
1586667087.251689  6
1586667087.264997  5
1586667087.281356  7
1586667087.298941  7
1586667087.312082  7
1586667087.327473  6
1586667087.342429  8
1586667087.357557  6
1586667087.371121  5
1586667087.387639  7
1586667087.402444  8
1586667087.421617  8
1586667087.434254  8
1586667087.451835  8
1586667087.463920  6
1586667087.478242  7
1586667087.492046  8
1586667087.505491  8
1586667087.521363  8
1586667087.533855  7
1586667087.551729  8
1586667087.564716  7
1586667087.579132  9
1586667087.599138  9
1586667087.612168  7
1586667087.629139  6
1586667087.642311  9
1586667087.654855  8
1586667087.669133  9
1586667087.681574  8
1586667087.694603  8
1586667087.707932  9
1586667087.727906  7
1586667087.742255  5
1586667087.758059  3
1586667087.772853  2
1586667087.792313  0
1586667087.805758  3
1586667087.818460  5