1586667637.108230  0
1586667637.126278  0
1586667637.141104  2
1586667637.155323  0
1586667637.170262  2
1586667637.186298  5
1586667637.199302  4
1586667637.217364  11
1586667637.234229  16
1586667637.250277  18
1586667637.265981  21
1586667637.278917  21
1586667637.291138  25
1586667637.304048  30
1586667637.318749  35
1586667637.333186  39
1586667637.347128  43
1586667637.360848  47
1586667637.373616  51
1586667637.388237  53
1586667637.402489  56
1586667637.417131  60
1586667637.432184  65
1586667637.447124  70
1586667637.461784  74
1586667637.475734  79
1586667637.490020  82
1586667637.504297  87
1586667637.518928  90
1586667637.533406  89
1586667637.547687  90
1586667637.563073  90
1586667637.576559  90
1586667637.590652  90
1586667637.605786  89
1586667637.620486  89
1586667637.635602  90
1586667637.650402  90
1586667637.667016  90
1586667637.681440  89
1586667637.695596  90
1586667637.709084  90
1586667637.723693  89
1586667637.738356  89
1586667637.751063  89
1586667637.765395  90
1586667637.779169  90
1586667637.792510  90
1586667637.805627  89
1586667637.818503  90
1586667637.833281  90
1586667637.847797  89
1586667637.862376  90
1586667637.877054  89
1586667637.891681  89
1586667637.906017  89
1586667637.920646  89
1586667637.934960  89
1586667637.949472  88
1586667637.964070  89
1586667637.977903  89
1586667637.992957  89
1586667638.005925  89
1586667638.020772  89
1586667638.034958  88
1586667638.049718  89
1586667638.063849  90
1586667638.077653  90
1586667638.092100  90
1586667638.105933  90
1586667638.120247  90
1586667638.135029  89
1586667638.149802  90
1586667638.164367  89
1586667638.177386  90
1586667638.192198  89
1586667638.207238  89
1586667638.222040  89
1586667638.236135  88
1586667638.249812  90
1586667638.265432  90
1586667638.280087  89
1586667638.294507  88
1586667638.309518  87
1586667638.323677  85
1586667638.336757  87
1586667638.349952  90
1586667638.363981  89
1586667638.376926  90
1586667638.391862  90
1586667638.405857  87
1586667638.420740  90
1586667638.435667  89
1586667638.449210  90
1586667638.462054  90
1586667638.476946  87
1586667638.492401  87
1586667638.505715  88
1586667638.520951  86
1586667638.534333  90
1586667638.546833  88
1586667638.562361  89
1586667638.577437  90
1586667638.590558  88
1586667638.604175  90
1586667638.618660  90
1586667638.631342  88
1586667638.644015  89
1586667638.657578  90
1586667638.671608  89
1586667638.684535  89
1586667638.698130  84
1586667638.711019  85
1586667638.725083  87
1586667638.737857  87
1586667638.750784  89
1586667638.763547  90
1586667638.776114  88
1586667638.790315  89
1586667638.804955  88
1586667638.819571  88
1586667638.834023  90
1586667638.847031  90
1586667638.862564  89
1586667638.877273  85
1586667638.890653  87
1586667638.903071  86
1586667638.915218  85
1586667638.928175  82
1586667638.941060  80
1586667638.953694  84
1586667638.966236  83
1586667638.979573  83
1586667638.991808  81
1586667639.005701  84
1586667639.020442  85
1586667639.033109  88
1586667639.047581  85
1586667639.059935  88
1586667639.074233  86
1586667639.089000  87
1586667639.103594  88
1586667639.118274  86
1586667639.132982  89
1586667639.147546  87
1586667639.161778  88
1586667639.176202  89
1586667639.190434  90
1586667639.204943  85
1586667639.217787  82
1586667639.232676  78
1586667639.246072  76
1586667639.259080  77
1586667639.272566  75
1586667639.285712  74
1586667639.298908  71
1586667639.314100  67
1586667639.327382  66
1586667639.340411  65
1586667639.353013  66
1586667639.367612  64
1586667639.380467  64
1586667639.393943  62
1586667639.407425  61
1586667639.422195  59
1586667639.435766  59
1586667639.449904  59
1586667639.466723  58
1586667639.479738  56
1586667639.492759  51
1586667639.508843  47
1586667639.522603  43
1586667639.536280  40
1586667639.551289  37
1586667639.565277  34
1586667639.578380  32
1586667639.592868  32
1586667639.607108  31
1586667639.621603  30
1586667639.635921  31
1586667639.650642  31
1586667639.665285  30
1586667639.680174  31
1586667639.694985  30
1586667639.709287  30
1586667639.723917  30
1586667639.737335  29
1586667639.751984  29
1586667639.766849  30
1586667639.781404  31
1586667639.795321  31
1586667639.808957  31
1586667639.823825  31
1586667639.838161  31
1586667639.852595  30
1586667639.865597  31
1586667639.878574  32
1586667639.890747  31
1586667639.904801  31
1586667639.917665  31
1586667639.932250  31
1586667639.945665  29
1586667639.957845  31
1586667639.973466  31
1586667639.986589  32
1586667639.999524  31
1586667640.011846  31
1586667640.024873  32
1586667640.038883  32
1586667640.052181  31
1586667640.067217  32
1586667640.080403  33
1586667640.094600  33
1586667640.108246  32
1586667640.120391  32
1586667640.133222  32
1586667640.146633  32
1586667640.164234  33
1586667640.176945  33
1586667640.191644  33
1586667640.206188  33
1586667640.221734  33
1586667640.237667  33
1586667640.251047  32
1586667640.264126  34
1586667640.276796  33
1586667640.289802  33
1586667640.302012  33
1586667640.314263  32
1586667640.326504  34
1586667640.338934  33
1586667640.354691  33
1586667640.366848  33
1586667640.379266  34
1586667640.392101  34
1586667640.404405  35
1586667640.418691  34
1586667640.432987  34
1586667640.446561  33
1586667640.461569  31
1586667640.474420  35
1586667640.488016  34
1586667640.500966  34
1586667640.514784  34
1586667640.527773  35
1586667640.541540  33
1586667640.556889  33
1586667640.569939  35
1586667640.585894  35
1586667640.599307  35
1586667640.612183  35
1586667640.626244  35
1586667640.640950  35
1586667640.656910  33
1586667640.669473  35
1586667640.684038  36
1586667640.698569  34
1586667640.713051  35
1586667640.727984  35
1586667640.743218  35
1586667640.757663  34
1586667640.771452  36
1586667640.785957  35
1586667640.800854  36
1586667640.814971  36
1586667640.828566  36
1586667640.842516  37
1586667640.856584  35
1586667640.871713  37
1586667640.886094  36
1586667640.900551  36
1586667640.915035  36
1586667640.929992  36
1586667640.944661  37
1586667640.959247  36
1586667640.973255  37
1586667640.987593  37
1586667641.000729  38
1586667641.015140  38
1586667641.028154  37
1586667641.041903  37
1586667641.056523  35
1586667641.071526  37
1586667641.085957  37
1586667641.100550  36
1586667641.115218  37
1586667641.129564  37
1586667641.143829  37
1586667641.158984  36
1586667641.175190  37
1586667641.187228  38
1586667641.201289  37
1586667641.215151  39
1586667641.230052  38
1586667641.244585  39
1586667641.256823  38
1586667641.270218  38
1586667641.283051  38
1586667641.297278  39
1586667641.311036  38
1586667641.323379  38
1586667641.336730  38
1586667641.350094  38
1586667641.362866  38
1586667641.376641  39
1586667641.390137  38
1586667641.405383  38
1586667641.419994  40
1586667641.433576  39
1586667641.447474  39
1586667641.461803  39
1586667641.475995  40
1586667641.489261  39
1586667641.503189  39
1586667641.517164  39
1586667641.531070  40
1586667641.545737  39
1586667641.560948  37
1586667641.575148  40
1586667641.588954  39
1586667641.603267  40
1586667641.617406  39
1586667641.631741  40
1586667641.646148  40
1586667641.660736  40
1586667641.674833  38
1586667641.689036  41
1586667641.704646  40
1586667641.719641  40
1586667641.733676  41
1586667641.748465  40
1586667641.763917  40
1586667641.779617  40
1586667641.792590  41
1586667641.806665  40
1586667641.820625  40
1586667641.834932  40
1586667641.849388  40
1586667641.863734  42
1586667641.876974  42
1586667641.891113  42
1586667641.905619  41
1586667641.920549  41
1586667641.934619  41
1586667641.949106  41
1586667641.961882  42
1586667641.975618  43
1586667641.988259  42
1586667642.002436  41
1586667642.016289  42
1586667642.030374  41
1586667642.044731  41
1586667642.058846  41
1586667642.072853  42
1586667642.088099  42
1586667642.102918  43
1586667642.117872  42
1586667642.131992  42
1586667642.145866  42
1586667642.160990  42
1586667642.175387  42
1586667642.188797  43
1586667642.202231  43
1586667642.217039  42
1586667642.231163  42
1586667642.245401  43
1586667642.258737  43
1586667642.273140  43
1586667642.287693  42
1586667642.302677  43
1586667642.318005  42
1586667642.332788  42
1586667642.347093  44
1586667642.362446  45
1586667642.379838  45
1586667642.394289  45
1586667642.408679  44
1586667642.423333  44
1586667642.438370  45
1586667642.452847  44
1586667642.466670  44
1586667642.480249  45
1586667642.494638  45
1586667642.509069  44
1586667642.523712  44
1586667642.538888  44
1586667642.553934  44
1586667642.569083  43
1586667642.583571  44
1586667642.598035  46
1586667642.611083  46
1586667642.625484  44
1586667642.639790  45
1586667642.654130  46
1586667642.668231  45
1586667642.683007  45
1586667642.697558  45
1586667642.711011  45
1586667642.725209  44
1586667642.739444  45
1586667642.753572  44
1586667642.768254  44
1586667642.783996  44
1586667642.798724  45
1586667642.813435  45
1586667642.827770  45
1586667642.842388  45
1586667642.856881  45
1586667642.870411  45
1586667642.885026  46
1586667642.898369  46
1586667642.912143  46
1586667642.927023  45
1586667642.941131  45
1586667642.956061  44
1586667642.970808  46
1586667642.985293  46
1586667643.000513  48
1586667643.014716  46
1586667643.028060  47
1586667643.042523  47
1586667643.056924  47
1586667643.070405  46
1586667643.084870  46
1586667643.099286  46
1586667643.113911  46
1586667643.128430  46
1586667643.143410  47
1586667643.157668  47
1586667643.170261  46
1586667643.182824  46
1586667643.195448  48
1586667643.207922  46
1586667643.222390  46
1586667643.236327  46
1586667643.249581  47
1586667643.262558  46
1586667643.278044  47
1586667643.292345  47
1586667643.306863  46
1586667643.320699  48
1586667643.335751  47
1586667643.350366  47
1586667643.365353  47
1586667643.379917  47
1586667643.393614  48
1586667643.407705  47
1586667643.422777  49
1586667643.437528  47
1586667643.452268  47
1586667643.466744  48
1586667643.479336  49
1586667643.493960  50
1586667643.509051  49
1586667643.523645  48
1586667643.538182  47
1586667643.552137  48
1586667643.566027  47
1586667643.581801  48
1586667643.595945  49
1586667643.611437  48
1586667643.625958  48
1586667643.640393  49
1586667643.654738  48
1586667643.669259  48
1586667643.686075  49
1586667643.699967  49
1586667643.714021  49
1586667643.728347  48
1586667643.743096  49
1586667643.757560  49
1586667643.771282  49
1586667643.785237  50
1586667643.798389  51
1586667643.811592  49
1586667643.826049  49
1586667643.840426  49
1586667643.853127  50
1586667643.867137  49
1586667643.880945  49
1586667643.894285  48
1586667643.907467  50
1586667643.921910  49
1586667643.936008  49
1586667643.950149  48
1586667643.965441  50
1586667643.980273  49
1586667643.995336  49
1586667644.009541  50
1586667644.024299  50
1586667644.038770  50
1586667644.053439  50
1586667644.067419  50
1586667644.080890  50
1586667644.094478  49
1586667644.109312  51
1586667644.123752  50
1586667644.137852  50
1586667644.151673  50
1586667644.166639  49
1586667644.182574  50
1586667644.197759  50
1586667644.213069  51
1586667644.228083  50
1586667644.242767  51
1586667644.257221  51
1586667644.270236  50
1586667644.285067  50
1586667644.299146  51
1586667644.314469  51
1586667644.329070  50
1586667644.344278  50
1586667644.358174  51
1586667644.372678  51
1586667644.386946  50
1586667644.402092  52
1586667644.416587  52
1586667644.431070  51
1586667644.445466  51
1586667644.459438  52
1586667644.473201  52
1586667644.485392  51
1586667644.498970  51
1586667644.512050  52
1586667644.526580  53
1586667644.539758  52
1586667644.554010  51
1586667644.567947  51
1586667644.581867  51
1586667644.596474  52
1586667644.611301  52
1586667644.625552  53
1586667644.640216  52
1586667644.655487  51
1586667644.670225  51
1586667644.684678  52
1586667644.698819  52
1586667644.712851  54
1586667644.727233  53
1586667644.740584  53
1586667644.754995  52
1586667644.768868  52
1586667644.784581  53
1586667644.801519  52
1586667644.816614  55
1586667644.831286  53
1586667644.845673  53
1586667644.860653  53
1586667644.874915  53
1586667644.889018  52
1586667644.903148  54
1586667644.917694  54
1586667644.931968  54
1586667644.946088  53
1586667644.960026  52
1586667644.974124  54
1586667644.988780  53
1586667645.003304  54
1586667645.017264  54
1586667645.030524  54
1586667645.044203  53
1586667645.058351  53
1586667645.073901  54
1586667645.087930  52
1586667645.102938  52
1586667645.117799  54
1586667645.130740  55
1586667645.144878  54
1586667645.159017  53
1586667645.172417  54
1586667645.186243  55
1586667645.199703  54
1586667645.213249  53
1586667645.227542  55
1586667645.240649  56
1586667645.255294  54
1586667645.269709  53
1586667645.284304  54
1586667645.298691  55
1586667645.312892  53
1586667645.327355  55
1586667645.342554  55
1586667645.356535  55
1586667645.369687  53
1586667645.385217  55
1586667645.401586  56
1586667645.415972  56
1586667645.429861  56
1586667645.443802  55
1586667645.458089  56
1586667645.473110  55
1586667645.486616  55
1586667645.501246  54
1586667645.516206  55
1586667645.531612  57
1586667645.546449  56
1586667645.560949  56
1586667645.575589  55
1586667645.590698  55
1586667645.605315  55
1586667645.620339  55
1586667645.635400  56
1586667645.650578  56
1586667645.664280  55
1586667645.676574  56
1586667645.689978  55
1586667645.704764  56
1586667645.719504  56
1586667645.734164  57
1586667645.748377  57
1586667645.762253  56
1586667645.777392  56
1586667645.790427  56
1586667645.804700  56
1586667645.820141  56
1586667645.834659  56
1586667645.849623  56
1586667645.864012  57
1586667645.878610  56
1586667645.892542  57
1586667645.907153  56
1586667645.921775  56
1586667645.936553  57
1586667645.951117  57
1586667645.966282  56
1586667645.979966  56
1586667645.993436  57
1586667646.007741  56
1586667646.022684  57
1586667646.037557  58
1586667646.052050  57
1586667646.067237  57
1586667646.083730  58
1586667646.098204  57
1586667646.111364  57
1586667646.125232  56
1586667646.140187  58
1586667646.154297  58
1586667646.168153  56
1586667646.183732  57
1586667646.198272  57
1586667646.211990  57
1586667646.226146  57
1586667646.239638  59
1586667646.253089  58
1586667646.267569  57
1586667646.282031  58
1586667646.295863  57
1586667646.310976  58
1586667646.325950  57
1586667646.340378  59
1586667646.355795  59
1586667646.369882  59
1586667646.385057  58
1586667646.399289  57
1586667646.413948  59
1586667646.428373  58
1586667646.442091  59
1586667646.456830  58
1586667646.471800  60
1586667646.485425  59
1586667646.500055  58
1586667646.514028  59
1586667646.528294  59
1586667646.542161  60
1586667646.556553  59
1586667646.571490  59
1586667646.587042  58
1586667646.602993  58
1586667646.617087  59
1586667646.631991  59
1586667646.646677  61
1586667646.661346  60
1586667646.675477  59
1586667646.689602  60
1586667646.703967  60
1586667646.718222  60
1586667646.731033  59
1586667646.745300  61
1586667646.759919  60
1586667646.774010  60
1586667646.788179  58
1586667646.803098  60
1586667646.817625  60
1586667646.832616  59
1586667646.846336  60
1586667646.860763  60
1586667646.875345  60
1586667646.889555  59
1586667646.902487  60
1586667646.916243  59
1586667646.931538  59
1586667646.946255  61
1586667646.960570  60
1586667646.974731  62
1586667646.989343  61
1586667647.002837  60
1586667647.017468  60
1586667647.031125  60
1586667647.045795  62
1586667647.060242  61
1586667647.075652  61
1586667647.090532  60
1586667647.104767  60
1586667647.118160  60
1586667647.133317  60
1586667647.147330  62
1586667647.160724  61
1586667647.175140  61
1586667647.189618  60
1586667647.204188  61
1586667647.218917  61
1586667647.232402  60
1586667647.247458  61
1586667647.262160  62
1586667647.277221  62
1586667647.291420  60
1586667647.306161  61
1586667647.321240  61
1586667647.336050  61
1586667647.349951  61
1586667647.364344  63
1586667647.378270  62
1586667647.393219  61
1586667647.407733  61
1586667647.422526  61
1586667647.436970  61
1586667647.451434  62
1586667647.465061  62
1586667647.479919  62
1586667647.494200  61
1586667647.508605  61
1586667647.522500  61
1586667647.536206  62
1586667647.550172  62
1586667647.564162  62
1586667647.578142  62
1586667647.592376  63
1586667647.606200  62
1586667647.619970  62
1586667647.634414  62
1586667647.648903  64
1586667647.663821  62
1586667647.678048  63
1586667647.692715  64
1586667647.705739  62
1586667647.720145  62
1586667647.734402  62
1586667647.748974  63
1586667647.762524  63
1586667647.777440  63
1586667647.790093  63
1586667647.804595  63
1586667647.819969  62
1586667647.834528  62
1586667647.849209  62
1586667647.863750  63
1586667647.877926  64
1586667647.893031  63
1586667647.907290  61
1586667647.921721  63
1586667647.936203  64
1586667647.950294  64
1586667647.964593  63
1586667647.978723  64
1586667647.992899  63
1586667648.007498  63
1586667648.021532  63
1586667648.035975  63
1586667648.050940  64
1586667648.065547  64
1586667648.079668  64
1586667648.093926  64
1586667648.108069  63
1586667648.122469  63
1586667648.137787  63
1586667648.152485  65
1586667648.166576  64
1586667648.180595  64
1586667648.193693  64
1586667648.207871  63
1586667648.220633  63
1586667648.234429  63
1586667648.248550  64
1586667648.262820  65
1586667648.277228  66
1586667648.291812  65
1586667648.306381  64
1586667648.321668  64
1586667648.336413  65
1586667648.350773  65
1586667648.365107  65
1586667648.379015  66
1586667648.393405  64
1586667648.407954  64
1586667648.422180  64
1586667648.436382  65
1586667648.450668  64
1586667648.465468  66
1586667648.479752  65
1586667648.494487  66
1586667648.509373  64
1586667648.522538  65
1586667648.536849  65
1586667648.550681  65
1586667648.564164  65
1586667648.578518  66
1586667648.591925  66
1586667648.605771  65
1586667648.620045  65
1586667648.634001  65
1586667648.648196  66
1586667648.662817  67
1586667648.676391  66
1586667648.690269  67
1586667648.704181  66
1586667648.718348  66
1586667648.731781  65
1586667648.746148  66
1586667648.760417  66
1586667648.772751  67
1586667648.786560  66
1586667648.800560  65
1586667648.815287  65
1586667648.829249  65
1586667648.843454  65
1586667648.857110  66
1586667648.870975  67
1586667648.885387  67
1586667648.899808  66
1586667648.914241  65
1586667648.928785  65
1586667648.941829  65
1586667648.955616  68
1586667648.969812  67
1586667648.984617  67
1586667648.998903  67
1586667649.012053  67
1586667649.025901  67
1586667649.039796  66
1586667649.054437  67
1586667649.068997  67
1586667649.082089  67
1586667649.096440  67
1586667649.110922  68
1586667649.124778  67
1586667649.139666  66
1586667649.154745  68
1586667649.169522  67
1586667649.184759  69
1586667649.199259  68
1586667649.213718  68
1586667649.227462  67
1586667649.242145  67
1586667649.257158  67
1586667649.272324  67
1586667649.287142  67
1586667649.301711  68
1586667649.316396  69
1586667649.331277  67
1586667649.346528  68
1586667649.360158  68
1586667649.374977  69
1586667649.389655  68
1586667649.403808  68
1586667649.418532  68
1586667649.433219  68
1586667649.448327  67
1586667649.462378  68
1586667649.477152  68
1586667649.492179  68
1586667649.506885  68
1586667649.521573  67
1586667649.535458  68
1586667649.549973  67
1586667649.564583  68
1586667649.579123  70
1586667649.593642  68
1586667649.608405  68
1586667649.623124  67
1586667649.637382  68
1586667649.651508  67
1586667649.666908  70
1586667649.681828  69
1586667649.696440  69
1586667649.710929  69
1586667649.725313  68
1586667649.739383  68
1586667649.753686  68
1586667649.767638  70
1586667649.782980  70
1586667649.795697  70
1586667649.810720  69
1586667649.823700  69
1586667649.837390  68
1586667649.852353  68
1586667649.865355  70
1586667649.879425  70
1586667649.893203  70
1586667649.908201  69
1586667649.922791  69
1586667649.937708  68
1586667649.952078  69
1586667649.964914  69
1586667649.979259  71
1586667649.993933  70
1586667650.008301  69
1586667650.022881  70
1586667650.036559  69
1586667650.051341  70
1586667650.066015  70
1586667650.080667  70
1586667650.094689  70
1586667650.108781  70
1586667650.121725  71
1586667650.135778  69
1586667650.147789  69
1586667650.162727  70
1586667650.177674  70
1586667650.192104  70
1586667650.206337  71
1586667650.220842  70
1586667650.234722  69
1586667650.248983  70
1586667650.263609  71
1586667650.278589  70
1586667650.293500  70
1586667650.308101  71
1586667650.322315  71
1586667650.336026  69
1586667650.349985  69
1586667650.362382  70
1586667650.376779  71
1586667650.390868  71
1586667650.405515  71
1586667650.420019  71
1586667650.434475  69
1586667650.449127  71
1586667650.462876  70
1586667650.476753  71
1586667650.491773  72
1586667650.506184  72
1586667650.520611  71
1586667650.534600  71
1586667650.549050  72
1586667650.564008  72
1586667650.578788  73
1586667650.593328  73
1586667650.607956  73
1586667650.621848  72
1586667650.634423  73
1586667650.646943  71
1586667650.659399  72
1586667650.673195  72
1586667650.686014  73
1586667650.699660  73
1586667650.712582  73
1586667650.725954  72
1586667650.740397  71
1586667650.754120  70
1586667650.768454  71
1586667650.783465  73
1586667650.798332  72
1586667650.812303  73
1586667650.825513  72
1586667650.839466  71
1586667650.853247  71
1586667650.865931  72
1586667650.880088  72
1586667650.894651  72
1586667650.908751  73
1586667650.922822  73
1586667650.936580  72
1586667650.950899  71
1586667650.965580  72
1586667650.979875  73
1586667650.994088  73
1586667651.007831  72
1586667651.022557  73
1586667651.036757  74
1586667651.050617  72
1586667651.065272  71
1586667651.079854  73
1586667651.093434  73
1586667651.107993  72
1586667651.122750  72
1586667651.136584  72
1586667651.151058  73
1586667651.163913  72
1586667651.178225  73
1586667651.192750  74
1586667651.206960  73
1586667651.220977  73
1586667651.234459  73
1586667651.248647  72
1586667651.263103  73
1586667651.278559  72
1586667651.292509  74
1586667651.306564  73
1586667651.321005  73
1586667651.334491  72
1586667651.348260  72
1586667651.362446  72
1586667651.377296  74
1586667651.391862  73
1586667651.405628  73
1586667651.420393  73
1586667651.436185  73
1586667651.450551  73
1586667651.465035  73
1586667651.478878  74
1586667651.494053  74
1586667651.507948  73
1586667651.522664  75
1586667651.537248  75
1586667651.551240  73
1586667651.565910  73
1586667651.580196  74
1586667651.594564  75
1586667651.609124  74
1586667651.622971  75
1586667651.636275  75
1586667651.650524  74
1586667651.664389  73
1586667651.678209  74
1586667651.693665  74
1586667651.708194  75
1586667651.721874  75
1586667651.735804  76
1586667651.751070  74
1586667651.765959  74
1586667651.780662  74
1586667651.793232  74
1586667651.807929  75
1586667651.821794  74
1586667651.835907  75
1586667651.850530  75
1586667651.863872  74
1586667651.876941  73
1586667651.892318  74
1586667651.907295  75
1586667651.919928  75
1586667651.934637  76
1586667651.948401  75
1586667651.963063  74
1586667651.977525  74
1586667651.992165  75
1586667652.006837  76
1586667652.021456  76
1586667652.036865  76
1586667652.051561  75
1586667652.066174  75
1586667652.080343  75
1586667652.093054  75
1586667652.108193  75
1586667652.121065  76
1586667652.134358  76
1586667652.146863  76
1586667652.159566  77
1586667652.174631  75
1586667652.188764  74
1586667652.201557  76
1586667652.214367  77
1586667652.228874  76
1586667652.243150  76
1586667652.257285  75
1586667652.271222  77
1586667652.284957  76
1586667652.299373  74
1586667652.313774  76
1586667652.328643  76
1586667652.342748  75
1586667652.358155  77
1586667652.372988  77
1586667652.387154  75
1586667652.401898  74
1586667652.416445  77
1586667652.430213  77
1586667652.444462  75
1586667652.459361  75
1586667652.473655  77
1586667652.486376  76
1586667652.500887  75
1586667652.515269  76
1586667652.530310  77
1586667652.543928  78
1586667652.558251  77
1586667652.572279  76
1586667652.587030  77
1586667652.602797  76
1586667652.617197  77
1586667652.631394  76
1586667652.645186  76
1586667652.659349  78
1586667652.673860  77
1586667652.688839  76
1586667652.703829  76
1586667652.718630  77
1586667652.732735  77
1586667652.746412  78
1586667652.761015  77
1586667652.775661  77
1586667652.790528  78
1586667652.805300  76
1586667652.820053  77
1586667652.834890  78
1586667652.847685  77
1586667652.862714  77
1586667652.876601  77
1586667652.890759  78
1586667652.904113  77
1586667652.918824  76
1586667652.933597  79
1586667652.948199  78
1586667652.963173  78
1586667652.977856  77
1586667652.993163  79
1586667653.008270  77
1586667653.022967  77
1586667653.035829  78
1586667653.049789  78
1586667653.063934  78
1586667653.078304  78
1586667653.092788  77
1586667653.106793  78
1586667653.121443  76
1586667653.136578  79
1586667653.150981  78
1586667653.165901  78
1586667653.177786  78
1586667653.189993  78
1586667653.204931  78
1586667653.219997  77
1586667653.235006  77
1586667653.248783  77
1586667653.263782  78
1586667653.279092  78
1586667653.293639  78
1586667653.308074  78
1586667653.322439  77
1586667653.336792  79
1586667653.351670  79
1586667653.366183  79
1586667653.381108  80
1586667653.395344  79
1586667653.409899  79
1586667653.424156  78
1586667653.438374  79
1586667653.452578  79
1586667653.467491  79
1586667653.482741  79
1586667653.496778  79
1586667653.510949  79
1586667653.525008  79
1586667653.539323  78
1586667653.553497  79
1586667653.568134  80
1586667653.582937  79
1586667653.597438  79
1586667653.611781  80
1586667653.624725  80
1586667653.637680  80
1586667653.652211  80
1586667653.664970  79
1586667653.677194  80
1586667653.689920  80
1586667653.702337  80
1586667653.715707  79
1586667653.728382  79
1586667653.741022  79
1586667653.755476  79
1586667653.768410  79
1586667653.781101  81
1586667653.795665  80
1586667653.809915  80
1586667653.824703  80
1586667653.839749  81
1586667653.852574  79
1586667653.866525  80
1586667653.881405  79
1586667653.895858  80
1586667653.909077  80
1586667653.923905  79
1586667653.938134  80
1586667653.951900  79
1586667653.965545  81
1586667653.980362  80
1586667653.994036  80
1586667654.008724  81
1586667654.023206  79
1586667654.037489  81
1586667654.051700  79
1586667654.065531  82
1586667654.079926  80
1586667654.095076  79
1586667654.109921  81
1586667654.123692  81
1586667654.136249  80
1586667654.150783  80
1586667654.164356  80
1586667654.179047  81
1586667654.193160  81
1586667654.207112  81
1586667654.221801  80
1586667654.234538  82
1586667654.249193  81
1586667654.263315  81
1586667654.277451  80
1586667654.291437  82
1586667654.304820  82
1586667654.319325  81
1586667654.333601  80
1586667654.347999  82
1586667654.362181  81
1586667654.375889  81
1586667654.390684  82
1586667654.404539  82
1586667654.419216  81
1586667654.434458  80
1586667654.448398  80
1586667654.462547  81
1586667654.476002  81
1586667654.489970  80
1586667654.504594  81
1586667654.519306  81
1586667654.533661  81
1586667654.547822  82
1586667654.562429  82
1586667654.576901  83
1586667654.591664  82
1586667654.606345  81
1586667654.620020  84
1586667654.634585  82
1586667654.649331  81
1586667654.664221  82
1586667654.678129  83
1586667654.692030  82
1586667654.705461  82
1586667654.719785  81
1586667654.734281  83
1586667654.749442  82
1586667654.763856  82
1586667654.778654  83
1586667654.792951  82
1586667654.807922  82
1586667654.822723  82
1586667654.837163  82
1586667654.851474  83
1586667654.866083  82
1586667654.880399  81
1586667654.895074  82
1586667654.909883  82
1586667654.923903  83
1586667654.938315  83
1586667654.953202  82
1586667654.967742  82
1586667654.982225  81
1586667654.997209  82
1586667655.011558  83
1586667655.026429  84
1586667655.040769  83
1586667655.055596  83
1586667655.069367  83
1586667655.084113  83
1586667655.099006  83
1586667655.113880  82
1586667655.128551  83
1586667655.142553  83
1586667655.155926  83
1586667655.169913  83
1586667655.184838  84
1586667655.198198  84
1586667655.213163  83
1586667655.226786  84
1586667655.241597  84
1586667655.256186  83
1586667655.270591  83
1586667655.284919  84
1586667655.298985  84
1586667655.314117  83
1586667655.328557  82
1586667655.342759  83
1586667655.355825  84
1586667655.370006  84
1586667655.382919  83
1586667655.396760  83
1586667655.411057  83
1586667655.425470  84
1586667655.439988  84
1586667655.454184  83
1586667655.468974  84
1586667655.483773  84
1586667655.498054  84
1586667655.512379  84
1586667655.527453  84
1586667655.542006  85
1586667655.556552  84
1586667655.571947  84
1586667655.586695  84
1586667655.601277  85
1586667655.614946  84
1586667655.629508  85
1586667655.643981  84
1586667655.657563  85
1586667655.671908  85
1586667655.685472  84
1586667655.699911  84
1586667655.714077  85
1586667655.728209  84
1586667655.742299  85
1586667655.755694  84
1586667655.770941  85
1586667655.785504  83
1586667655.799993  84
1586667655.814438  84
1586667655.829532  85
1586667655.843922  83
1586667655.858804  84
1586667655.872820  85
1586667655.887330  84
1586667655.901667  85
1586667655.915619  85
1586667655.929936  86
1586667655.943950  84
1586667655.957455  85
1586667655.972097  87
1586667655.986368  85
1586667656.001081  85
1586667656.016003  84
1586667656.031330  85
1586667656.045678  85
1586667656.060960  85
1586667656.074902  85
1586667656.089314  86
1586667656.103332  85
1586667656.118207  85
1586667656.133688  86
1586667656.149025  85
1586667656.163921  86
1586667656.176015  87
1586667656.190335  85
1586667656.204947  86
1586667656.218962  86
1586667656.233561  85
1586667656.247094  86
1586667656.262329  86
1586667656.275346  86
1586667656.289317  85
1586667656.301735  84
1586667656.316841  87
1586667656.331859  86
1586667656.346024  86
1586667656.360714  86
1586667656.374678  87
1586667656.388014  87
1586667656.402072  86
1586667656.415277  87
1586667656.427609  86
1586667656.441769  87
1586667656.456409  87
1586667656.471656  86
1586667656.486504  86
1586667656.501308  86
1586667656.516086  85
1586667656.531119  85
1586667656.545119  87
1586667656.558935  87
1586667656.573246  86
1586667656.586400  87
1586667656.599946  87
1586667656.614251  86
1586667656.627946  86
1586667656.642467  85
1586667656.656924  86
1586667656.670837  86
1586667656.685422  87
1586667656.700992  87
1586667656.716347  87
1586667656.731937  86
1586667656.746500  86
1586667656.760570  86
1586667656.776170  87
1586667656.790742  87
1586667656.805348  87
1586667656.820118  88
1586667656.834173  86
1586667656.848832  88
1586667656.863359  87
1586667656.878225  87
1586667656.892529  87
1586667656.907173  87
1586667656.921733  87
1586667656.935947  87
1586667656.950228  87
1586667656.964553  87
1586667656.979453  87
1586667656.994291  87
1586667657.009203  87
1586667657.023740  86
1586667657.039218  88
1586667657.053484  88
1586667657.068375  87
1586667657.082297  88
1586667657.095959  88
1586667657.110254  88
1586667657.123850  87
1586667657.139395  87
1586667657.154185  88
1586667657.169098  88
1586667657.184128  87
1586667657.198543  88
1586667657.212761  88
1586667657.225973  89
1586667657.240433  89
1586667657.254022  87
1586667657.267338  87
1586667657.281524  89
1586667657.295251  89
1586667657.309379  88
1586667657.323393  90
1586667657.338127  88
1586667657.352843  89
1586667657.367312  89
1586667657.379909  87
1586667657.394557  88
1586667657.408592  88
1586667657.423052  89
1586667657.438201  87
1586667657.453192  88
1586667657.467691  88
1586667657.482750  87
1586667657.497244  89
1586667657.511413  89
1586667657.525895  88
1586667657.539940  88
1586667657.554522  89
1586667657.568589  88
1586667657.582672  88
1586667657.596909  89
1586667657.611184  88
1586667657.626327  88
1586667657.641397  88
1586667657.655842  88
1586667657.670901  89
1586667657.684666  89
1586667657.698733  89
1586667657.712736  88
1586667657.726953  89
1586667657.740753  89
1586667657.756241  87
1586667657.771128  88
1586667657.785628  88
1586667657.799854  90
1586667657.814535  87
1586667657.829334  87
1586667657.843758  89
1586667657.856807  88
1586667657.871730  88
1586667657.885970  89
1586667657.900686  89
1586667657.915043  89
1586667657.930645  87
1586667657.945363  89
1586667657.960662  89
1586667657.974822  87
1586667657.989641  88
1586667658.004737  87
1586667658.019270  87
1586667658.033744  88
1586667658.048428  87
1586667658.063007  87
1586667658.077444  88
1586667658.091357  87
1586667658.105852  86
1586667658.120514  87
1586667658.135316  83
1586667658.149591  79
1586667658.162362  75
1586667658.177000  68
1586667658.191815  64
1586667658.206708  59
1586667658.221031  53
1586667658.235182  46
1586667658.249212  43
1586667658.264522  41
1586667658.279049  43
1586667658.293681  42
1586667658.308448  41
1586667658.322645  42
1586667658.336276  41
1586667658.349217  41
1586667658.363548  41
1586667658.376685  41
1586667658.390802  42
1586667658.405041  42
1586667658.419176  42
1586667658.432999  43
1586667658.447270  42
1586667658.461939  43
1586667658.476822  42
1586667658.492055  41
1586667658.506875  44
1586667658.520849  42
1586667658.535525  43
1586667658.549885  42
1586667658.564754  42
1586667658.579610  42
1586667658.593800  43
1586667658.607543  42
1586667658.622454  44
1586667658.637255  43
1586667658.651470  43
1586667658.665950  42
1586667658.680677  44
1586667658.695028  43
1586667658.709842  44
1586667658.724678  43
1586667658.739015  43
1586667658.753637  44
1586667658.767947  43
1586667658.782893  44
1586667658.797234  43
1586667658.812339  43
1586667658.827403  43
1586667658.842039  44
1586667658.855805  43
1586667658.870230  45
1586667658.884615  44
1586667658.899332  44
1586667658.913648  45
1586667658.926602  45
1586667658.940481  44
1586667658.954081  45
1586667658.967809  45
1586667658.982196  45
1586667658.994859  44
1586667659.007784  46
1586667659.020266  45
1586667659.034788  45
1586667659.049348  44
1586667659.064183  46
1586667659.079063  44
1586667659.093258  44
1586667659.107650  45
1586667659.121893  45
1586667659.136216  45
1586667659.150202  45
1586667659.164687  44
1586667659.179039  45
1586667659.193523  46
1586667659.207954  47
1586667659.222740  45
1586667659.237590  46
1586667659.252210  46
1586667659.266310  45
1586667659.280643  45
1586667659.294690  46
1586667659.309254  46
1586667659.323632  45
1586667659.337343  46
1586667659.350749  46
1586667659.365527  46
1586667659.378946  47
1586667659.392799  46
1586667659.406262  46
1586667659.420006  47
1586667659.434344  47
1586667659.447007  46
1586667659.461059  46
1586667659.475029  47
1586667659.487692  47
1586667659.501650  46
1586667659.515909  48
1586667659.528755  47
1586667659.543666  46
1586667659.558873  46
1586667659.573435  47
1586667659.587768  46
1586667659.602020  47
1586667659.616319  47
1586667659.630134  47
1586667659.644388  47
1586667659.658550  48
1586667659.672886  47
1586667659.686580  47
1586667659.699643  48
1586667659.714407  48
1586667659.728931  47
1586667659.743593  47
1586667659.757231  48
1586667659.772369  47
1586667659.786702  48
1586667659.801125  48
1586667659.815372  48
1586667659.830468  48
1586667659.845395  47
1586667659.860049  48
1586667659.874544  47
1586667659.889429  48
1586667659.903285  48
1586667659.917653  49
1586667659.931401  48
1586667659.946018  49
1586667659.960190  47
1586667659.974583  48
1586667659.989271  49
1586667660.003176  49
1586667660.016587  49
1586667660.030061  50
1586667660.045083  48
1586667660.059328  48
1586667660.073631  49
1586667660.087999  48
1586667660.103463  49
1586667660.122311  50
1586667660.138620  49
1586667660.151434  50
1586667660.165670  49
1586667660.179975  50
1586667660.193739  49
1586667660.207685  49
1586667660.222133  50
1586667660.236467  50
1586667660.249404  49
1586667660.263913  49
1586667660.278324  49
1586667660.292852  50
1586667660.307380  49
1586667660.322745  50
1586667660.337432  49
1586667660.351942  49
1586667660.366207  50
1586667660.381092  50
1586667660.395649  50
1586667660.410658  50
1586667660.425645  52
1586667660.440541  50
1586667660.454106  50
1586667660.468466  50
1586667660.483796  50
1586667660.498701  51
1586667660.513568  51
1586667660.528948  51
1586667660.543319  50
1586667660.557914  50
1586667660.572481  52
1586667660.587072  51
1586667660.601795  50
1586667660.616860  51
1586667660.631318  53
1586667660.645964  52
1586667660.660632  50
1586667660.673270  51
1586667660.687933  51
1586667660.702697  51
1586667660.717528  51
1586667660.732302  52
1586667660.746923  52
1586667660.761472  51
1586667660.775692  51
1586667660.789569  52
1586667660.804263  52
1586667660.817730  52
1586667660.831939  52
1586667660.845937  51
1586667660.860356  52
1586667660.873799  52
1586667660.887538  51
1586667660.902025  53
1586667660.916818  51
1586667660.931428  53
1586667660.945539  52
1586667660.959723  53
1586667660.974130  52
1586667660.988410  51
1586667661.002944  52
1586667661.017740  52
1586667661.032165  53
1586667661.045843  54
1586667661.060454  52
1586667661.074468  52
1586667661.088796  52
1586667661.103526  52
1586667661.118484  52
1586667661.133024  54
1586667661.147493  54
1586667661.162158  53
1586667661.175941  53
1586667661.189575  53
1586667661.202973  53
1586667661.217185  52
1586667661.231654  53
1586667661.246125  54
1586667661.259543  53
1586667661.272610  54
1586667661.285203  54
1586667661.297385  54
1586667661.309619  53
1586667661.323920  54
1586667661.338817  55
1586667661.353406  55
1586667661.368023  53
1586667661.381361  54
1586667661.393983  54
1586667661.406445  53
1586667661.419400  54
1586667661.434750  55
1586667661.449385  54
1586667661.462336  55
1586667661.476799  54
1586667661.490650  53
1586667661.504827  54
1586667661.518367  55
1586667661.532296  55
1586667661.546433  54
1586667661.560088  54
1586667661.574672  55
1586667661.589533  54
1586667661.604152  54
1586667661.618572  54
1586667661.633046  55
1586667661.647374  55
1586667661.661677  54
1586667661.675800  54
1586667661.689367  55
1586667661.703483  55
1586667661.717914  55
1586667661.731740  57
1586667661.746645  57
1586667661.760224  56
1586667661.773880  55
1586667661.787696  55
1586667661.801908  56
1586667661.816189  55
1586667661.829915  54
1586667661.844943  56
1586667661.858714  56
1586667661.872875  55
1586667661.887760  55
1586667661.902346  56
1586667661.916577  55
1586667661.930629  54
1586667661.945584  57
1586667661.959750  57
1586667661.973220  56
1586667661.987474  55
1586667662.002041  56
1586667662.016410  57
1586667662.029610  56
1586667662.042868  57
1586667662.056665  56
1586667662.069687  57
1586667662.083207  56
1586667662.097047  56
1586667662.111231  56
1586667662.125685  56
1586667662.140138  57
1586667662.154509  57
1586667662.168492  56
1586667662.180973  56
1586667662.194185  58
1586667662.208947  56
1586667662.222986  56
1586667662.237187  58
1586667662.252081  58
1586667662.266745  57
1586667662.280046  57
1586667662.292679  56
1586667662.305129  57
1586667662.317397  57
1586667662.331605  58
1586667662.346004  59
1586667662.358590  59
1586667662.373523  58
1586667662.387332  57
1586667662.401978  57
1586667662.416357  57
1586667662.430957  57
1586667662.444966  58
1586667662.459789  59
1586667662.474864  59
1586667662.488220  57
1586667662.503303  57
1586667662.518466  57
1586667662.533728  57
1586667662.547902  58
1586667662.563026  59
1586667662.577048  57
1586667662.591340  57
1586667662.605869  58
1586667662.619474  58
1586667662.633815  58
1586667662.648833  58
1586667662.663348  59
1586667662.677257  59
1586667662.691871  58
1586667662.705482  58
1586667662.718715  58
1586667662.732759  59
1586667662.746977  59
1586667662.761332  59
1586667662.775755  60
1586667662.789071  59
1586667662.803751  58
1586667662.818780  58
1586667662.833177  58
1586667662.848180  60
1586667662.862505  60
1586667662.875377  59
1586667662.887985  59
1586667662.900481  59
1586667662.913202  59
1586667662.927893  59
1586667662.941973  58
1586667662.955884  61
1586667662.970464  60
1586667662.985166  60
1586667663.000105  59
1586667663.014207  59
1586667663.029058  59
1586667663.043864  60
1586667663.057872  59
1586667663.072194  61
1586667663.086521  61
1586667663.100907  59
1586667663.115066  60
1586667663.128631  59
1586667663.142074  59
1586667663.155189  60
1586667663.168642  61
1586667663.181768  60
1586667663.196289  60
1586667663.209737  59
1586667663.224429  59
1586667663.237048  61
1586667663.249750  62
1586667663.262682  61
1586667663.277404  61
1586667663.290988  62
1586667663.306262  60
1586667663.321062  60
1586667663.335005  60
1586667663.349898  61
1586667663.363749  62
1586667663.378455  60
1586667663.392451  61
1586667663.407028  60
1586667663.420597  61
1586667663.435736  61
1586667663.450252  61
1586667663.464158  61
1586667663.478977  61
1586667663.493024  60
1586667663.507255  59
1586667663.522231  60
1586667663.536403  60
1586667663.550965  62
1586667663.566248  61
1586667663.581145  62
1586667663.595737  62
1586667663.610242  61
1586667663.625134  60
1586667663.640098  62
1586667663.654581  63
1586667663.668945  62
1586667663.683262  61
1586667663.698024  62
1586667663.713517  61
1586667663.728472  60
1586667663.743362  61
1586667663.758460  62
1586667663.773109  62
1586667663.787813  62
1586667663.802464  60
1586667663.817587  60
1586667663.832030  61
1586667663.846401  61
1586667663.861006  62
1586667663.875998  62
1586667663.890881  63
1586667663.905853  62
1586667663.920625  63
1586667663.935310  62
1586667663.950366  61
1586667663.965086  63
1586667663.978087  64
1586667663.991668  63
1586667664.003882  63
1586667664.016142  62
1586667664.029491  62
1586667664.043278  63
1586667664.056380  62
1586667664.068675  63
1586667664.080954  64
1586667664.094325  64
1586667664.107463  63
1586667664.121664  62
1586667664.135684  62
1586667664.151230  63
1586667664.165455  63
1586667664.180028  63
1586667664.194320  63
1586667664.207489  63
1586667664.222321  62
1586667664.237154  63
1586667664.250647  64
1586667664.263187  65
1586667664.277873  64
1586667664.292528  64
1586667664.306830  65
1586667664.319451  64
1586667664.334055  63
1586667664.349376  63
1586667664.363947  65
1586667664.378553  64
1586667664.392846  64
1586667664.407111  64
1586667664.421228  63
1586667664.435015  63
1586667664.447819  63
1586667664.463003  65
1586667664.477654  65
1586667664.492471  63
1586667664.507504  63
1586667664.521633  64
1586667664.536203  63
1586667664.550756  63
1586667664.565454  65
1586667664.579608  64
1586667664.593646  65
1586667664.608952  66
1586667664.623524  63
1586667664.635842  64
1586667664.648169  64
1586667664.661006  65
1586667664.673849  66
1586667664.688108  66
1586667664.702832  65
1586667664.717087  64
1586667664.731372  63
1586667664.746386  65
1586667664.760550  65
1586667664.774125  66
1586667664.788071  65
1586667664.800527  66
1586667664.814868  66
1586667664.829315  64
1586667664.844227  64
1586667664.858103  65
1586667664.872058  65
1586667664.886001  65
1586667664.900090  65
1586667664.913856  64
1586667664.928058  66
1586667664.940854  66
1586667664.954857  65
1586667664.968907  67
1586667664.983284  67
1586667664.997806  66
1586667665.011067  66
1586667665.026445  65
1586667665.041005  65
1586667665.055557  65
1586667665.069795  66
1586667665.083683  66
1586667665.098341  66
1586667665.112212  67
1586667665.126769  66
1586667665.141622  66
1586667665.156433  66
1586667665.170389  66
1586667665.184646  67
1586667665.198532  67
1586667665.213034  67
1586667665.227681  65
1586667665.242270  66
1586667665.255336  67
1586667665.269435  67
1586667665.284646  68
1586667665.299089  66
1586667665.313588  68
1586667665.328097  67
1586667665.341689  66
1586667665.356688  66
1586667665.370921  68
1586667665.384839  69
1586667665.399764  68
1586667665.414622  68
1586667665.429477  68
1586667665.443586  68
1586667665.457727  68
1586667665.471027  70
1586667665.484336  70
1586667665.498571  69
1586667665.511982  69
1586667665.526451  69
1586667665.540821  66
1586667665.555641  66
1586667665.569913  66
1586667665.582800  68
1586667665.595730  67
1586667665.607947  69
1586667665.622580  68
1586667665.636758  67
1586667665.650960  67
1586667665.666004  68
1586667665.680710  68
1586667665.695787  68
1586667665.709915  68
1586667665.724035  69
1586667665.738756  67
1586667665.753366  66
1586667665.768130  67
1586667665.782707  69
1586667665.797546  67
1586667665.812607  69
1586667665.826844  68
1586667665.841774  67
1586667665.854495  68
1586667665.867333  69
1586667665.880125  69
1586667665.893068  69
1586667665.906783  69
1586667665.921534  69
1586667665.935871  69
1586667665.950585  68
1586667665.964529  67
1586667665.978989  69
1586667665.992238  69
1586667666.006753  69
1586667666.020663  69
1586667666.033294  70
1586667666.047866  68
1586667666.062541  68
1586667666.077454  70
1586667666.091827  69
1586667666.104652  69
1586667666.119398  70
1586667666.134879  70
1586667666.150012  67
1586667666.164380  70
1586667666.179748  69
1586667666.194396  70
1586667666.208721  69
1586667666.223732  70
1586667666.237986  69
1586667666.252968  69
1586667666.267635  69
1586667666.282501  70
1586667666.297138  70
1586667666.309800  70
1586667666.323686  70
1586667666.338101  71
1586667666.351825  69
1586667666.367391  69
1586667666.382427  69
1586667666.396533  70
1586667666.410580  70
1586667666.425175  70
1586667666.439243  70
1586667666.453119  70
1586667666.466997  69
1586667666.481781  70
1586667666.495125  70
1586667666.507371  70
1586667666.519686  71
1586667666.533049  70
1586667666.547951  70
1586667666.562232  69
1586667666.576918  71
1586667666.591720  71
1586667666.605416  71
1586667666.619859  70
1586667666.634103  71
1586667666.648231  69
1586667666.663370  70
1586667666.678370  70
1586667666.692602  70
1586667666.706636  72
1586667666.720194  71
1586667666.733707  72
1586667666.747472  72
1586667666.761824  70
1586667666.776574  70
1586667666.791685  71
1586667666.805766  71
1586667666.820028  71
1586667666.834191  70
1586667666.848418  70
1586667666.861299  69
1586667666.876388  70
1586667666.890376  70
1586667666.904585  71
1586667666.918874  73
1586667666.934000  71
1586667666.948038  71
1586667666.962799  70
1586667666.977487  70
1586667666.992246  72
1586667667.006728  72
1586667667.021002  72
1586667667.035782  71
1586667667.050283  71
1586667667.065349  71
1586667667.080175  70
1586667667.095810  72
1586667667.110191  72
1586667667.124210  73
1586667667.140305  72
1586667667.155895  72
1586667667.170762  72
1586667667.184694  72
1586667667.199194  73
1586667667.214174  73
1586667667.228549  72
1586667667.243061  72
1586667667.256781  73
1586667667.270695  72
1586667667.285403  72
1586667667.300331  72
1586667667.315122  73
1586667667.329701  73
1586667667.343977  73
1586667667.358434  73
1586667667.371081  72
1586667667.385084  73
1586667667.399722  73
1586667667.414607  73
1586667667.428853  73
1586667667.443463  74
1586667667.457992  73
1586667667.472088  72
1586667667.486343  73
1586667667.499072  73
1586667667.511006  73
1586667667.523112  73
1586667667.535173  73
1586667667.549324  74
1586667667.563939  73
1586667667.578367  72
1586667667.592888  72
1586667667.607917  73
1586667667.622586  73
1586667667.636261  73
1586667667.651512  73
1586667667.666618  74
1586667667.681697  73
1586667667.695662  73
1586667667.709625  73
1586667667.724330  75
1586667667.739032  74
1586667667.753891  74
1586667667.768393  74
1586667667.782999  72
1586667667.797387  73
1586667667.811308  74
1586667667.826097  73
1586667667.840708  74
1586667667.855437  75
1586667667.870031  74
1586667667.884821  73
1586667667.899015  73
1586667667.912038  75
1586667667.927003  75
1586667667.941527  74
1586667667.956148  74
1586667667.970424  73
1586667667.985288  74
1586667668.000096  73
1586667668.014326  75
1586667668.028741  73
1586667668.042784  75
1586667668.056877  74
1586667668.071133  75
1586667668.085228  75
1586667668.099274  73
1586667668.113427  75
1586667668.126606  75
1586667668.140624  74
1586667668.154198  74
1586667668.168295  75
1586667668.182774  75
1586667668.197167  73
1586667668.212082  73
1586667668.226771  75
1586667668.241195  74
1586667668.255785  75
1586667668.270471  76
1586667668.284916  75
1586667668.299896  74
1586667668.314157  75
1586667668.328497  76
1586667668.342406  75
1586667668.356868  75
1586667668.370583  75
1586667668.385315  75
1586667668.399632  76
1586667668.414494  75
1586667668.428987  75
1586667668.443273  76
1586667668.457991  76
1586667668.472690  76
1586667668.487679  77
1586667668.502573  77
1586667668.517336  75
1586667668.531987  76
1586667668.546143  76
1586667668.560441  75
1586667668.574956  77
1586667668.589399  76
1586667668.602570  76
1586667668.616565  76
1586667668.630281  77
1586667668.643651  75
1586667668.657947  75
1586667668.672418  77
1586667668.686624  77
1586667668.700691  76
1586667668.715000  77
1586667668.729909  76
1586667668.744535  77
1586667668.758974  77
1586667668.773527  76
1586667668.787305  77
1586667668.802063  76
1586667668.816805  76
1586667668.831225  76
1586667668.845502  76
1586667668.860009  77
1586667668.873658  78
1586667668.888264  77
1586667668.902574  76
1586667668.917101  77
1586667668.931862  76
1586667668.946836  77
1586667668.961726  76
1586667668.976246  77
1586667668.990474  77
1586667669.004471  77
1586667669.018935  76
1586667669.033106  76
1586667669.047616  77
1586667669.062040  76
1586667669.076351  78
1586667669.091483  77
1586667669.106627  77
1586667669.121594  75
1586667669.135883  77
1586667669.150253  77
1586667669.163709  77
1586667669.177619  76
1586667669.191784  77
1586667669.206156  78
1586667669.220802  77
1586667669.235195  77
1586667669.249426  76
1586667669.264075  79
1586667669.277579  78
1586667669.292092  78
1586667669.307398  77
1586667669.322150  78
1586667669.336817  77
1586667669.351747  76
1586667669.366770  77
1586667669.381081  78
1586667669.395291  79
1586667669.410044  77
1586667669.425057  77
1586667669.440032  77
1586667669.454815  78
1586667669.469461  79
1586667669.483004  78
1586667669.497195  78
1586667669.512419  78
1586667669.527798  78
1586667669.542405  78
1586667669.557046  78
1586667669.571698  77
1586667669.586623  79
1586667669.601063  78
1586667669.615865  78
1586667669.630315  77
1586667669.644931  78
1586667669.659313  78
1586667669.673099  79
1586667669.687619  79
1586667669.701824  78
1586667669.716238  80
1586667669.730222  79
1586667669.744513  79
1586667669.758705  77
1586667669.773699  79
1586667669.788745  80
1586667669.802572  79
1586667669.816628  78
1586667669.831366  79
1586667669.845608  79
1586667669.860006  78
1586667669.874585  78
1586667669.889032  79
1586667669.903651  79
1586667669.918557  78
1586667669.933456  79
1586667669.947929  79
1586667669.962417  78
1586667669.976342  79
1586667669.990940  79
1586667670.005678  80
1586667670.019920  80
1586667670.034029  79
1586667670.046590  79
1586667670.060382  78
1586667670.073564  79
1586667670.087650  79
1586667670.102032  81
1586667670.117233  80
1586667670.131208  80
1586667670.146190  80
1586667670.160496  80
1586667670.174689  79
1586667670.189103  80
1586667670.203123  79
1586667670.217477  80
1586667670.232386  79
1586667670.247881  79
1586667670.262512  80
1586667670.277053  79
1586667670.291561  80
1586667670.306024  80
1586667670.320298  80
1586667670.334997  81
1586667670.349874  81
1586667670.363341  79
1586667670.377253  81
1586667670.392097  80
1586667670.407394  79
1586667670.421853  80
1586667670.435883  80
1586667670.448487  81
1586667670.462760  79
1586667670.477722  80
1586667670.492022  81
1586667670.505856  82
1586667670.520045  81
1586667670.533782  81
1586667670.549132  81
1586667670.563841  83
1586667670.576848  81
1586667670.592205  81
1586667670.606756  80
1586667670.621330  81
1586667670.635934  80
1586667670.650493  80
1586667670.665098  82
1586667670.679669  82
1586667670.694272  80
1586667670.708702  81
1586667670.723831  81
1586667670.738086  82
1586667670.752020  81
1586667670.766365  82
1586667670.781183  81
1586667670.800110  81
1586667670.814048  81
1586667670.828454  81
1586667670.843063  81
1586667670.857565  81
1586667670.872035  81
1586667670.886464  81
1586667670.901625  80
1586667670.916547  81
1586667670.930677  82
1586667670.944324  81
1586667670.958496  83
1586667670.971839  83
1586667670.986487  80
1586667671.001649  82
1586667671.016458  83
1586667671.030591  82
1586667671.045302  82
1586667671.060167  82
1586667671.075360  82
1586667671.089350  81
1586667671.103074  81
1586667671.117533  82
1586667671.131406  83
1586667671.145299  81
1586667671.160213  81
1586667671.173488  83
1586667671.187943  82
1586667671.202273  82
1586667671.216733  82
1586667671.231928  82
1586667671.246589  83
1586667671.260966  83
1586667671.275848  82
1586667671.290136  82
1586667671.304947  82
1586667671.319835  82
1586667671.334757  82
1586667671.349607  82
1586667671.364711  84
1586667671.379059  83
1586667671.393618  84
1586667671.408233  83
1586667671.422914  84
1586667671.436711  82
1586667671.450987  84
1586667671.465705  83
1586667671.480005  84
1586667671.494660  83
1586667671.508899  83
1586667671.523325  83
1586667671.538217  82
1586667671.552714  83
1586667671.566741  83
1586667671.581004  84
1586667671.594736  84
1586667671.609186  84
1586667671.621628  83
1586667671.634360  84
1586667671.647473  83
1586667671.659937  83
1586667671.675052  83
1586667671.688301  85
1586667671.702903  83
1586667671.717637  83
1586667671.732276  83
1586667671.747237  83
1586667671.761705  84
1586667671.776235  83
1586667671.790816  84
1586667671.805896  85
1586667671.818998  84
1586667671.833802  84
1586667671.848496  84
1586667671.863236  84
1586667671.878101  84
1586667671.892198  84
1586667671.906053  85
1586667671.920628  84
1586667671.935361  85
1586667671.950191  84
1586667671.964650  84
1586667671.979085  85
1586667671.993746  85
1586667672.007263  83
1586667672.022344  84
1586667672.037120  86
1586667672.051604  83
1586667672.066228  83
1586667672.080591  84
1586667672.093435  85
1586667672.107257  84
1586667672.121941  83
1586667672.136773  85
1586667672.152068  85
1586667672.166948  84
1586667672.181874  84
1586667672.196810  84
1586667672.209415  85
1586667672.223930  84
1586667672.237515  84
1586667672.251691  86
1586667672.266376  85
1586667672.280064  85
1586667672.294419  84
1586667672.308635  86
1586667672.323510  86
1586667672.337708  85
1586667672.352092  85
1586667672.366147  86
1586667672.380744  86
1586667672.395740  86
1586667672.410470  85
1586667672.425181  86
1586667672.439604  86
1586667672.452334  85
1586667672.466210  85
1586667672.480752  86
1586667672.493915  86
1586667672.507567  85
1586667672.522601  85
1586667672.536639  86
1586667672.551738  86
1586667672.566758  85
1586667672.581311  85
1586667672.596151  85
1586667672.609984  86
1586667672.623410  85
1586667672.638142  85
1586667672.651847  85
1586667672.666644  86
1586667672.681459  86
1586667672.695348  87
1586667672.710125  88
1586667672.724576  87
1586667672.738883  86
1586667672.752970  86
1586667672.766971  86
1586667672.780332  87
1586667672.792580  86
1586667672.807190  86
1586667672.819983  87
1586667672.834897  87
1586667672.849894  86
1586667672.864602  86
1586667672.878668  87
1586667672.892984  87
1586667672.906877  87
1586667672.921302  86
1586667672.936112  86
1586667672.950255  86
1586667672.964499  87
1586667672.979662  87
1586667672.994300  87
1586667673.008175  86
1586667673.023054  87
1586667673.036834  87
1586667673.051675  86
1586667673.066210  87
1586667673.080892  86
1586667673.095385  86
1586667673.110051  86
1586667673.124825  88
1586667673.138866  87
1586667673.153323  87
1586667673.168024  87
1586667673.182323  87
1586667673.196932  86
1586667673.211906  88
1586667673.226596  88
1586667673.238897  88
1586667673.252235  87
1586667673.264788  88
1586667673.277215  88
1586667673.291737  87
1586667673.304392  87
1586667673.318923  87
1586667673.333114  88
1586667673.347485  87
1586667673.362307  87
1586667673.377022  88
1586667673.391692  88
1586667673.405995  88
1586667673.420275  88
1586667673.434874  87
1586667673.449415  88
1586667673.463845  88
1586667673.477407  87
1586667673.491506  88
1586667673.504706  87
1586667673.518364  88
1586667673.532561  86
1586667673.546269  88
1586667673.560310  88
1586667673.573915  87
1586667673.588775  88
1586667673.601534  89
1586667673.616396  89
1586667673.631436  90
1586667673.644126  88
1586667673.658271  90
1586667673.673123  88
1586667673.687897  88
1586667673.702714  87
1586667673.715954  89
1586667673.730438  89
1586667673.743998  88
1586667673.757978  87
1586667673.771843  88
1586667673.784613  88
1586667673.798479  88
1586667673.811950  87
1586667673.826581  89
1586667673.841366  88
1586667673.853846  88
1586667673.867982  87
1586667673.882137  88
1586667673.896954  87
1586667673.911514  87
1586667673.925784  89
1586667673.940397  87
1586667673.955776  88
1586667673.970495  88
1586667673.984841  86
1586667673.999153  88
1586667674.013847  87
1586667674.028490  89
1586667674.043060  86
1586667674.057947  87
1586667674.072630  86
1586667674.087450  87
1586667674.100069  87
1586667674.113274  86
1586667674.126174  88
1586667674.139602  87
1586667674.154097  86
1586667674.168694  86
1586667674.181482  80
1586667674.195809  74
1586667674.210354  69
1586667674.224878  63
1586667674.239087  59
1586667674.252319  54
1586667674.264871  47
1586667674.277758  43
1586667674.290177  40
1586667674.302873  41
1586667674.315792  41
1586667674.330403  41
1586667674.345004  42
1586667674.357990  42
1586667674.372013  41
1586667674.384582  42
1586667674.398904  41
1586667674.413854  41
1586667674.428949  42
1586667674.443422  41
1586667674.457628  42
1586667674.471869  42
1586667674.485230  42
1586667674.498409  41
1586667674.512556  42
1586667674.526254  42
1586667674.541119  43
1586667674.555945  42
1586667674.570312  43
1586667674.584766  42
1586667674.599355  43
1586667674.613970  41
1586667674.629079  41
1586667674.643537  43
1586667674.658123  43
1586667674.672841  43
1586667674.685450  44
1586667674.698678  42
1586667674.711288  43
1586667674.725712  42
1586667674.740298  44
1586667674.753067  43
1586667674.767642  43
1586667674.782178  43
1586667674.797206  44
1586667674.811975  43
1586667674.827114  44
1586667674.842398  43
1586667674.855821  43
1586667674.869712  43
1586667674.884253  43
1586667674.898693  43
1586667674.913516  44
1586667674.927131  43
1586667674.941534  45
1586667674.954165  44
1586667674.966876  44
1586667674.980202  43
1586667674.992522  44
1586667675.005470  43
1586667675.019837  44
1586667675.033747  45
1586667675.047334  45
1586667675.061651  44
1586667675.076383  44
1586667675.090287  44
1586667675.103066  44
1586667675.118399  45
1586667675.132530  45
1586667675.147377  45
1586667675.160993  44
1586667675.175922  43
1586667675.190828  46
1586667675.205208  44
1586667675.219918  45
1586667675.234532  43
1586667675.249224  46
1586667675.263986  44
1586667675.278887  46
1586667675.293277  44
1586667675.307993  45
1586667675.322605  45
1586667675.336420  45
1586667675.351550  47
1586667675.366334  45
1586667675.380418  46
1586667675.392646  45
1586667675.405708  45
1586667675.418370  46
1586667675.430895  45
1586667675.443438  47
1586667675.458149  46
1586667675.472763  46
1586667675.486288  45
1586667675.501291  46
1586667675.514552  45
1586667675.528587  47
1586667675.543179  46
1586667675.557015  48
1586667675.571473  46
1586667675.585793  46
1586667675.600403  46
1586667675.614937  47
1586667675.629785  47
1586667675.644128  46
1586667675.657208  48
1586667675.670451  46
1586667675.684752  46
1586667675.698879  47
1586667675.713038  46
1586667675.726641  48
1586667675.741027  47
1586667675.754518  47
1586667675.768792  47
1586667675.783392  46
1586667675.797871  47
1586667675.812393  48
1586667675.826653  48
1586667675.841308  47
1586667675.856272  48
1586667675.870597  48
1586667675.883819  48
1586667675.897291  47
1586667675.910078  48
1586667675.924072  48
1586667675.937349  47
1586667675.951473  49
1586667675.964761  47
1586667675.979494  48
1586667675.994146  47
1586667676.008892  47
1586667676.023119  48
1586667676.035549  48
1586667676.047889  50
1586667676.062664  48
1586667676.077648  48
1586667676.091879  49
1586667676.105104  49
1586667676.118970  48
1586667676.133117  48
1586667676.146712  48
1586667676.160892  50
1586667676.174491  48
1586667676.189098  48
1586667676.201496  50
1586667676.215022  48
1586667676.229771  49
1586667676.243686  48
1586667676.256957  50
1586667676.271581  48
1586667676.286134  49
1586667676.300827  48
1586667676.315329  49
1586667676.329988  49
1586667676.344625  49
1586667676.359423  51
1586667676.373496  50
1586667676.386838  50
1586667676.401301  49
1586667676.416057  49
1586667676.428701  49
1586667676.443624  49
1586667676.458112  50
1586667676.472545  51
1586667676.487454  49
1586667676.502817  49
1586667676.518014  51
1586667676.532567  50
1586667676.546865  51
1586667676.561565  50
1586667676.575672  50
1586667676.590117  50
1586667676.604912  50
1586667676.619723  52
1586667676.632365  51
1586667676.645106  51
1586667676.657932  50
1586667676.670331  52
1586667676.683757  50
1586667676.698030  50
1586667676.712401  50
1586667676.726229  50
1586667676.739991  50
1586667676.753911  52
1586667676.767351  52
1586667676.781470  51
1586667676.795233  51
1586667676.808770  52
1586667676.823290  51
1586667676.837892  50
1586667676.853139  51
1586667676.866488  53
1586667676.880880  51
1586667676.895571  51
1586667676.910033  52
1586667676.924876  51
1586667676.939617  51
1586667676.953832  51
1586667676.968375  52
1586667676.980977  51
1586667676.995891  51
1586667677.010725  51
1586667677.024850  52
1586667677.039652  53
1586667677.054433  52
1586667677.069235  53
1586667677.083523  52
1586667677.098197  52
1586667677.113167  52
1586667677.128024  52
1586667677.141192  52
1586667677.155539  52
1586667677.170285  53
1586667677.184604  54
1586667677.198759  52
1586667677.213829  53
1586667677.228375  53
1586667677.243100  52
1586667677.257798  52
1586667677.271701  53
1586667677.286918  54
1586667677.299378  53
1586667677.312725  53
1586667677.325538  53
1586667677.339747  53
1586667677.354282  52
1586667677.368127  54
1586667677.381572  54
1586667677.396453  53
1586667677.410912  53
1586667677.425571  53
1586667677.440356  53
1586667677.454853  52
1586667677.469525  55
1586667677.484216  55
1586667677.498052  52
1586667677.512765  52
1586667677.528280  53
1586667677.542069  53
1586667677.556089  53
1586667677.570347  53
1586667677.585179  55
1586667677.599493  55
1586667677.614407  54
1586667677.629151  53
1586667677.643260  53
1586667677.657979  54
1586667677.672441  55
1586667677.686119  54
1586667677.700352  53
1586667677.714543  55
1586667677.728849  53
1586667677.742465  53
1586667677.755498  55
1586667677.768147  55
1586667677.780634  55
1586667677.793699  55
1586667677.806705  54
1586667677.819563  54
1586667677.832031  54
1586667677.844837  55
1586667677.857889  54
1586667677.870563  55
1586667677.883045  56
1586667677.895358  57
1586667677.907784  55
1586667677.920279  55
1586667677.933374  56
1586667677.945999  55
1586667677.959032  55
1586667677.971854  56
1586667677.986901  56
1586667678.001927  55
1586667678.016245  56
1586667678.029627  56
1586667678.044812  55
1586667678.059913  55
1586667678.074890  56
1586667678.090113  57
1586667678.105064  55
1586667678.119739  55
1586667678.133600  56
1586667678.148375  56
1586667678.163198  56
1586667678.178508  57
1586667678.193881  56
1586667678.208993  57
1586667678.223233  56
1586667678.238390  56
1586667678.253824  56
1586667678.271260  57
1586667678.285470  58
1586667678.298043  57
1586667678.312243  56
1586667678.325475  56
1586667678.338233  56
1586667678.352066  57
1586667678.364816  56
1586667678.378396  58
1586667678.390965  57
1586667678.410075  56
1586667678.424873  56
1586667678.440144  56
1586667678.454247  57
1586667678.468092  58
1586667678.482855  58
1586667678.496570  58
1586667678.511365  57
1586667678.525702  58
1586667678.540112  58
1586667678.554417  57
1586667678.568454  57
1586667678.583624  59
1586667678.597434  59
1586667678.611592  57
1586667678.625835  58
1586667678.639232  57
1586667678.652559  58
1586667678.666653  57
1586667678.681658  59
1586667678.696470  58
1586667678.710952  59
1586667678.725469  57
1586667678.739875  58
1586667678.754219  58
1586667678.768679  58
1586667678.782757  59
1586667678.796908  58
1586667678.811067  60
1586667678.825290  58
1586667678.839746  58
1586667678.854416  57
1586667678.868970  58
1586667678.883716  59
1586667678.896804  59
1586667678.910871  58
1586667678.925321  58
1586667678.939882  59
1586667678.954789  58
1586667678.968641  58
1586667678.983681  59
1586667678.998542  59
1586667679.013158  59
1586667679.026687  58
1586667679.040956  59
1586667679.055641  58
1586667679.069830  59
1586667679.084705  60
1586667679.099767  61
1586667679.114530  60
1586667679.129603  60
1586667679.144638  59
1586667679.159690  60
1586667679.174409  60
1586667679.189018  60
1586667679.202738  60
1586667679.217987  61
1586667679.233103  59
1586667679.248432  58
1586667679.263223  60
1586667679.277923  59
1586667679.292647  60
1586667679.307735  59
1586667679.322190  61
1586667679.336832  59
1586667679.351544  60
1586667679.365161  59
1586667679.379381  59
1586667679.394070  60
1586667679.408857  60
1586667679.423600  61
1586667679.438154  60
1586667679.452727  61
1586667679.467273  61
1586667679.482069  61
1586667679.496670  62
1586667679.511197  61
1586667679.525952  61
1586667679.540784  60
1586667679.554770  61
1586667679.569629  61
1586667679.584397  61
1586667679.598888  62
1586667679.613701  62
1586667679.628605  61
1586667679.643274  60
1586667679.658048  60
1586667679.672826  62
1586667679.687642  61
1586667679.702754  61
1586667679.715921  62
1586667679.730773  61
1586667679.745130  61
1586667679.758698  61
1586667679.772996  62
1586667679.785925  62
1586667679.800982  63
1586667679.815538  61
1586667679.830678  61
1586667679.845664  63
1586667679.860351  61
1586667679.874696  61
1586667679.888489  63
1586667679.903248  63
1586667679.916741  62
1586667679.930944  61
1586667679.944853  62
1586667679.957004  62
1586667679.969992  61
1586667679.984103  61
1586667679.996535  63
1586667680.010935  63
1586667680.024889  62
1586667680.039198  61
1586667680.053947  62
1586667680.068082  63
1586667680.081967  62
1586667680.094761  63
1586667680.107496  63
1586667680.121846  63
1586667680.134929  64
1586667680.147132  62
1586667680.161226  63
1586667680.173785  63
1586667680.187124  64
1586667680.201507  63
1586667680.215609  63
1586667680.227651  63
1586667680.239807  63
1586667680.253026  63
1586667680.266060  62
1586667680.279289  62
1586667680.293325  64
1586667680.305636  63
1586667680.318916  63
1586667680.332271  63
1586667680.346668  62
1586667680.361134  63
1586667680.375388  62
1586667680.387900  64
1586667680.402509  65
1586667680.416123  65
1586667680.429944  65
1586667680.444053  63
1586667680.458326  64
1586667680.472030  63
1586667680.485068  63
1586667680.497604  63
1586667680.511681  64
1586667680.524683  65
1586667680.537201  64
1586667680.551074  63
1586667680.563503  64
1586667680.577586  64
1586667680.592443  64
1586667680.607102  65
1586667680.621524  64
1586667680.635740  65
1586667680.650395  63
1586667680.664311  64
1586667680.678430  64
1586667680.691042  63
1586667680.703355  64
1586667680.716012  64
1586667680.729262  64
1586667680.741808  65
1586667680.756264  65
1586667680.770201  65
1586667680.784497  64
1586667680.798859  65
1586667680.811301  66
1586667680.825218  65
1586667680.839396  67
1586667680.853947  66
1586667680.866782  64
1586667680.881318  63
1586667680.894709  65
1586667680.908318  66
1586667680.921635  65
1586667680.935214  65
1586667680.949369  65
1586667680.963801  65
1586667680.978222  65
1586667680.992755  65
1586667681.006789  66
1586667681.021216  65
1586667681.035561  65
1586667681.050392  64
1586667681.065051  64
1586667681.079484  64
1586667681.093569  67
1586667681.107979  66
1586667681.122374  66
1586667681.136147  67
1586667681.150575  67
1586667681.165054  65
1586667681.179339  66
1586667681.193786  66
1586667681.207678  66
1586667681.221262  66
1586667681.235953  67
1586667681.249120  66
1586667681.263141  66
1586667681.276878  64
1586667681.290749  66
1586667681.304982  67
1586667681.319550  66
1586667681.333854  67
1586667681.347066  67
1586667681.360285  66
1586667681.373897  66
1586667681.387692  66
1586667681.401866  67
1586667681.416119  66
1586667681.429878  66
1586667681.443754  68
1586667681.457878  66
1586667681.471922  66
1586667681.486020  67
1586667681.500471  67
1586667681.514606  67
1586667681.527780  67
1586667681.541576  67
1586667681.556132  67
1586667681.570227  66
1586667681.583679  66
1586667681.597888  68
1586667681.612091  67
1586667681.626305  68
1586667681.640397  67
1586667681.654499  66
1586667681.668611  66
1586667681.682806  68
1586667681.696716  68
1586667681.711071  67
1586667681.725295  68
1586667681.739302  68
1586667681.752740  67
1586667681.766656  66
1586667681.781123  67
1586667681.795343  68
1586667681.809678  68
1586667681.823800  69
1586667681.838053  68
1586667681.852071  67
1586667681.866338  68
1586667681.880670  67
1586667681.894910  69
1586667681.908867  67
1586667681.922944  68
1586667681.937010  69
1586667681.950607  68
1586667681.964111  67
1586667681.977454  67
1586667681.991753  67
1586667682.006028  69
1586667682.020493  70
1586667682.034525  68
1586667682.048601  69
1586667682.062669  68
1586667682.076425  68
1586667682.089473  68
1586667682.101880  68
1586667682.114313  68
1586667682.128462  69
1586667682.141337  68
1586667682.156102  68
1586667682.170739  68
1586667682.184141  69
1586667682.196925  69
1586667682.211183  69
1586667682.223933  70
1586667682.238089  70
1586667682.253130  69
1586667682.267168  68
1586667682.281686  68
1586667682.296080  69
1586667682.310451  68
1586667682.324986  70
1586667682.339570  69
1586667682.354157  69
1586667682.368334  69
1586667682.383536  69
1586667682.397868  68
1586667682.412565  69
1586667682.426818  70
1586667682.439835  69
1586667682.452816  69
1586667682.466850  70
1586667682.481159  69
1586667682.495313  69
1586667682.508095  70
1586667682.521983  70
1586667682.536437  69
1586667682.551192  71
1586667682.565727  71
1586667682.580518  69
1586667682.595705  69
1586667682.608503  71
1586667682.622441  70
1586667682.636676  70
1586667682.650193  70
1586667682.662465  71
1586667682.676906  69
1586667682.690818  70
1586667682.703596  69
1586667682.717774  71
1586667682.731903  71
1586667682.746595  70
1586667682.761514  71
1586667682.776122  69
1586667682.790719  69
1586667682.805205  70
1586667682.818885  72
1586667682.832819  70
1586667682.847756  70
1586667682.862827  72
1586667682.877942  70
1586667682.893115  69
1586667682.908774  71
1586667682.923032  71
1586667682.938551  70
1586667682.952618  72
1586667682.967301  72
1586667682.982845  71
1586667682.996937  70
1586667683.011122  71
1586667683.025735  71
1586667683.040603  71
1586667683.055104  73
1586667683.069965  71
1586667683.084955  71
1586667683.098174  71
1586667683.112786  72
1586667683.127291  71
1586667683.140911  73
1586667683.155649  72
1586667683.170279  72
1586667683.184841  72
1586667683.197280  71
1586667683.211595  71
1586667683.225994  71
1586667683.239799  72
1586667683.254512  72
1586667683.267678  72
1586667683.282483  72
1586667683.295261  72
1586667683.308670  71
1586667683.323696  72
1586667683.338108  73
1586667683.352794  73
1586667683.367049  73
1586667683.380422  72
1586667683.395086  71
1586667683.409641  72
1586667683.424456  72
1586667683.438675  73
1586667683.453198  73
1586667683.468071  72
1586667683.483091  73
1586667683.497829  72
1586667683.512727  71
1586667683.527769  72
1586667683.541569  74
1586667683.556223  73
1586667683.570964  73
1586667683.584544  73
1586667683.599230  72
1586667683.613797  73
1586667683.628386  72
1586667683.643102  72
1586667683.657993  72
1586667683.672892  72
1586667683.687729  72
1586667683.703171  72
1586667683.717952  71
1586667683.732664  73
1586667683.746811  74
1586667683.759705  74
1586667683.773609  73
1586667683.786788  74
1586667683.801972  73
1586667683.816613  73
1586667683.829366  73
1586667683.843681  74
1586667683.858838  73
1586667683.873169  75
1586667683.887483  74
1586667683.901266  73
1586667683.915692  72
1586667683.930708  74
1586667683.944798  74
1586667683.959387  73
1586667683.974161  73
1586667683.988969  75
1586667684.002847  73
1586667684.017719  73
1586667684.032240  74
1586667684.046322  75
1586667684.059905  74
1586667684.074817  74
1586667684.090272  74
1586667684.104096  73
1586667684.118767  73
1586667684.133381  74
1586667684.147915  75
1586667684.161799  73
1586667684.176280  75
1586667684.188667  75
1586667684.202064  73
1586667684.214446  74
1586667684.229007  73
1586667684.242349  74
1586667684.256989  75
1586667684.270421  76
1586667684.283209  75
1586667684.296027  75
1586667684.309748  73
1586667684.323758  75
1586667684.336277  76
1586667684.350006  75
1586667684.364551  74
1586667684.379256  75
1586667684.393583  75
1586667684.407981  73
1586667684.422267  74
1586667684.436385  76
1586667684.449491  75
1586667684.464187  75
1586667684.478369  75
1586667684.492602  75
1586667684.507103  75
1586667684.519997  74
1586667684.532960  76
1586667684.548028  75
1586667684.563309  75
1586667684.578035  76
1586667684.592567  75
1586667684.608314  76
1586667684.623265  75
1586667684.636956  75
1586667684.650208  77
1586667684.663272  77
1586667684.677140  77
1586667684.691269  76
1586667684.706145  76
1586667684.718896  77
1586667684.731387  75
1586667684.744105  75
1586667684.756961  76
1586667684.771457  77
1586667684.785144  76
1586667684.799786  75
1586667684.812935  76
1586667684.826340  76
1586667684.839343  76
1586667684.852474  75
1586667684.866579  77
1586667684.879724  77
1586667684.893733  76
1586667684.907002  76
1586667684.919537  77
1586667684.934111  75
1586667684.948456  75
1586667684.961289  77
1586667684.974391  77
1586667684.989260  76
1586667685.002945  76
1586667685.015581  76
1586667685.028288  76
1586667685.041235  77
1586667685.055089  77
1586667685.068735  77
1586667685.081609  77
1586667685.095789  77
1586667685.109163  77
1586667685.124197  77
1586667685.138132  75
1586667685.151942  77
1586667685.166096  78
1586667685.179214  77
1586667685.192325  77
1586667685.206382  77
1586667685.221200  77
1586667685.235795  78
1586667685.249128  76
1586667685.263379  76
1586667685.277629  78
1586667685.289916  77
1586667685.303827  78
1586667685.315967  78
1586667685.329383  77
1586667685.344274  75
1586667685.358920  77
1586667685.372313  78
1586667685.385576  78
1586667685.398349  77
1586667685.413217  78
1586667685.427867  78
1586667685.442821  78
1586667685.457688  77
1586667685.470938  77
1586667685.485035  78
1586667685.499006  78
1586667685.513382  78
1586667685.527602  77
1586667685.541949  78
1586667685.556241  77
1586667685.570849  77
1586667685.584371  77
1586667685.598334  79
1586667685.613010  77
1586667685.627335  78
1586667685.641308  78
1586667685.655423  79
1586667685.669824  76
1586667685.684971  78
1586667685.698887  78
1586667685.711900  79
1586667685.726343  78
1586667685.739580  78
1586667685.753504  78
1586667685.767763  77
1586667685.780566  77
1586667685.794245  78
1586667685.808652  78
1586667685.823050  80
1586667685.837973  78
1586667685.852362  78
1586667685.866595  78
1586667685.880778  79
1586667685.892982  79
1586667685.906872  78
1586667685.920192  79
1586667685.932801  79
1586667685.946057  80
1586667685.958576  79
1586667685.973277  78
1586667685.987635  78
1586667686.001701  80
1586667686.014073  80
1586667686.026904  79
1586667686.040012  80
1586667686.053627  80
1586667686.068096  79
1586667686.082516  79
1586667686.095585  79
1586667686.108959  80
1586667686.121786  79
1586667686.135947  80
1586667686.148542  79
1586667686.160918  80
1586667686.173110  78
1586667686.185671  79
1586667686.198601  78
1586667686.211048  80
1586667686.224154  80
1586667686.237293  81
1586667686.250232  80
1586667686.263615  80
1586667686.277796  80
1586667686.291014  79
1586667686.305211  78
1586667686.319886  80
1586667686.332899  79
1586667686.347419  79
1586667686.362525  80
1586667686.375443  81
1586667686.390845  79
1586667686.405734  78
1586667686.420722  79
1586667686.433435  81
1586667686.447195  79
1586667686.461815  80
1586667686.476914  81
1586667686.490806  80
1586667686.504708  80
1586667686.518153  79
1586667686.531670  81
1586667686.544661  81
1586667686.558471  81
1586667686.571050  80
1586667686.584177  80
1586667686.597065  81
1586667686.610002  81
1586667686.623833  79
1586667686.636419  80
1586667686.649290  82
1586667686.662156  82
1586667686.674651  81
1586667686.687177  81
1586667686.699838  80
1586667686.711926  82
1586667686.724674  81
1586667686.737130  81
1586667686.749585  80
1586667686.763053  82
1586667686.776041  82
1586667686.789367  81
1586667686.801782  81
1586667686.814139  81
1586667686.827295  82
1586667686.841395  81
1586667686.855263  81
1586667686.869672  81
1586667686.884612  82
1586667686.896865  81
1586667686.911332  81
1586667686.925725  80
1586667686.939747  81
1586667686.954510  80
1586667686.969524  81
1586667686.983778  81
1586667686.997565  81
1586667687.010245  81
1586667687.024942  81
1586667687.039244  81
1586667687.051896  83
1586667687.065574  82
1586667687.078959  82
1586667687.091715  83
1586667687.106192  82
1586667687.121053  81
1586667687.135844  82
1586667687.150503  82
1586667687.163533  82
1586667687.178668  82
1586667687.191329  82
1586667687.204622  82
1586667687.217635  82
1586667687.230580  81
1586667687.243906  82
1586667687.256621  82
1586667687.271328  82
1586667687.284189  82
1586667687.296876  83
1586667687.311134  82
1586667687.326076  81
1586667687.340449  82
1586667687.355061  83
1586667687.369735  82
1586667687.384399  83
1586667687.399175  81
1586667687.413567  82
1586667687.427610  82
1586667687.442262  83
1586667687.457052  82
1586667687.470795  82
1586667687.484694  84
1586667687.497212  83
1586667687.509772  83
1586667687.523188  82
1586667687.537732  83
1586667687.551855  84
1586667687.566201  83
1586667687.580324  82
1586667687.595290  84
1586667687.610129  83
1586667687.624839  83
1586667687.639738  83
1586667687.655314  83
1586667687.669884  84
1586667687.684390  83
1586667687.698443  83
1586667687.711574  84
1586667687.725517  83
1586667687.740465  83
1586667687.755738  84
1586667687.769188  84
1586667687.782813  83
1586667687.798207  82
1586667687.813580  83
1586667687.827227  84
1586667687.840899  82
1586667687.856003  84
1586667687.870573  83
1586667687.885010  83
1586667687.898732  84
1586667687.913985  84
1586667687.928100  85
1586667687.941927  86
1586667687.956644  85
1586667687.970734  86
1586667687.985583  85
1586667688.000403  85
1586667688.015129  85
1586667688.029358  84
1586667688.042197  86
1586667688.056527  86
1586667688.069547  85
1586667688.084408  85
1586667688.098761  85
1586667688.113520  85
1586667688.128385  85
1586667688.142304  85
1586667688.157603  86
1586667688.171798  84
1586667688.186679  84
1586667688.200305  84
1586667688.214757  85
1586667688.229408  84
1586667688.242839  84
1586667688.257800  85
1586667688.272259  84
1586667688.287084  84
1586667688.301379  84
1586667688.315713  84
1586667688.329763  84
1586667688.343360  86
1586667688.356182  84
1586667688.368249  84
1586667688.380323  85
1586667688.394870  86
1586667688.409420  85
1586667688.423225  85
1586667688.437616  86
1586667688.452181  85
1586667688.466905  85
1586667688.481508  85
1586667688.496166  86
1586667688.510935  85
1586667688.525383  85
1586667688.539071  85
1586667688.553317  86
1586667688.567890  85
1586667688.582135  85
1586667688.596401  85
1586667688.611009  85
1586667688.625159  86
1586667688.639817  85
1586667688.653921  85
1586667688.667579  86
1586667688.681388  85
1586667688.696197  85
1586667688.710196  85
1586667688.723999  86
1586667688.738587  85
1586667688.753043  85
1586667688.767951  85
1586667688.782500  86
1586667688.797081  87
1586667688.810627  85
1586667688.825741  86
1586667688.840815  86
1586667688.854282  86
1586667688.868406  85
1586667688.882412  86
1586667688.896717  87
1586667688.911715  86
1586667688.925758  87
1586667688.940298  86
1586667688.954927  86
1586667688.969308  86
1586667688.983702  86
1586667688.998505  87
1586667689.012188  87
1586667689.026920  85
1586667689.041619  87
1586667689.055663  86
1586667689.069672  87
1586667689.084462  87
1586667689.098961  87
1586667689.111781  87
1586667689.124506  87
1586667689.138835  86
1586667689.152764  86
1586667689.166963  87
1586667689.181289  86
1586667689.195793  86
1586667689.210641  87
1586667689.225720  88
1586667689.239922  87
1586667689.254860  87
1586667689.269099  87
1586667689.283612  87
1586667689.296200  87
1586667689.309485  87
1586667689.323998  87
1586667689.338746  88
1586667689.353043  87
1586667689.367253  87
1586667689.381612  87
1586667689.396203  88
1586667689.410333  87
1586667689.423904  88
1586667689.437537  88
1586667689.452299  87
1586667689.467391  87
1586667689.482064  87
1586667689.495904  88
1586667689.509790  87
1586667689.524559  87
1586667689.538542  88
1586667689.553149  88
1586667689.567952  89
1586667689.582828  86
1586667689.597502  88
1586667689.610924  88
1586667689.626062  88
1586667689.640279  87
1586667689.658282  89
1586667689.671563  88
1586667689.685300  88
1586667689.699844  88
1586667689.713415  88
1586667689.727732  88
1586667689.742641  88
1586667689.757542  88
1586667689.772075  88
1586667689.787279  88
1586667689.801917  89
1586667689.814672  88
1586667689.828915  88
1586667689.842391  88
1586667689.857175  89
1586667689.872099  89
1586667689.886652  88
1586667689.901093  88
1586667689.915351  88
1586667689.929715  88
1586667689.943940  88
1586667689.958822  89
1586667689.973597  90
1586667689.988040  89
1586667690.003225  89
1586667690.017330  89
1586667690.031440  88
1586667690.045872  89
1586667690.060328  88
1586667690.075032  88
1586667690.089855  88
1586667690.103872  89
1586667690.118825  88
1586667690.133665  90
1586667690.147986  88
1586667690.162521  89
1586667690.177573  88
1586667690.192388  88
1586667690.207792  87
1586667690.221635  88
1586667690.235876  88
1586667690.250120  88
1586667690.264748  87
1586667690.279619  87
1586667690.294405  87
1586667690.309133  87
1586667690.324007  87
1586667690.338111  86
1586667690.352564  86
1586667690.366791  87
1586667690.381157  86
1586667690.395403  86
1586667690.409581  87
1586667690.422576  86
1586667690.437397  84
1586667690.452012  79
1586667690.464593  78
1586667690.477175  80
1586667690.490890  79
1586667690.503832  80
1586667690.516313  77
1586667690.528596  76
1586667690.540995  75
1586667690.553256  74
1586667690.566089  71
1586667690.578562  64
1586667690.593321  59
1586667690.607074  53
1586667690.621387  47
1586667690.635962  43
1586667690.650215  41
1586667690.663304  41
1586667690.676102  41
1586667690.691339  41
1586667690.705882  41
1586667690.720218  41
1586667690.734162  41
1586667690.748273  41
1586667690.762434  42
1586667690.777428  42
1586667690.791667  43
1586667690.805557  43
1586667690.819894  43
1586667690.833202  42
1586667690.847530  42
1586667690.862116  43
1586667690.875322  42
1586667690.890064  43
1586667690.904039  42
1586667690.918136  43
1586667690.932863  42
1586667690.947419  43
1586667690.961573  42
1586667690.975527  42
1586667690.989794  44
1586667691.003693  43
1586667691.018148  43
1586667691.032796  43
1586667691.047249  44
1586667691.061864  43
1586667691.077084  44
1586667691.091103  44
1586667691.106274  43
1586667691.120757  43
1586667691.133784  44
1586667691.148314  43
1586667691.162856  43
1586667691.177247  44
1586667691.191794  43
1586667691.206888  44
1586667691.221420  43
1586667691.234791  44
1586667691.249675  44
1586667691.264493  45
1586667691.278583  44
1586667691.292689  46
1586667691.306651  45
1586667691.320444  45
1586667691.335149  44
1586667691.349222  43
1586667691.362341  44
1586667691.375695  46
1586667691.390512  44
1586667691.405653  46
1586667691.420272  45
1586667691.433607  45
1586667691.448002  44
1586667691.462534  44
1586667691.477115  45
1586667691.490265  45
1586667691.505063  44
1586667691.519711  45
1586667691.533123  46
1586667691.547752  46
1586667691.561832  45
1586667691.576002  46
1586667691.591002  46
1586667691.605073  45
1586667691.620327  45
1586667691.635056  47
1586667691.647788  45
1586667691.662602  45
1586667691.677043  44
1586667691.691137  47
1586667691.706001  45
1586667691.720069  45
1586667691.734010  46
1586667691.748691  46
1586667691.763605  46
1586667691.778421  47
1586667691.793041  47
1586667691.807071  46
1586667691.821664  47
1586667691.836247  47
1586667691.850494  46
1586667691.864335  45
1586667691.878552  46
1586667691.892825  47
1586667691.907301  47
1586667691.919981  46
1586667691.933246  47
1586667691.947089  47
1586667691.961232  46
1586667691.974790  47
1586667691.987815  47
1586667692.002037  46
1586667692.016737  46
1586667692.031000  48
1586667692.045559  47
1586667692.059998  47
1586667692.074822  48
1586667692.087942  48
1586667692.102549  48
1586667692.116970  48
1586667692.131494  47
1586667692.144840  47
1586667692.159288  47
1586667692.173199  48
1586667692.187894  48
1586667692.201606  48
1586667692.215427  48
1586667692.229648  47
1586667692.243163  49
1586667692.257829  48
1586667692.271953  48
1586667692.285554  49
1586667692.299944  49
1586667692.313345  48
1586667692.327073  48
1586667692.341832  49
1586667692.356184  47
1586667692.370929  48
1586667692.384780  49
1586667692.398989  50
1586667692.413808  49
1586667692.428056  49
1586667692.442949  48
1586667692.457787  49
1586667692.472196  48
1586667692.487512  49
1586667692.501895  49
1586667692.515828  49
1586667692.530339  49
1586667692.545743  49
1586667692.559867  49
1586667692.574591  49
1586667692.590009  49
1586667692.603595  50
1586667692.617879  50
1586667692.632121  49
1586667692.645909  49
1586667692.660757  49
1586667692.675054  49
1586667692.689053  50
1586667692.703100  50
1586667692.717481  50
1586667692.731943  51
1586667692.747000  51
1586667692.761856  49
1586667692.775924  50
1586667692.789538  50
1586667692.801821  51
1586667692.816310  52
1586667692.830520  50
1586667692.845240  50
1586667692.859555  50
1586667692.873164  51
1586667692.887469  51
1586667692.902743  51
1586667692.917185  51
1586667692.931081  50
1586667692.945191  51
1586667692.958934  50
1586667692.974745  50
1586667692.988436  50
1586667693.003885  51
1586667693.017520  53
1586667693.032061  51
1586667693.045821  50
1586667693.060359  50
1586667693.075317  51
1586667693.089554  51
1586667693.103841  52
1586667693.118044  53
1586667693.132545  51
1586667693.146414  51
1586667693.161630  52
1586667693.174685  51
1586667693.187975  50
1586667693.202545  52
1586667693.216197  52
1586667693.230623  51
1586667693.244710  52
1586667693.259353  52
1586667693.273580  52
1586667693.287702  52
1586667693.301463  53
1586667693.314329  53
1586667693.328724  52
1586667693.342832  51
1586667693.356363  52
1586667693.369921  52
1586667693.383733  52
1586667693.398399  52
1586667693.413779  52
1586667693.428153  53
1586667693.442344  52
1586667693.455831  52
1586667693.469993  53
1586667693.483442  52
1586667693.497273  53
1586667693.511447  54
1586667693.526273  54
1586667693.540768  52
1586667693.555059  52
1586667693.569605  53
1586667693.584174  53
1586667693.598295  53
1586667693.612616  53
1586667693.627291  54
1586667693.640589  53
1586667693.655608  53
1586667693.669898  53
1586667693.684407  53
1586667693.697772  53
1586667693.712370  55
1586667693.726838  55
1586667693.741278  54
1586667693.755988  53
1586667693.770302  53
1586667693.785127  53
1586667693.799411  54
1586667693.812056  55
1586667693.826690  55
1586667693.840056  54
1586667693.853675  54
1586667693.868192  54
1586667693.883141  53
1586667693.897689  53
1586667693.912142  55
1586667693.926834  55
1586667693.939856  55
1586667693.953192  54
1586667693.967293  55
1586667693.981841  54
1586667693.996944  54
1586667694.011969  55
1586667694.025754  55
1586667694.039958  54
1586667694.054257  55
1586667694.068406  54
1586667694.083258  55
1586667694.097586  55
1586667694.112353  56
1586667694.127295  56
1586667694.142039  56
1586667694.154777  55
1586667694.169271  54
1586667694.183669  55
1586667694.198430  56
1586667694.212995  56
1586667694.227678  56
1586667694.242315  56
1586667694.256310  55
1586667694.270922  54
1586667694.285226  56
1586667694.300186  56
1586667694.314893  56
1586667694.329280  55
1586667694.344255  55
1586667694.359448  55
1586667694.373911  55
1586667694.388173  56
1586667694.403052  56
1586667694.417297  58
1586667694.430620  58
1586667694.444190  56
1586667694.457710  57
1586667694.472205  56
1586667694.485805  56
1586667694.499907  56
1586667694.514222  57
1586667694.528476  57
1586667694.543231  57
1586667694.557429  57
1586667694.571963  57
1586667694.585683  56
1586667694.599877  57
1586667694.612993  58
1586667694.628002  58
1586667694.642188  58
1586667694.656662  56
1586667694.671157  57
1586667694.685747  58
1586667694.699940  57
1586667694.714344  58
1586667694.728604  58
1586667694.743482  58
1586667694.757900  57
1586667694.771872  57
1586667694.785992  57
1586667694.800793  57
1586667694.815326  58
1586667694.829779  58
1586667694.843922  59
1586667694.858448  57
1586667694.872482  57
1586667694.885683  57
1586667694.900428  57
1586667694.915502  58
1586667694.930275  58
1586667694.944655  58
1586667694.959924  57
1586667694.974603  57
1586667694.989397  57
1586667695.003915  58
1586667695.018578  60
1586667695.032974  59
1586667695.047631  60
1586667695.061881  57
1586667695.076801  58
1586667695.090664  59
1586667695.104050  58
1586667695.117264  58
1586667695.131374  59
1586667695.145586  59
1586667695.159875  58
1586667695.174121  59
1586667695.188877  59
1586667695.202982  58
1586667695.217720  60
1586667695.232208  60
1586667695.246633  59
1586667695.261397  58
1586667695.276043  58
1586667695.290132  58
1586667695.304191  59
