40.8
40.6
149
246
335
345
312
258
165
163
157
180
184
159
159
157
155
144
94.7
84.2
85.5
86.9
91.3
90.4
91.3
90.6
92.8
97.0
92.6
92.5
104
99.7
107
105
105
101
105
109
105
110
116
113
115
112
114
114
118
123
125
126
127
126
126
127
125
125
129
136
136
136
130
132
139
129
134
134
140
139
142
140
146
144
140
140
145
143
145
150
153
148
152
151
148
153
152
153
156
159
160
161
156
160
162
160
161
161
162
159
165
171
167
162
169
165
166
168
171
172
174
174
169
174
179
180
183
177
181
178
177
180
180
186
180
180
186
188
187
189
190
183
189
187
184
189
191
187
191
193
195
194
192
194
194
200
200
196
201
202
206
202
198
199
201
203
205
203
207
203
207
209
208
211
213
212
208
209
210
208
211
212
214
219
218
217
212
217
222
218
224
223
217
223
222
226
226
230
228
226
224
224
224
231
223
223
229
230
228
229
229
221
224
191
144
119
116
123
120
118
120
119
121
122
126
127
126
124
130
127
128
132
135
133
129
132
136
138
143
143
141
140
144
140
141
144
145
141
146
145
147
149
146
145
151
154
156
152
152
154
154
162
162
158
159
166
163
160
172
164
169
168
165
166
165
169
170
169
167
172
167
168
170
170
174
178
175
179
183
183
182
182
183
185
181
183
183
188
192
183
185
184
192
190
187
192
196
188
196
193
196
198
192
195
196
208
208
206
202
207
196
205
201
202
201
208
209
209
203
200
201
205
207
212
211
215
221
210
212
207
211
212
210
218
218
216
215
223
216
223
224
221
222
224
226
220
218
222
228
231
227
222
220
228
228
228
227
224
228
231
231
196
145
118
115
122
128
123
115
120
119
127
127
132
121
129
130
124
129
128
130
132
127
139
137
132
139
133
136
136
144
144
146
139
145
151
145
145
144
145
144
143
146
148
148
149
156
163
158
153
163
173
168
165
165
163
160
159
163
162
165
165
166
169
168
165
172
175
176
176
179
170
175
173
174
181
179
176
181
187
183
178
181
184
187
182
185
182
185
191
190
186
187
190
195
187
187
189
194
191
185
190
190
194
195
198
199
191
194
196
202
198
195
198
200
200
197
196
203
201
201
205
208
207
206
205
210
210
204
204
207
214
212
212
215
211
208
216
226
225
216
219
222
221
220
217
220
224
221
222
220
222
227
228
229
227
229
224
227
228
227
199
149
114
117
115
117
121
118
120
122
122
125
126
126
130
126
125
128
127
130
129
132
133
132
138
138
138
138
142
139
143
145
136
143
147
146
143
146
145
152
147
152
152
157
152
153
157
154
156
157
159
161
156
162
166
166
161
169
164
164
163
162
162
170
169
168
165
