1.92
19.6
15.5
11.6
13.4
14.8
15.9
11.4
12.4
12.5
13.3
13.7
13.0
13.0
14.4
15.4
15.0
15.9
16.3
16.1
16.6
16.5
11.3
11.7
12.3
13.7
15.6
11.4
11.5
13.8
14.4
11.8
11.1
13.9
14.7
14.2
15.6
15.9
16.0
11.3
11.0
11.1
16.0
11.2
11.5
17.1
13.4
14.1
14.0
15.6
11.1
14.3
12.0
16.2
14.8
14.3
16.0
12.0
12.3
14.0
17.1
14.0
16.2
12.7
15.2
16.5
11.4
12.4
12.1
14.0
17.0
12.7
13.7
14.3
15.2
11.4
11.5
11.3
16.5
13.7
16.4
12.4
14.8
11.3
12.1
14.6
15.3
11.3
13.3
15.3
11.8
13.5
14.9
12.1
12.6
12.8
14.1
17.3
13.5
16.6
301
285
223
180
203
197
212
210
200
189
101
85.8
49.1
25.9
11.4
13.7
7.49
9.38
14.0
11.9
6.40
14.2
8.64
10.3
10.5
10.4
15.8
7.59
12.2
11.3
12.6
8.66
8.31
15.2
6.64
12.2
13.4
14.8
12.6
8.57
12.6
10.2
15.0
14.4
6.84
12.4
10.7
9.98
11.1
11.3
11.7
10.2
15.9
11.6
15.0
15.8
9.65
10.3
10.3
10.3
9.06
13.9
9.98
9.27
15.5
11.3
16.3
14.8
8.40
10.3
7.67
14.9
9.15
9.16
10.0
12.4
10.9
8.88
15.0
11.6
7.40
8.63
14.0
14.7
15.3
14.1
5.81
11.6
11.1
13.1
8.38
12.4
10.7
10.2
7.90
13.5
99.4
47.7
32.5
53.1
38.8
59.4
31.6
52.9
37.1
47.1
43.0
40.2
38.2
35.3
56.3
28.4
58.1
42.3
39.5
24.6
45.3
43.5
40.0
36.9
34.8
55.3
28.1
57.0
42.4
39.2
24.9
58.7
42.1
38.7
47.5
43.9
52.7
25.1
58.2
43.2
52.9
37.2
46.0
43.1
39.8
60.3
33.1
54.8
39.1
49.1
45.7
66.3
44.5
40.4
38.1
58.7
31.2
57.7
42.2
51.3
59.7
44.1
64.8
37.9
46.7
55.1
27.6
48.1
33.0
39.7
36.0
56.9
30.2
51.9
24.5
45.5
30.1
40.1
24.0
44.6
41.4
38.6
59.3
32.3
42.0
6.48
8.58
8.64
6.01
8.86
7.28
5.83
8.16
7.28
7.15
6.72
7.69
6.09
4.63
8.55
5.96
5.92
8.52
7.33
5.43
8.97
7.42
5.21
9.10
8.13
5.39
7.37
7.71
6.39
4.85
7.72
7.71
4.13
7.28
7.10
4.90
8.49
7.41
6.18
7.73
7.27
6.02
6.56
7.80
6.26
4.64
8.64
7.35
6.15
9.54
8.20
4.87
9.38
7.23
4.95
7.84
7.42
6.55
6.97
9.05
6.09
4.53
8.83
7.76
5.14
9.12
7.25
6.12
8.72
7.41
4.94
7.88
7.38
5.76
9.32
8.17
6.23
6.66
8.31
6.12
7.29
7.55
6.19
6.02
7.64
6.01
4.82
7.34
6.49
4.61
8.34
7.14
4.74
8.51
7.56
5.41
7.94
7.69
6.03
216
189
122
83.2
37.9
35.5
38.8
47.3
44.4
41.9
50.3
35.4
54.5
39.3
49.0
45.9
43.5
40.4
36.3
57.6
31.0
59.5
43.7
40.2
25.2
58.6
43.3
40.6
37.2
34.9
56.7
29.5
54.5
39.1
60.4
45.2
41.9
37.8
37.1
57.4
29.9
51.6
23.3
44.5
29.3
37.7
45.9
43.5
40.4
37.1
57.8
30.5
51.6
36.1
57.5
42.3
39.5
48.0
45.1
54.8
25.9
58.0
43.4
52.3
36.6
46.0
42.5
39.6
48.7
33.7
71.6
31.5
71.8
44.5
53.6
37.7
46.7
43.9
40.6
49.3
35.0
56.1
29.2
38.3
48.2
44.7
53.4
2.11
4.93
5.02
6.09
7.05
5.72
6.82
6.36
7.02
5.78
7.68
6.76
5.86
8.49
5.51
9.02
6.75
6.19
7.26
6.25
8.99
6.33
5.73
6.79
7.71
6.31
5.88
6.59
9.51
6.63
7.06
6.49
8.95
4.59
6.61
5.92
6.18
7.62
5.95
7.05
5.67
6.48
6.25
9.85
8.16
6.31
9.15
6.16
7.88
9.37
7.72
9.77
7.90
8.94
9.51
9.11
8.62
8.05
8.50
8.27
8.10
9.63
9.25
8.58
8.82
8.56
8.48
9.68
6.21
7.54
8.32
7.79
8.17
8.07
8.14
8.55
8.43
9.73
6.22
10.0
9.78
8.50
9.40
7.94
8.31
8.05
8.25
8.13
8.68
8.61
8.02
7.67
9.97
7.28
8.86
8.27
8.60
9.06
10.2
8.53
