43.9
33.2
141
239
342
370
367
369
313
264
212
183
182
181
183
178
190
187
191
188
187
189
189
187
190
190
191
194
196
192
195
193
193
199
197
195
199
203
198
195
203
201
200
204
208
201
201
205
207
209
213
212
209
214
214
212
208
208
212
216
215
218
215
220
220
216
220
219
223
217
220
218
221
222
227
230
222
222
222
219
223
227
236
233
232
229
230
231
229
231
234
234
232
233
233
232
237
237
232
234
237
236
233
233
235
238
239
236
243
244
241
240
249
250
246
242
243
250
252
251
246
246
245
244
254
255
257
257
257
254
245
249
240
188
141
128
125
129
131
126
130
136
133
133
133
135
135
134
139
143
141
141
142
142
144
144
142
146
155
151
150
155
149
150
155
159
156
152
153
159
155
170
161
162
163
161
162
159
162
164
164
168
167
166
171
167
166
168
170
170
176
176
175
175
173
172
174
176
179
179
185
181
180
180
182
183
185
186
190
190
189
188
185
184
188
192
192
192
195
196
194
195
193
198
197
197
195
194
195
192
198
198
202
201
205
209
208
208
202
204
203
200
204
208
217
218
206
212
211
213
210
208
214
212
214
213
212
216
219
224
221
216
224
224
223
216
221
220
220
222
226
228
225
229
226
232
232
234
228
231
231
229
230
231
229
228
234
233
235
235
238
239
235
235
240
241
239
235
235
244
243
238
240
246
248
242
244
250
253
243
240
248
243
246
243
238
248
251
252
249
249
247
249
254
257
253
258
255
245
219
174
128
126
123
126
132
131
131
131
135
136
142
140
136
139
140
139
137
139
138
140
144
144
144
144
149
150
147
155
156
149
152
151
150
158
158
156
158
160
159
159
159
158
162
165
163
167
168
164
169
168
165
167
174
173
171
171
175
171
171
174
178
178
179
175
177
176
178
177
177
177
184
181
185
187
186
186
188
188
190
192
192
194
191
188
194
193
195
196
196
192
192
191
202
196
199
200
198
199
201
199
199
199
207
202
201
209
212
211
207
205
211
213
211
212
211
214
212
213
214
214
213
215
218
214
215
214
218
220
216
218
218
227
225
222
222
226
229
228
223
223
224
227
234
228
227
228
228
227
226
229
232
229
232
233
230
231
235
233
239
235
239
241
239
233
235
240
240
245
241
247
243
245
246
249
248
242
242
249
246
246
248
246
246
253
253
255
248
249
226
179
132
121
126
128
126
136
127
133
138
133
133
136
140
137
143
143
142
140
140
140
143
148
149
146
146
147
156
164
163
155
156
165
153
152
157
156
163
164
165
162
158
158
160
159
160
158
160
161
162
172
170
171
177
171
172
175
169
171
166
169
169
171
173
172
175
170
174
