1586667704.238291  0
1586667704.253829  0
1586667704.268135  2
1586667704.283325  0
1586667704.298141  3
1586667704.311935  5
1586667704.331796  3
1586667704.350672  13
1586667704.367822  16
1586667704.381192  18
1586667704.393756  21
1586667704.408946  24
1586667704.421898  27
1586667704.436358  30
1586667704.450232  35
1586667704.465327  39
1586667704.479712  42
1586667704.494596  47
1586667704.510840  52
1586667704.524990  54
1586667704.538283  59
1586667704.552922  62
1586667704.567612  66
1586667704.581323  68
1586667704.594507  72
1586667704.609525  77
1586667704.623831  81
1586667704.638380  85
1586667704.653202  90
1586667704.667346  93
1586667704.680388  100
1586667704.694350  99
1586667704.707754  99
1586667704.722272  100
1586667704.736801  100
1586667704.749579  99
1586667704.764004  100
1586667704.778944  100
1586667704.793628  99
1586667704.809565  100
1586667704.823830  100
1586667704.838314  99
1586667704.851903  100
1586667704.866667  99
1586667704.880946  98
1586667704.895649  99
1586667704.910090  99
1586667704.925225  99
1586667704.939909  99
1586667704.954502  99
1586667704.968832  99
1586667704.982737  100
1586667704.997198  99
1586667705.012028  100
1586667705.026470  100
1586667705.039960  100
1586667705.054269  100
1586667705.069148  98
1586667705.083738  98
1586667705.098216  98
1586667705.112937  98
1586667705.127962  97
1586667705.142871  98
1586667705.157320  98
1586667705.171258  98
1586667705.185826  98
1586667705.200479  98
1586667705.215076  97
1586667705.229284  98
1586667705.243993  97
1586667705.258798  98
1586667705.273289  98
1586667705.289439  98
1586667705.307703  99
1586667705.322196  100
1586667705.336971  99
1586667705.351131  100
1586667705.365674  100
1586667705.380258  100
1586667705.394521  99
1586667705.410175  100
1586667705.425159  98
1586667705.439427  99
1586667705.454062  99
1586667705.468284  98
1586667705.481785  100
1586667705.495832  100
1586667705.510871  100
1586667705.526073  97
1586667705.539966  96
1586667705.554368  96
1586667705.566882  95
1586667705.582051  95
1586667705.596145  99
1586667705.610204  99
1586667705.624466  98
1586667705.637451  100
1586667705.651921  100
1586667705.664616  100
1586667705.679427  99
1586667705.693363  99
1586667705.707711  98
1586667705.719949  98
1586667705.733277  100
1586667705.747837  99
1586667705.761553  98
1586667705.775458  100
1586667705.788118  97
1586667705.802472  96
1586667705.816591  96
1586667705.830103  96
1586667705.844080  98
1586667705.859275  98
1586667705.873479  99
1586667705.889697  100
1586667705.906174  99
1586667705.920850  99
1586667705.933717  100
1586667705.947715  98
1586667705.962759  98
1586667705.976773  96
1586667705.990507  95
1586667706.004746  96
1586667706.018502  96
1586667706.032991  97
1586667706.046838  97
1586667706.061252  95
1586667706.075634  96
1586667706.089469  94
1586667706.104564  94
1586667706.119043  97
1586667706.133414  97
1586667706.146815  96
1586667706.160291  95
1586667706.174848  96
1586667706.188356  96
1586667706.202827  96
1586667706.216765  96
1586667706.230761  97
1586667706.245714  93
1586667706.259927  94
1586667706.274225  98
1586667706.288932  96
1586667706.302580  97
1586667706.317103  97
1586667706.331272  95
1586667706.346530  94
1586667706.361104  93
1586667706.375169  92
1586667706.389214  91
1586667706.403512  89
1586667706.418168  86
1586667706.433028  82
1586667706.446200  78
1586667706.461451  77
1586667706.475815  75
1586667706.491314  77
1586667706.505957  76
1586667706.520896  76
1586667706.535250  76
1586667706.550257  75
1586667706.564523  75
1586667706.578912  75
1586667706.593472  75
1586667706.609695  76
1586667706.624694  74
1586667706.638618  75
1586667706.653069  75
1586667706.667352  75
1586667706.680992  76
1586667706.695150  75
1586667706.709802  76
1586667706.723661  75
1586667706.737099  74
1586667706.751579  73
1586667706.766099  73
1586667706.780263  73
1586667706.794960  74
1586667706.808886  75
1586667706.822363  74
1586667706.835548  74
1586667706.850025  73
1586667706.864487  73
1586667706.879423  73
1586667706.893978  75
1586667706.908564  74
1586667706.922830  75
1586667706.937493  75
1586667706.951056  74
1586667706.966215  74
1586667706.980409  73
1586667706.994823  74
1586667707.009396  74
1586667707.024135  74
1586667707.038355  74
1586667707.051453  76
1586667707.065601  75
1586667707.080549  73
1586667707.095182  74
1586667707.110221  76
1586667707.125124  76
1586667707.139362  74
1586667707.154053  75
1586667707.167146  75
1586667707.181754  75
1586667707.196523  75
1586667707.212001  75
1586667707.227213  73
1586667707.242145  74
1586667707.255688  74
1586667707.269666  73
1586667707.283687  74
1586667707.297569  74
1586667707.312049  76
1586667707.327026  76
1586667707.341485  74
1586667707.356424  75
1586667707.370751  74
1586667707.386109  75
1586667707.400492  74
1586667707.414754  75
1586667707.429381  75
1586667707.444406  75
1586667707.458643  75
1586667707.472882  74
1586667707.487254  74
1586667707.500878  76
1586667707.515477  76
1586667707.530547  75
1586667707.544733  75
1586667707.558905  76
1586667707.573942  75
1586667707.589092  75
1586667707.603057  76
1586667707.617750  75
1586667707.632129  75
1586667707.646426  75
1586667707.660268  75
1586667707.675574  75
1586667707.690836  74
1586667707.706213  76
1586667707.720132  76
1586667707.734250  77
1586667707.748928  75
1586667707.763450  75
1586667707.777573  76
1586667707.791367  75
1586667707.805895  77
1586667707.819916  77
1586667707.834853  76
1586667707.849781  76
1586667707.863472  76
1586667707.878021  74
1586667707.893501  76
1586667707.909447  76
1586667707.924313  77
1586667707.938660  76
1586667707.953086  75
1586667707.967609  76
1586667707.982419  74
1586667707.997361  74
1586667708.012448  77
1586667708.026784  76
1586667708.040674  77
1586667708.055190  77
1586667708.069433  77
1586667708.083776  75
1586667708.098141  75
1586667708.113070  78
1586667708.127334  77
1586667708.142243  78
1586667708.157077  77
1586667708.171500  78
1586667708.186273  77
1586667708.200296  75
1586667708.213238  76
1586667708.227689  77
1586667708.241367  77
1586667708.255015  78
1586667708.269518  77
1586667708.282826  78
1586667708.296659  75
1586667708.311469  77
1586667708.326777  77
1586667708.342325  77
1586667708.355910  78
1586667708.370189  77
1586667708.383893  77
1586667708.396508  78
1586667708.412272  75
1586667708.427560  76
1586667708.442412  77
1586667708.456975  78
1586667708.470891  79
1586667708.485102  79
1586667708.499287  78
1586667708.512744  77
1586667708.527095  76
1586667708.541665  76
1586667708.555936  79
1586667708.570960  78
1586667708.585466  78
1586667708.599397  78
1586667708.613909  78
1586667708.628422  77
1586667708.641814  78
1586667708.655191  78
1586667708.670322  77
1586667708.685165  79
1586667708.699526  78
1586667708.714151  79
1586667708.728730  77
1586667708.742543  77
1586667708.757533  78
1586667708.771265  77
1586667708.784861  78
1586667708.799039  78
1586667708.812059  78
1586667708.827200  77
1586667708.842127  79
1586667708.856473  79
1586667708.871811  79
1586667708.886260  79
1586667708.901196  79
1586667708.914077  78
1586667708.930182  78
1586667708.943362  79
1586667708.958024  78
1586667708.972486  79
1586667708.987458  80
1586667709.002283  79
1586667709.016746  79
1586667709.030635  79
1586667709.045345  78
1586667709.059899  78
1586667709.074815  80
1586667709.089200  79
1586667709.103504  80
1586667709.117272  79
1586667709.131929  79
1586667709.145729  79
1586667709.160106  78
1586667709.174677  79
1586667709.188512  79
1586667709.201994  79
1586667709.216535  80
1586667709.230819  79
1586667709.243882  80
1586667709.258061  79
1586667709.272412  79
1586667709.286605  81
1586667709.300085  79
1586667709.313791  80
1586667709.326956  80
1586667709.342145  80
1586667709.356413  80
1586667709.370502  80
1586667709.384417  80
1586667709.398732  81
1586667709.412245  82
1586667709.426847  82
1586667709.441196  82
1586667709.454756  82
1586667709.469437  82
1586667709.483116  81
1586667709.498442  81
1586667709.513370  81
1586667709.529251  83
1586667709.541947  82
1586667709.555961  82
1586667709.570103  82
1586667709.583512  82
1586667709.597369  81
1586667709.613382  80
1586667709.627635  80
1586667709.641728  80
1586667709.656344  82
1586667709.671633  81
1586667709.686661  80
1586667709.700607  80
1586667709.713819  82
1586667709.727622  81
1586667709.742017  81
1586667709.756899  83
1586667709.771792  81
1586667709.787062  82
1586667709.801594  81
1586667709.816304  82
1586667709.831064  81
1586667709.845981  82
1586667709.860169  81
1586667709.873959  81
1586667709.888445  82
1586667709.902938  81
1586667709.917510  81
1586667709.932297  81
1586667709.947897  82
1586667709.961399  81
1586667709.974335  82
1586667709.989152  81
1586667710.004515  82
1586667710.019163  82
1586667710.033643  81
1586667710.047993  82
1586667710.062866  81
1586667710.077666  81
1586667710.092198  82
1586667710.107028  83
1586667710.121067  82
1586667710.134677  82
1586667710.149073  83
1586667710.163096  82
1586667710.177806  83
1586667710.192320  82
1586667710.206653  81
1586667710.221276  82
1586667710.234292  83
1586667710.248532  82
1586667710.263765  82
1586667710.278189  82
1586667710.291774  82
1586667710.306493  82
1586667710.320898  82
1586667710.335193  82
1586667710.350068  82
1586667710.363986  82
1586667710.378338  82
1586667710.391944  83
1586667710.405594  81
1586667710.419609  82
1586667710.432993  83
1586667710.447346  82
1586667710.462343  82
1586667710.476755  82
1586667710.491744  82
1586667710.506518  83
1586667710.521084  83
1586667710.536016  83
1586667710.550518  83
1586667710.564540  84
1586667710.578845  83
1586667710.592533  83
1586667710.606684  82
1586667710.621414  83
1586667710.634828  84
1586667710.649248  83
1586667710.662806  83
1586667710.678163  83
1586667710.693006  83
1586667710.707546  83
1586667710.719842  83
1586667710.732824  84
1586667710.746758  83
1586667710.760833  83
1586667710.775735  84
1586667710.790197  84
1586667710.802977  83
1586667710.817967  84
1586667710.831844  83
1586667710.846652  84
1586667710.860520  83
1586667710.874559  83
1586667710.887669  84
1586667710.902385  83
1586667710.917503  83
1586667710.931959  84
1586667710.946690  85
1586667710.961841  84
1586667710.976674  85
1586667710.991434  84
1586667711.006722  84
1586667711.021183  84
1586667711.035648  85
1586667711.049849  83
1586667711.064050  85
1586667711.078985  84
1586667711.093794  84
1586667711.108258  85
1586667711.122723  84
1586667711.137829  85
1586667711.151821  84
1586667711.165246  84
1586667711.179420  85
1586667711.193374  85
1586667711.207681  84
1586667711.221332  84
1586667711.233934  85
1586667711.248621  84
1586667711.263239  83
1586667711.277511  84
1586667711.292305  84
1586667711.307301  84
1586667711.322198  84
1586667711.335997  85
1586667711.351049  84
1586667711.365425  84
1586667711.380104  85
1586667711.394885  86
1586667711.411059  85
1586667711.425335  87
1586667711.440188  85
1586667711.454237  85
1586667711.468304  85
1586667711.483737  85
1586667711.499087  86
1586667711.512362  86
1586667711.525865  85
1586667711.540056  85
1586667711.553188  85
1586667711.567512  86
1586667711.581593  85
1586667711.596123  84
1586667711.610588  85
1586667711.624749  85
1586667711.639085  85
1586667711.653329  85
1586667711.667435  84
1586667711.681993  86
1586667711.696695  85
1586667711.710588  86
1586667711.723965  85
1586667711.738891  85
1586667711.753520  85
1586667711.768092  86
1586667711.782809  84
1586667711.797761  85
1586667711.811995  87
1586667711.827263  86
1586667711.841753  86
1586667711.856489  87
1586667711.871187  86
1586667711.884344  86
1586667711.898128  86
1586667711.913739  87
1586667711.929166  86
1586667711.943416  86
1586667711.958821  86
1586667711.973135  87
1586667711.988128  86
1586667712.002160  86
1586667712.015898  86
1586667712.030572  86
1586667712.044944  86
1586667712.058841  86
1586667712.073653  86
1586667712.088158  87
1586667712.101749  85
1586667712.116452  88
1586667712.131430  86
1586667712.146601  87
1586667712.160848  86
1586667712.175303  87
1586667712.189939  87
1586667712.203930  86
1586667712.219368  86
1586667712.233324  87
1586667712.248063  86
1586667712.262807  88
1586667712.277392  86
1586667712.292184  87
1586667712.307974  88
1586667712.322694  87
1586667712.337530  87
1586667712.351945  87
1586667712.366409  87
1586667712.381353  87
1586667712.395783  87
1586667712.409470  88
1586667712.423036  88
1586667712.437284  87
1586667712.451824  87
1586667712.466650  88
1586667712.481445  87
1586667712.496155  87
1586667712.510792  86
1586667712.524133  88
1586667712.538246  87
1586667712.553250  86
1586667712.567859  87
1586667712.582263  87
1586667712.597208  87
1586667712.612849  86
1586667712.627310  88
1586667712.641581  88
1586667712.654743  87
1586667712.669360  87
1586667712.683710  87
1586667712.698947  87
1586667712.712814  89
1586667712.726830  87
1586667712.741194  88
1586667712.754077  88
1586667712.767953  88
1586667712.782510  88
1586667712.797312  89
1586667712.811648  88
1586667712.826155  89
1586667712.840916  88
1586667712.855566  88
1586667712.869974  89
1586667712.883837  89
1586667712.898595  87
1586667712.913841  88
1586667712.928146  89
1586667712.942353  89
1586667712.956681  89
1586667712.971553  88
1586667712.986166  89
1586667713.000720  89
1586667713.015258  89
1586667713.030187  89
1586667713.045139  90
1586667713.060324  89
1586667713.073778  88
1586667713.086954  89
1586667713.102299  89
1586667713.119220  88
1586667713.133950  89
1586667713.148631  89
1586667713.163269  89
1586667713.178882  89
1586667713.193114  90
1586667713.207797  89
1586667713.221993  89
1586667713.236769  90
1586667713.250784  91
1586667713.263829  90
1586667713.279081  89
1586667713.293570  88
1586667713.308656  89
1586667713.322681  90
1586667713.336827  89
1586667713.351081  89
1586667713.365516  89
1586667713.379714  90
1586667713.393754  89
1586667713.407805  89
1586667713.421931  89
1586667713.435462  90
1586667713.449789  90
1586667713.463753  90
1586667713.478305  90
1586667713.493036  90
1586667713.507892  90
1586667713.522615  89
1586667713.537576  90
1586667713.551963  91
1586667713.564357  89
1586667713.578213  90
1586667713.593437  89
1586667713.607974  90
1586667713.623089  89
1586667713.636547  90
1586667713.649734  92
1586667713.663931  91
1586667713.677902  90
1586667713.692827  90
1586667713.706237  89
1586667713.722191  91
1586667713.737090  90
1586667713.751516  91
1586667713.765230  90
1586667713.778510  91
1586667713.790702  91
1586667713.803613  90
1586667713.818595  91
1586667713.833730  90
1586667713.848237  92
1586667713.862819  92
1586667713.877401  90
1586667713.892141  90
1586667713.905435  91
1586667713.919818  91
1586667713.934807  90
1586667713.949505  91
1586667713.963913  89
1586667713.978322  91
1586667713.993546  90
1586667714.007726  91
1586667714.023273  89
1586667714.038835  90
1586667714.053447  91
1586667714.068232  90
1586667714.082845  90
1586667714.097010  91
1586667714.111188  91
1586667714.125654  91
1586667714.140215  91
1586667714.154592  93
1586667714.169269  91
1586667714.183431  91
1586667714.198022  91
1586667714.212468  91
1586667714.227620  91
1586667714.241929  92
1586667714.256955  92
1586667714.271111  91
1586667714.285709  92
1586667714.299072  92
1586667714.313925  91
1586667714.329275  91
1586667714.344032  91
1586667714.359618  92
1586667714.374171  91
1586667714.388541  92
1586667714.401512  92
1586667714.415510  91
1586667714.429767  92
1586667714.444166  91
1586667714.459204  92
1586667714.473268  92
1586667714.487702  92
1586667714.500647  92
1586667714.515271  91
1586667714.529125  90
1586667714.543926  91
1586667714.557518  93
1586667714.571861  92
1586667714.586963  91
1586667714.601832  93
1586667714.616126  92
1586667714.630462  93
1586667714.644427  92
1586667714.658740  93
1586667714.673195  93
1586667714.686890  92
1586667714.701747  92
1586667714.717153  93
1586667714.731805  93
1586667714.745596  93
1586667714.759951  94
1586667714.774882  92
1586667714.789649  92
1586667714.804407  92
1586667714.819007  93
1586667714.833488  92
1586667714.846819  93
1586667714.859935  94
1586667714.874488  93
1586667714.889545  92
1586667714.903673  92
1586667714.918776  92
1586667714.932380  93
1586667714.947240  92
1586667714.962099  94
1586667714.976356  93
1586667714.991115  93
1586667715.005411  92
1586667715.019267  92
1586667715.033720  93
1586667715.047737  92
1586667715.060884  95
1586667715.074857  93
1586667715.089055  93
1586667715.103694  94
1586667715.118665  94
1586667715.133652  93
1586667715.148395  93
1586667715.161179  95
1586667715.174743  93
1586667715.188852  93
1586667715.202679  93
1586667715.217105  93
1586667715.231199  94
1586667715.244631  93
1586667715.258054  92
1586667715.270984  95
1586667715.285676  93
1586667715.300218  94
1586667715.314530  94
1586667715.329211  93
1586667715.342946  93
1586667715.357341  93
1586667715.371074  95
1586667715.384938  93
1586667715.398952  94
1586667715.414567  93
1586667715.429166  94
1586667715.443316  94
1586667715.458375  94
1586667715.472756  95
1586667715.487061  94
1586667715.501725  93
1586667715.515908  95
1586667715.530057  93
1586667715.544695  94
1586667715.558460  95
1586667715.572835  95
1586667715.586935  94
1586667715.601707  95
1586667715.615842  95
1586667715.630174  94
1586667715.645245  94
1586667715.659793  94
1586667715.674711  95
1586667715.689073  94
1586667715.703841  94
1586667715.718640  95
1586667715.733566  94
1586667715.748101  95
1586667715.762689  95
1586667715.776699  95
1586667715.791298  96
1586667715.804778  95
1586667715.819045  95
1586667715.833705  94
1586667715.848020  94
1586667715.862217  96
1586667715.876498  96
1586667715.891142  96
1586667715.904608  94
1586667715.918231  96
1586667715.932701  95
1586667715.946297  94
1586667715.960383  95
1586667715.974808  96
1586667715.989692  96
1586667716.004402  95
1586667716.018866  96
1586667716.033317  96
1586667716.047537  96
1586667716.062054  96
1586667716.076949  96
1586667716.091812  96
1586667716.106297  95
1586667716.120197  95
1586667716.135784  95
1586667716.149220  96
1586667716.163609  94
1586667716.179095  96
1586667716.194267  96
1586667716.208999  95
1586667716.223703  95
1586667716.238274  95
1586667716.252496  96
1586667716.265504  96
1586667716.279976  97
1586667716.294611  96
1586667716.308517  95
1586667716.323296  96
1586667716.338071  95
1586667716.352581  95
1586667716.367013  95
1586667716.379359  97
1586667716.394469  96
1586667716.408465  96
1586667716.422915  95
1586667716.436749  96
1586667716.450942  94
1586667716.465643  95
1586667716.479908  98
1586667716.494503  97
1586667716.509441  98
1586667716.524361  96
1586667716.538708  97
1586667716.553090  96
1586667716.567808  96
1586667716.582398  97
1586667716.597148  97
1586667716.611477  96
1586667716.626645  96
1586667716.641456  97
1586667716.656022  96
1586667716.670886  96
1586667716.685608  98
1586667716.699939  98
1586667716.714178  96
1586667716.728896  96
1586667716.742940  96
1586667716.757039  97
1586667716.769882  97
1586667716.784064  98
1586667716.798786  97
1586667716.813122  96
1586667716.827269  97
1586667716.841898  98
1586667716.855759  98
1586667716.871207  97
1586667716.885671  100
1586667716.899813  99
1586667716.914272  98
1586667716.928706  97
1586667716.943036  99
1586667716.956212  98
1586667716.969109  98
1586667716.983037  99
1586667716.998125  98
1586667717.013150  97
1586667717.027955  98
1586667717.042526  98
1586667717.057088  98
1586667717.071099  97
1586667717.085748  98
1586667717.100227  98
1586667717.115261  97
1586667717.128852  97
1586667717.142799  97
1586667717.157162  97
1586667717.170988  97
1586667717.185022  98
1586667717.199629  98
1586667717.214004  98
1586667717.229245  98
1586667717.243687  97
1586667717.257781  98
1586667717.272348  98
1586667717.286875  99
1586667717.302111  99
1586667717.315915  99
1586667717.330087  99
1586667717.344627  98
1586667717.359104  98
1586667717.373829  98
1586667717.388277  99
1586667717.402318  99
1586667717.416346  98
1586667717.430518  98
1586667717.444807  98
1586667717.458967  99
1586667717.473419  98
1586667717.487073  99
1586667717.500949  99
1586667717.515088  99
1586667717.528214  99
1586667717.543557  99
1586667717.557361  99
1586667717.572091  98
1586667717.586742  99
1586667717.600546  100
1586667717.614879  98
1586667717.629633  97
1586667717.643445  98
1586667717.657368  98
1586667717.672001  98
1586667717.686817  99
1586667717.700732  99
1586667717.715165  98
1586667717.729205  98
1586667717.743523  97
1586667717.756984  97
1586667717.771198  97
1586667717.785512  99
1586667717.799044  99
1586667717.813582  99
1586667717.826498  98
1586667717.840414  98
1586667717.855036  98
1586667717.868861  98
1586667717.884051  97
1586667717.899207  98
1586667717.912988  98
1586667717.926818  98
1586667717.941131  98
1586667717.955413  97
1586667717.969973  97
1586667717.983915  96
1586667717.999152  98
1586667718.013403  98
1586667718.027447  96
1586667718.042058  96
1586667718.057019  97
1586667718.071612  96
1586667718.086709  96
1586667718.101133  95
1586667718.115433  87
1586667718.130235  84
1586667718.144170  80
1586667718.157490  73
1586667718.171513  67
1586667718.186028  61
1586667718.200150  57
1586667718.213738  51
1586667718.227774  47
1586667718.242254  47
1586667718.255600  46
1586667718.270308  47
1586667718.284328  47
1586667718.298833  48
1586667718.313795  45
1586667718.328651  46
1586667718.343064  47
1586667718.355859  47
1586667718.370229  48
1586667718.384180  46
1586667718.398508  46
1586667718.413130  47
1586667718.426512  47
1586667718.441698  46
1586667718.456225  46
1586667718.470652  48
1586667718.483751  48
1586667718.498989  48
1586667718.514077  48
1586667718.528927  47
1586667718.543243  47
1586667718.557087  47
1586667718.570982  47
1586667718.585771  47
1586667718.600349  48
1586667718.614866  47
1586667718.629087  47
1586667718.643305  48
1586667718.656647  47
1586667718.671077  47
1586667718.685407  48
1586667718.699817  48
1586667718.714040  48
1586667718.729621  48
1586667718.744105  48
1586667718.757128  48
1586667718.771431  48
1586667718.786044  49
1586667718.800210  49
1586667718.813711  48
1586667718.829431  49
1586667718.844002  49
1586667718.857893  48
1586667718.872946  48
1586667718.887164  49
1586667718.901499  50
1586667718.915236  50
1586667718.929514  50
1586667718.944179  49
1586667718.958848  48
1586667718.973637  49
1586667718.986796  49
1586667719.001018  50
1586667719.015444  48
1586667719.028954  48
1586667719.043237  49
1586667719.056908  49
1586667719.071298  49
1586667719.085861  49
1586667719.099746  50
1586667719.113800  51
1586667719.126849  50
1586667719.141328  50
1586667719.155461  48
1586667719.169961  50
1586667719.184357  49
1586667719.197930  51
1586667719.210793  51
1586667719.225748  50
1586667719.240274  49
1586667719.254235  50
1586667719.267600  50
1586667719.281966  49
1586667719.295738  50
1586667719.309231  52
1586667719.322725  50
1586667719.337130  50
1586667719.351427  51
1586667719.366256  51
1586667719.380925  50
1586667719.394969  50
1586667719.407545  51
1586667719.421747  51
1586667719.436568  50
1586667719.451367  50
1586667719.465164  50
1586667719.479523  50
1586667719.494096  51
1586667719.508685  52
1586667719.522574  51
1586667719.535993  51
1586667719.550881  51
1586667719.565335  50
1586667719.580530  52
1586667719.594695  50
1586667719.608778  51
1586667719.623847  51
1586667719.638251  52
1586667719.652231  50
1586667719.666951  51
1586667719.681589  51
1586667719.695808  52
1586667719.709273  52
1586667719.723318  53
1586667719.738182  52
1586667719.752335  52
1586667719.766849  52
1586667719.781588  52
1586667719.795401  51
1586667719.809822  53
1586667719.823967  53
1586667719.837855  51
1586667719.851758  52
1586667719.865910  52
1586667719.879752  52
1586667719.894502  52
1586667719.908941  53
1586667719.923308  53
1586667719.937457  52
1586667719.952306  52
1586667719.967270  52
1586667719.981743  52
1586667719.995781  53
1586667720.009186  54
1586667720.023303  54
1586667720.037025  54
1586667720.051300  53
1586667720.065536  52
1586667720.079429  54
1586667720.095251  52
1586667720.112219  53
1586667720.127174  53
1586667720.142483  54
1586667720.157082  53
1586667720.171642  54
1586667720.186031  53
1586667720.200307  53
1586667720.214064  55
1586667720.229183  54
1586667720.244243  53
1586667720.259142  53
1586667720.273765  53
1586667720.287511  53
1586667720.301826  55
1586667720.316312  55
1586667720.330463  55
1586667720.344545  53
1586667720.359177  54
1586667720.373602  55
1586667720.387481  54
1586667720.401591  53
1586667720.416063  56
1586667720.430750  54
1586667720.445941  55
1586667720.460305  54
1586667720.474044  55
1586667720.487535  54
1586667720.500816  55
1586667720.515135  55
1586667720.527950  56
1586667720.543183  54
1586667720.558397  53
1586667720.573134  55
1586667720.587191  55
1586667720.601286  55
1586667720.615979  55
1586667720.630927  56
1586667720.645120  56
1586667720.659726  55
1586667720.674092  54
1586667720.688337  54
1586667720.702981  56
1586667720.717223  55
1586667720.731534  56
1586667720.746261  56
1586667720.761003  56
1586667720.775383  55
1586667720.789761  56
1586667720.804581  56
1586667720.819479  56
1586667720.834423  56
1586667720.848725  55
1586667720.862894  55
1586667720.877012  56
1586667720.890809  57
1586667720.905873  55
1586667720.920284  57
1586667720.934673  57
1586667720.949249  57
1586667720.963648  55
1586667720.978779  56
1586667720.991724  57
1586667721.006945  55
1586667721.021709  56
1586667721.036254  57
1586667721.050637  56
1586667721.066065  56
1586667721.080907  56
1586667721.094757  56
1586667721.109277  56
1586667721.124304  56
1586667721.139090  58
1586667721.153038  57
1586667721.165965  56
1586667721.180317  56
1586667721.195265  58
1586667721.209942  57
1586667721.224837  58
1586667721.238947  58
1586667721.251234  59
1586667721.266419  58
1586667721.281311  57
1586667721.296235  56
1586667721.311044  57
1586667721.325379  58
1586667721.339848  58
1586667721.355391  58
1586667721.370519  57
1586667721.385057  57
1586667721.400067  57
1586667721.414404  57
1586667721.428709  58
1586667721.443194  58
1586667721.457410  57
1586667721.472306  58
1586667721.487118  57
1586667721.501753  58
1586667721.515987  58
1586667721.529689  58
1586667721.543874  59
1586667721.558933  58
1586667721.573432  58
1586667721.587614  57
1586667721.603004  58
1586667721.617531  59
1586667721.632337  59
1586667721.646942  58
1586667721.661788  59
1586667721.675758  57
1586667721.690088  58
1586667721.705160  59
1586667721.719015  59
1586667721.733612  59
1586667721.747810  59
1586667721.761983  60
1586667721.776146  58
1586667721.790812  58
1586667721.804659  58
1586667721.818065  60
1586667721.832463  61
1586667721.846466  60
1586667721.859968  60
1586667721.874754  60
1586667721.890022  59
1586667721.904665  59
1586667721.919373  59
1586667721.933545  60
1586667721.947902  60
1586667721.962609  61
1586667721.977468  58
1586667721.992320  58
1586667722.004501  59
1586667722.018965  59
1586667722.033246  60
1586667722.047730  61
1586667722.062022  61
1586667722.077096  58
1586667722.091865  59
1586667722.106273  59
1586667722.120495  59
1586667722.135124  61
1586667722.149402  61
1586667722.163522  61
1586667722.178063  60
1586667722.192853  60
1586667722.207681  59
1586667722.222182  60
1586667722.236359  61
1586667722.249897  61
1586667722.264086  60
1586667722.278765  61
1586667722.293221  60
1586667722.307566  60
1586667722.320778  59
1586667722.335820  62
1586667722.350126  61
1586667722.364461  61
1586667722.378263  60
1586667722.393191  60
1586667722.408126  60
1586667722.423001  60
1586667722.437251  61
1586667722.451703  61
1586667722.466156  62
1586667722.479903  61
1586667722.494183  62
1586667722.507927  62
1586667722.522248  62
1586667722.536890  62
1586667722.550360  62
1586667722.564640  63
1586667722.578495  61
1586667722.592677  61
1586667722.606041  62
1586667722.619325  62
1586667722.633495  62
1586667722.647115  62
1586667722.660463  63
1586667722.674495  63
1586667722.688051  61
1586667722.702870  60
1586667722.718216  62
1586667722.731789  61
1586667722.745902  62
1586667722.758735  62
1586667722.773456  64
1586667722.788026  62
1586667722.803476  62
1586667722.818345  61
1586667722.833051  63
1586667722.847290  63
1586667722.860613  62
1586667722.876708  64
1586667722.891707  63
1586667722.906248  62
1586667722.920056  62
1586667722.934506  62
1586667722.948643  63
1586667722.963014  63
1586667722.977660  62
1586667722.992731  63
1586667723.006645  63
1586667723.019951  63
1586667723.034745  62
1586667723.048006  63
1586667723.061450  63
1586667723.075392  64
1586667723.090443  62
1586667723.104452  62
1586667723.118495  63
1586667723.132801  64
1586667723.147557  64
1586667723.160448  64
1586667723.174683  65
1586667723.189862  64
1586667723.205104  63
1586667723.220204  62
1586667723.235948  63
1586667723.250773  64
1586667723.264902  64
1586667723.279138  64
1586667723.293265  63
1586667723.307622  64
1586667723.322386  62
1586667723.336902  63
1586667723.351258  64
1586667723.365799  64
1586667723.380218  63
1586667723.395183  63
1586667723.408523  64
1586667723.421730  64
1586667723.436378  63
1586667723.450204  64
1586667723.464145  65
1586667723.479785  66
1586667723.493518  64
1586667723.508251  64
1586667723.523074  65
1586667723.537545  65
1586667723.552224  65
1586667723.566482  65
1586667723.579692  66
1586667723.593404  64
1586667723.607324  64
1586667723.622096  64
1586667723.636175  64
1586667723.650379  66
1586667723.662652  66
1586667723.677194  65
1586667723.692009  65
1586667723.706288  64
1586667723.720575  65
1586667723.734967  64
1586667723.749336  65
1586667723.763973  65
1586667723.779118  66
1586667723.793117  65
1586667723.805973  66
1586667723.821086  65
1586667723.835519  65
1586667723.850458  66
1586667723.865394  67
1586667723.878469  66
1586667723.892040  66
1586667723.907303  65
1586667723.922042  66
1586667723.936223  65
1586667723.950713  66
1586667723.964990  66
1586667723.979827  66
1586667723.994032  66
1586667724.008082  65
1586667724.022139  65
1586667724.036662  65
1586667724.051599  66
1586667724.065879  66
1586667724.080727  67
1586667724.095574  66
1586667724.110358  65
1586667724.124532  65
1586667724.138461  65
1586667724.152774  67
1586667724.167164  68
1586667724.181961  67
1586667724.196956  67
1586667724.211632  66
1586667724.226150  66
1586667724.240241  67
1586667724.254065  67
1586667724.268476  67
1586667724.282989  67
1586667724.297805  67
1586667724.312106  66
1586667724.326078  66
1586667724.339500  67
1586667724.354453  66
1586667724.368444  68
1586667724.383313  66
1586667724.398025  68
1586667724.412882  67
1586667724.427525  67
1586667724.440317  66
1586667724.454633  68
1586667724.468698  68
1586667724.483764  68
1586667724.498371  66
1586667724.512649  67
1586667724.527358  67
1586667724.542161  67
1586667724.556739  68
1586667724.571290  68
1586667724.585756  68
1586667724.600406  68
1586667724.614011  67
1586667724.628617  67
1586667724.643133  67
1586667724.657695  68
1586667724.670858  68
1586667724.684633  69
1586667724.698734  68
1586667724.713356  68
1586667724.727961  68
1586667724.742007  67
1586667724.757345  69
1586667724.771573  68
1586667724.785800  69
1586667724.800290  68
1586667724.815404  67
1586667724.830183  67
1586667724.845260  68
1586667724.860177  69
1586667724.875421  69
1586667724.890491  69
1586667724.903994  68
1586667724.918289  70
1586667724.931977  69
1586667724.946871  68
1586667724.960725  68
1586667724.975184  70
1586667724.990000  69
1586667725.004122  70
1586667725.018337  69
1586667725.033282  69
1586667725.048402  69
1586667725.063278  70
1586667725.078686  69
1586667725.093336  70
1586667725.107772  69
1586667725.122702  69
1586667725.136955  68
1586667725.151362  68
1586667725.163974  70
1586667725.178958  70
1586667725.193756  70
1586667725.208391  69
1586667725.223104  69
1586667725.238122  69
1586667725.252937  69
1586667725.267455  71
1586667725.281005  71
1586667725.295564  71
1586667725.309621  72
1586667725.322575  71
1586667725.337506  71
1586667725.350998  70
1586667725.365695  72
1586667725.379248  71
1586667725.394440  71
1586667725.409034  72
1586667725.422026  71
1586667725.436095  72
1586667725.450656  71
1586667725.464135  71
1586667725.478716  71
1586667725.492070  70
1586667725.506504  71
1586667725.521477  71
1586667725.535129  70
1586667725.549535  70
1586667725.564026  71
1586667725.578516  71
1586667725.593422  72
1586667725.607657  71
1586667725.621241  71
1586667725.635381  71
1586667725.651123  70
1586667725.666484  72
1586667725.680982  71
1586667725.696012  71
1586667725.711510  71
1586667725.726131  72
1586667725.740744  70
1586667725.755251  69
1586667725.769902  72
1586667725.784505  72
1586667725.798175  72
1586667725.811281  72
1586667725.825536  71
1586667725.840070  71
1586667725.854845  71
1586667725.868771  71
1586667725.883580  71
1586667725.897156  72
1586667725.911710  71
1586667725.926051  71
1586667725.940344  70
1586667725.955703  71
1586667725.969749  72
1586667725.983878  73
1586667725.998283  73
1586667726.013202  72
1586667726.027724  72
1586667726.041620  71
1586667726.055659  71
1586667726.069045  73
1586667726.083845  72
1586667726.098065  72
1586667726.111829  73
1586667726.125852  72
1586667726.139792  71
1586667726.154557  71
1586667726.168441  72
1586667726.182811  73
1586667726.196866  73
1586667726.210103  72
1586667726.224258  72
1586667726.238353  73
1586667726.253025  72
1586667726.268099  73
1586667726.281619  72
1586667726.295861  72
1586667726.311381  73
1586667726.326291  72
1586667726.340928  71
1586667726.355349  72
1586667726.370174  73
1586667726.384230  73
1586667726.398295  73
1586667726.411337  74
1586667726.424192  73
1586667726.439088  73
1586667726.453728  73
1586667726.467915  72
1586667726.482691  72
1586667726.496304  73
1586667726.509910  74
1586667726.524178  73
1586667726.538240  72
1586667726.552995  72
1586667726.567504  73
1586667726.582345  74
1586667726.597006  73
1586667726.611894  73
1586667726.626600  75
1586667726.641660  74
1586667726.656192  72
1586667726.670526  72
1586667726.685393  74
1586667726.700441  74
1586667726.714643  73
1586667726.728983  74
1586667726.743886  74
1586667726.759045  73
1586667726.773878  74
1586667726.788601  74
1586667726.803169  74
1586667726.817574  74
1586667726.832271  74
1586667726.846842  75
1586667726.861768  73
1586667726.875731  73
1586667726.890017  75
1586667726.905383  74
1586667726.920504  74
1586667726.935519  75
1586667726.949816  75
1586667726.963847  75
1586667726.978134  74
1586667726.992301  74
1586667727.006655  75
1586667727.019980  76
1586667727.033833  75
1586667727.047656  74
1586667727.061744  74
1586667727.077165  74
1586667727.092663  75
1586667727.106789  75
1586667727.120040  75
1586667727.133976  75
1586667727.148039  75
1586667727.162930  74
1586667727.177896  75
1586667727.192295  75
1586667727.206503  75
1586667727.220046  76
1586667727.234246  76
1586667727.249595  75
1586667727.264287  75
1586667727.278377  74
1586667727.293271  74
1586667727.307694  75
1586667727.322313  76
1586667727.337084  75
1586667727.352085  75
1586667727.367185  76
1586667727.381780  75
1586667727.396356  74
1586667727.411111  75
1586667727.425552  76
1586667727.439759  75
1586667727.454738  76
1586667727.469610  76
1586667727.484867  74
1586667727.500047  74
1586667727.513628  75
1586667727.527851  76
1586667727.542029  76
1586667727.556897  76
1586667727.571141  76
1586667727.585784  75
1586667727.600484  75
1586667727.615189  77
1586667727.629155  76
1586667727.643951  76
1586667727.658359  76
1586667727.673330  77
1586667727.687442  75
1586667727.701852  75
1586667727.715789  77
1586667727.730367  76
1586667727.745358  77
1586667727.759480  77
1586667727.773051  77
1586667727.787280  77
1586667727.800422  76
1586667727.814197  77
1586667727.828426  76
1586667727.841465  77
1586667727.856325  77
1586667727.870885  77
1586667727.885035  76
1586667727.899265  75
1586667727.914324  78
1586667727.928886  77
1586667727.943126  76
1586667727.957482  77
1586667727.971709  77
1586667727.986208  77
1586667728.000828  76
1586667728.014948  76
1586667728.029607  77
1586667728.044439  76
1586667728.058097  78
1586667728.072261  77
1586667728.086919  77
1586667728.101364  76
1586667728.116027  76
1586667728.130716  77
1586667728.145454  78
1586667728.159168  77
1586667728.172734  78
1586667728.187595  78
1586667728.200968  79
1586667728.215412  77
1586667728.230316  78
1586667728.244954  79
1586667728.259696  78
1586667728.274658  78
1586667728.289229  77
1586667728.304257  79
1586667728.318570  77
1586667728.333257  77
1586667728.348056  78
1586667728.363039  79
1586667728.377490  77
1586667728.392018  78
1586667728.406252  79
1586667728.419115  77
1586667728.434000  77
1586667728.448057  78
1586667728.461158  78
1586667728.476082  78
1586667728.490976  78
1586667728.505756  78
1586667728.519415  79
1586667728.534410  78
1586667728.548372  79
1586667728.562781  79
1586667728.577388  79
1586667728.590962  80
1586667728.605183  79
1586667728.619418  79
1586667728.633980  77
1586667728.649051  80
1586667728.662425  79
1586667728.676938  79
1586667728.690687  78
1586667728.704909  79
1586667728.719453  79
1586667728.732856  78
1586667728.747199  79
1586667728.761733  80
1586667728.775514  79
1586667728.789860  79
1586667728.803710  80
1586667728.816714  80
1586667728.831796  79
1586667728.845963  78
1586667728.860213  79
1586667728.873615  80
1586667728.887876  79
1586667728.901629  79
1586667728.915821  80
1586667728.930355  80
1586667728.944664  80
1586667728.959913  80
1586667728.974618  81
1586667728.988520  80
1586667729.002666  80
1586667729.017636  79
1586667729.031470  81
1586667729.046191  80
1586667729.060922  79
1586667729.075744  79
1586667729.090302  80
1586667729.104656  80
1586667729.119488  79
1586667729.133634  79
1586667729.147986  80
1586667729.162856  80
1586667729.177520  81
1586667729.192212  80
1586667729.207066  80
1586667729.221525  80
1586667729.235424  81
1586667729.250101  79
1586667729.265268  79
1586667729.279906  80
1586667729.293690  81
1586667729.307669  81
1586667729.322310  80
1586667729.335760  80
1586667729.349746  80
1586667729.364028  81
1586667729.378716  81
1586667729.393599  81
1586667729.408132  81
1586667729.423102  82
1586667729.438016  81
1586667729.453438  81
1586667729.467955  80
1586667729.482248  82
1586667729.495836  81
1586667729.509938  81
1586667729.524385  80
1586667729.538718  81
1586667729.552256  82
1586667729.567209  81
1586667729.582180  81
1586667729.596461  81
1586667729.611074  81
1586667729.625816  81
1586667729.639797  81
1586667729.654615  81
1586667729.668997  80
1586667729.684499  81
1586667729.698533  81
1586667729.713032  82
1586667729.727982  81
1586667729.742800  82
1586667729.757638  81
1586667729.772409  83
1586667729.785117  82
1586667729.799289  81
1586667729.813706  82
1586667729.827823  82
1586667729.841792  82
1586667729.855767  81
1586667729.870691  82
1586667729.885422  83
1586667729.899721  83
1586667729.913075  82
1586667729.927703  82
1586667729.941774  83
1586667729.955338  82
1586667729.970014  82
1586667729.984867  82
1586667729.999291  83
1586667730.013704  82
1586667730.027774  82
1586667730.041842  83
1586667730.055623  82
1586667730.070875  81
1586667730.085949  83
1586667730.100205  83
1586667730.112661  83
1586667730.127062  83
1586667730.142015  82
1586667730.157462  82
1586667730.171717  81
1586667730.186040  82
1586667730.200126  83
1586667730.215357  84
1586667730.229773  82
1586667730.244435  83
1586667730.259698  83
1586667730.274165  83
1586667730.287955  84
1586667730.302610  83
1586667730.316238  83
1586667730.330302  84
1586667730.343797  82
1586667730.358318  83
1586667730.372276  83
1586667730.386346  84
1586667730.400142  83
1586667730.414973  82
1586667730.429362  84
1586667730.442420  84
1586667730.456399  83
1586667730.471726  82
1586667730.485550  83
1586667730.499480  83
1586667730.513917  83
1586667730.528395  84
1586667730.542645  83
1586667730.557009  83
1586667730.571464  83
1586667730.585837  84
1586667730.599925  83
1586667730.612910  84
1586667730.627200  85
1586667730.641567  83
1586667730.654455  84
1586667730.669669  84
1586667730.683951  83
1586667730.697888  84
1586667730.711953  85
1586667730.726310  85
1586667730.740925  84
1586667730.755259  85
1586667730.769609  84
1586667730.783760  84
1586667730.798570  84
1586667730.813638  84
1586667730.828253  85
1586667730.842946  85
1586667730.856543  84
1586667730.871282  84
1586667730.884427  85
1586667730.898147  85
1586667730.913115  84
1586667730.926023  86
1586667730.940710  84
1586667730.955381  85
1586667730.969946  85
1586667730.984860  84
1586667730.999141  84
1586667731.013666  84
1586667731.028278  84
1586667731.042143  84
1586667731.056675  85
1586667731.070789  87
1586667731.085462  85
1586667731.100424  87
1586667731.113519  87
1586667731.127790  85
1586667731.142251  85
1586667731.157118  85
1586667731.171392  85
1586667731.185863  86
1586667731.201022  85
1586667731.215604  85
1586667731.230810  86
1586667731.245347  85
1586667731.259786  85
1586667731.273033  85
1586667731.287491  86
1586667731.301653  85
1586667731.316126  86
1586667731.331145  86
1586667731.346168  85
1586667731.360386  85
1586667731.374566  85
1586667731.388023  85
1586667731.402689  86
1586667731.418135  85
1586667731.432920  84
1586667731.447603  86
1586667731.462436  85
1586667731.476672  84
1586667731.491789  85
1586667731.506601  87
1586667731.521340  86
1586667731.534905  86
1586667731.548935  87
1586667731.562485  86
1586667731.577175  87
1586667731.592138  86
1586667731.606257  86
1586667731.620914  86
1586667731.634612  86
1586667731.649770  86
1586667731.664153  86
1586667731.679112  86
1586667731.692865  86
1586667731.706675  86
1586667731.721489  87
1586667731.736245  86
1586667731.750364  86
1586667731.763668  86
1586667731.778094  87
1586667731.791958  86
1586667731.806777  85
1586667731.821019  85
1586667731.835758  85
1586667731.850478  87
1586667731.863543  86
1586667731.877795  87
1586667731.893198  86
1586667731.907973  86
1586667731.921471  86
1586667731.935871  88
1586667731.950667  89
1586667731.963861  89
1586667731.978623  88
1586667731.992871  88
1586667732.006771  88
1586667732.021627  89
1586667732.035994  88
1586667732.050357  89
1586667732.063945  88
1586667732.079269  89
1586667732.093958  88
1586667732.107852  89
1586667732.122530  89
1586667732.136972  89
1586667732.150858  87
1586667732.165484  88
1586667732.179468  87
1586667732.194285  87
1586667732.209067  87
1586667732.224075  88
1586667732.237821  87
1586667732.252258  87
1586667732.266669  87
1586667732.280901  87
1586667732.295536  87
1586667732.309642  89
1586667732.324185  87
1586667732.338629  87
1586667732.353248  87
1586667732.367628  88
1586667732.382100  86
1586667732.395898  90
1586667732.411010  89
1586667732.425946  88
1586667732.439939  88
1586667732.454899  88
1586667732.469356  89
1586667732.483396  88
1586667732.497642  87
1586667732.512313  88
1586667732.526696  89
1586667732.541420  88
1586667732.556157  87
1586667732.570572  88
1586667732.585205  88
1586667732.599659  88
1586667732.614795  89
1586667732.629541  89
1586667732.644376  88
1586667732.658621  88
1586667732.673358  88
1586667732.686633  88
1586667732.701002  88
1586667732.715477  89
1586667732.730335  89
1586667732.745091  88
1586667732.759282  88
1586667732.773990  88
1586667732.787584  88
1586667732.801628  89
1586667732.816274  89
1586667732.830254  88
1586667732.844469  88
1586667732.858998  89
1586667732.873057  90
1586667732.887631  88
1586667732.901795  89
1586667732.915827  91
1586667732.930349  90
1586667732.943827  90
1586667732.957997  90
1586667732.972879  89
1586667732.986558  90
1586667733.000720  89
1586667733.014273  91
1586667733.028552  89
1586667733.042469  90
1586667733.057192  89
1586667733.072028  90
1586667733.086891  89
1586667733.100975  90
1586667733.114024  91
1586667733.128462  89
1586667733.142702  89
1586667733.156564  90
1586667733.170759  90
1586667733.184208  90
1586667733.198891  89
1586667733.213433  90
1586667733.227777  90
1586667733.241583  89
1586667733.256046  89
1586667733.270697  90
1586667733.285184  90
1586667733.300014  89
1586667733.314692  90
1586667733.329629  89
1586667733.344061  90
1586667733.358093  90
1586667733.372925  91
1586667733.387610  90
1586667733.401208  90
1586667733.414806  92
1586667733.429425  91
1586667733.443729  90
1586667733.458024  89
1586667733.472671  90
1586667733.487183  91
1586667733.501835  90
1586667733.514923  92
1586667733.529832  90
1586667733.544050  91
1586667733.557121  90
1586667733.571208  90
1586667733.585783  90
1586667733.599966  91
1586667733.613404  92
1586667733.628095  90
1586667733.642305  91
1586667733.656100  91
1586667733.669580  91
1586667733.684516  90
1586667733.699765  90
1586667733.714518  92
1586667733.729187  92
1586667733.742656  90
1586667733.755486  91
1586667733.769536  91
1586667733.783249  92
1586667733.796549  91
1586667733.810735  92
1586667733.825907  92
1586667733.839836  91
1586667733.854040  91
1586667733.868915  92
1586667733.883264  91
1586667733.898032  91
1586667733.912611  91
1586667733.925851  92
1586667733.938935  92
1586667733.953069  91
1586667733.966404  91
1586667733.980196  92
1586667733.994125  91
1586667734.007975  92
1586667734.023042  92
1586667734.037937  92
1586667734.052046  91
1586667734.067167  93
1586667734.081768  91
1586667734.096248  92
1586667734.110509  91
1586667734.124991  93
1586667734.139051  91
1586667734.154886  91
1586667734.168835  92
1586667734.183364  92
1586667734.198038  91
1586667734.212022  91
1586667734.225703  93
1586667734.240245  93
1586667734.254165  91
1586667734.269140  92
1586667734.284123  93
1586667734.298841  91
1586667734.314018  93
1586667734.328130  94
1586667734.342302  93
1586667734.355881  92
1586667734.370785  93
1586667734.384263  92
1586667734.399295  94
1586667734.414346  92
1586667734.428268  93
1586667734.442219  92
1586667734.456393  93
1586667734.470036  93
1586667734.485334  92
1586667734.500024  93
1586667734.514151  92
1586667734.527953  95
1586667734.542290  93
1586667734.557132  92
1586667734.571709  93
1586667734.585418  93
1586667734.598379  93
1586667734.613593  92
1586667734.628040  94
1586667734.641809  94
1586667734.656564  92
1586667734.671171  92
1586667734.684720  93
1586667734.699110  92
1586667734.713968  92
1586667734.728013  94
1586667734.742282  94
1586667734.756076  93
1586667734.771332  93
1586667734.785160  94
1586667734.799980  93
1586667734.813760  93
1586667734.827868  95
1586667734.841579  95
1586667734.855857  93
1586667734.869881  92
1586667734.883025  93
1586667734.898053  93
1586667734.912991  93
1586667734.927279  94
1586667734.941659  95
1586667734.956955  93
1586667734.971118  93
1586667734.985593  94
1586667735.000162  93
1586667735.015357  94
1586667735.030556  95
1586667735.044527  94
1586667735.058804  93
1586667735.073390  94
1586667735.087162  94
1586667735.101998  93
1586667735.116108  93
1586667735.129782  94
1586667735.143712  94
1586667735.158707  93
1586667735.173320  93
1586667735.187679  93
1586667735.201942  94
1586667735.215368  94
1586667735.229486  95
1586667735.243466  96
1586667735.257777  94
1586667735.271731  95
1586667735.286381  94
1586667735.300823  94
1586667735.315556  93
1586667735.330428  95
1586667735.345641  95
1586667735.360888  94
1586667735.374352  94
1586667735.388422  94
1586667735.402433  95
1586667735.416967  94
1586667735.431994  95
1586667735.447028  96
1586667735.461074  95
1586667735.474485  95
1586667735.488086  95
1586667735.501920  94
1586667735.514828  95
1586667735.529252  96
1586667735.544142  95
1586667735.558793  95
1586667735.573378  94
1586667735.588110  94
1586667735.602970  95
1586667735.617148  94
1586667735.631458  96
1586667735.646335  96
1586667735.660594  94
1586667735.674827  95
1586667735.689158  94
1586667735.703507  95
1586667735.718526  95
1586667735.732587  96
1586667735.746892  96
1586667735.761245  95
1586667735.776265  95
1586667735.791833  95
1586667735.806502  96
1586667735.820864  95
1586667735.835097  96
1586667735.849609  97
1586667735.864013  95
1586667735.879573  96
1586667735.894536  95
1586667735.909279  96
1586667735.924111  95
1586667735.937316  95
1586667735.951437  97
1586667735.965316  97
1586667735.979724  97
1586667735.994300  96
1586667736.009292  96
1586667736.024011  95
1586667736.038803  98
1586667736.053540  96
1586667736.068144  95
1586667736.082848  96
1586667736.095706  96
1586667736.109847  96
1586667736.124347  96
1586667736.136927  97
1586667736.151050  97
1586667736.165318  95
1586667736.179545  96
1586667736.193723  95
1586667736.206836  96
1586667736.221850  97
1586667736.236510  97
1586667736.250713  98
1586667736.265366  96
1586667736.280002  96
1586667736.294901  96
1586667736.309514  96
1586667736.323753  96
1586667736.339116  97
1586667736.353777  98
1586667736.368751  96
1586667736.383162  95
1586667736.398256  96
1586667736.412203  96
1586667736.426456  96
1586667736.441141  97
1586667736.455251  97
1586667736.469444  97
1586667736.484263  96
1586667736.498982  97
1586667736.513008  96
1586667736.527146  96
1586667736.540964  98
1586667736.555254  97
1586667736.570045  96
1586667736.584144  97
1586667736.598709  97
1586667736.612547  97
1586667736.626158  97
1586667736.641229  98
1586667736.654986  98
1586667736.668665  96
1586667736.683035  97
1586667736.697735  97
1586667736.712091  97
1586667736.726093  97
1586667736.741236  98
1586667736.755212  98
1586667736.769663  97
1586667736.784441  98
1586667736.797885  98
1586667736.812924  97
1586667736.827857  97
1586667736.842145  99
1586667736.856057  99
1586667736.869667  99
1586667736.883976  97
1586667736.898124  97
1586667736.912383  98
1586667736.926745  98
1586667736.941415  99
1586667736.956399  98
1586667736.971386  99
1586667736.985255  99
1586667736.999649  98
1586667737.014304  97
1586667737.029065  97
1586667737.043693  99
1586667737.057282  99
1586667737.071067  99
1586667737.085205  98
1586667737.100206  98
1586667737.114511  97
1586667737.128763  97
1586667737.141495  100
1586667737.155980  99
1586667737.169677  98
1586667737.184291  97
1586667737.197428  98
1586667737.211313  98
1586667737.225870  98
1586667737.240129  99
1586667737.254155  99
1586667737.266810  100
1586667737.281097  99
1586667737.295305  98
1586667737.309403  98
1586667737.324501  98
1586667737.338940  98
1586667737.352019  99
1586667737.365291  100
1586667737.379014  97
1586667737.393764  99
1586667737.408576  98
1586667737.423304  98
1586667737.437105  100
1586667737.452202  99
1586667737.466704  98
1586667737.481263  98
1586667737.495586  98
1586667737.509454  98
1586667737.524179  98
1586667737.538615  98
1586667737.552493  99
1586667737.567286  98
1586667737.581549  98
1586667737.595906  99
1586667737.609957  98
1586667737.624712  97
1586667737.639029  98
1586667737.653958  99
1586667737.667584  98
1586667737.682666  97
1586667737.697768  99
1586667737.711469  99
1586667737.726228  97
1586667737.741462  99
1586667737.755730  100
1586667737.771159  98
1586667737.785678  97
1586667737.800364  98
1586667737.815463  97
1586667737.830532  97
1586667737.845737  96
1586667737.860528  98
1586667737.874822  98
1586667737.888893  97
1586667737.902547  98
1586667737.915885  98
1586667737.929569  97
1586667737.943787  97
1586667737.957456  98
1586667737.971569  99
1586667737.986571  98
1586667738.000180  97
1586667738.014356  96
1586667738.028654  96
1586667738.042760  97
1586667738.057354  97
1586667738.071065  97
1586667738.085432  96
1586667738.099961  96
1586667738.114477  96
1586667738.128508  95
1586667738.143598  90
1586667738.157344  88
1586667738.171169  87
1586667738.183909  89
1586667738.197731  88
1586667738.210167  87
1586667738.224828  82
1586667738.238619  76
1586667738.252454  72
1586667738.265235  68
1586667738.279959  62
1586667738.293958  57
1586667738.307362  51
1586667738.321536  47
1586667738.335286  45
1586667738.349601  47
1586667738.363912  48
1586667738.377694  47
1586667738.390753  46
1586667738.405245  46
1586667738.418669  46
1586667738.432919  46
1586667738.446316  47
1586667738.460602  48
1586667738.474846  48
1586667738.488844  47
1586667738.503355  47
1586667738.518028  47
1586667738.532755  47
1586667738.547614  47
1586667738.561788  48
1586667738.575635  47
1586667738.590415  47
1586667738.605408  49
1586667738.619826  49
1586667738.634834  48
1586667738.650209  48
1586667738.664628  49
1586667738.679032  48
1586667738.693020  47
1586667738.707449  47
1586667738.721971  48
1586667738.735592  48
1586667738.749566  49
1586667738.764075  49
1586667738.779078  48
1586667738.793720  48
1586667738.806617  48
1586667738.820310  49
1586667738.833823  48
1586667738.849257  48
1586667738.863267  49
1586667738.877285  49
1586667738.891703  48
1586667738.907096  48
1586667738.921542  49
1586667738.935692  48
1586667738.949912  49
1586667738.964234  49
1586667738.979206  49
1586667738.993473  50
1586667739.007581  49
1586667739.022405  49
1586667739.036273  49
1586667739.050947  50
1586667739.065740  49
1586667739.080186  49
1586667739.094722  49
1586667739.107982  50
1586667739.121993  49
1586667739.135860  49
1586667739.149681  49
1586667739.164023  51
1586667739.177679  51
1586667739.191701  49
1586667739.206109  50
1586667739.220062  50
1586667739.234346  50
1586667739.249285  49
1586667739.263299  51
1586667739.277823  52
1586667739.292379  50
1586667739.307390  51
1586667739.321703  50
1586667739.336050  51
1586667739.350912  50
1586667739.365399  50
1586667739.378005  52
1586667739.391116  50
1586667739.406232  51
1586667739.420324  50
1586667739.434610  50
1586667739.449685  51
1586667739.463916  51
1586667739.478669  51
1586667739.493070  51
1586667739.507328  51
1586667739.519718  51
1586667739.534438  51
1586667739.549173  52
1586667739.563466  51
1586667739.578154  52
1586667739.593044  52
1586667739.606545  51
1586667739.620466  52
1586667739.634458  50
1586667739.648647  51
1586667739.662811  52
1586667739.676444  52
1586667739.690433  54
1586667739.705423  51
1586667739.719745  52
1586667739.734285  52
1586667739.748827  51
1586667739.763002  52
1586667739.777625  54
1586667739.790944  53
1586667739.805865  52
1586667739.820331  52
1586667739.834509  52
1586667739.848002  52
1586667739.862978  52
1586667739.877090  54
1586667739.891844  53
1586667739.906189  52
1586667739.920439  52
1586667739.934592  53
1586667739.949123  52
1586667739.963158  52
1586667739.976538  53
1586667739.989259  53
1586667740.003351  53
1586667740.018214  53
1586667740.030954  53
1586667740.045103  52
1586667740.059976  53
1586667740.074371  53
1586667740.088077  53
1586667740.101836  53
1586667740.116468  54
1586667740.130866  52
1586667740.146099  54
1586667740.160135  53
1586667740.173031  52
1586667740.187426  54
1586667740.201676  54
1586667740.215836  53
1586667740.231172  52
1586667740.245396  55
1586667740.259984  53
1586667740.274410  55
1586667740.288769  55
1586667740.302739  53
1586667740.317176  54
1586667740.329964  54
1586667740.344771  54
1586667740.358477  54
1586667740.373151  53
1586667740.387351  55
1586667740.402730  55
1586667740.417274  54
1586667740.432078  54
1586667740.446734  54
1586667740.461016  53
1586667740.475017  55
1586667740.489642  55
1586667740.503679  56
1586667740.517933  53
1586667740.532689  55
1586667740.546022  55
1586667740.560614  54
1586667740.575009  55
1586667740.588327  55
1586667740.601058  57
1586667740.615185  56
1586667740.628302  55
1586667740.641326  55
1586667740.655796  55
1586667740.669164  56
1586667740.683503  56
1586667740.697707  57
1586667740.710399  56
1586667740.724420  55
1586667740.738993  55
1586667740.753505  55
1586667740.767980  55
1586667740.782200  56
1586667740.796084  56
1586667740.809267  57
1586667740.823226  56
1586667740.837247  57
1586667740.851729  56
1586667740.866245  55
1586667740.879947  57
1586667740.894589  57
1586667740.908090  56
1586667740.922858  55
1586667740.936868  57
1586667740.951856  55
1586667740.965001  56
1586667740.979398  56
1586667740.994705  58
1586667741.008515  56
1586667741.022757  56
1586667741.037399  56
1586667741.052277  57
1586667741.066467  55
1586667741.080983  57
1586667741.095459  57
1586667741.109943  58
1586667741.124530  57
1586667741.138246  56
1586667741.152397  57
1586667741.165533  58
1586667741.180024  59
1586667741.194120  58
1586667741.207174  59
1586667741.222202  57
1586667741.236478  57
1586667741.250026  56
1586667741.264266  57
1586667741.277649  57
1586667741.290481  58
1586667741.304299  58
1586667741.318381  57
1586667741.332991  57
1586667741.347250  56
1586667741.362439  57
1586667741.377354  58
1586667741.391443  58
1586667741.405834  58
1586667741.420613  57
1586667741.435141  58
1586667741.449545  58
1586667741.463648  57
1586667741.477693  58
1586667741.492544  59
1586667741.506743  59
1586667741.520082  58
1586667741.533818  58
1586667741.548226  59
1586667741.563794  58
1586667741.578140  59
1586667741.592190  60
1586667741.606138  59
1586667741.620029  59
1586667741.634513  59
1586667741.649479  58
1586667741.663921  59
1586667741.679051  59
1586667741.693556  59
1586667741.708227  59
1586667741.723235  60
1586667741.737509  59
1586667741.751609  58
1586667741.766216  60
1586667741.781030  59
1586667741.795655  60
1586667741.808827  61
1586667741.822659  60
1586667741.837342  60
1586667741.851885  59
1586667741.866302  59
1586667741.879993  60
1586667741.893790  60
1586667741.907661  60
1586667741.920551  61
1586667741.934746  59
1586667741.949599  59
1586667741.964551  59
1586667741.979490  59
1586667741.994280  60
1586667742.008710  60
1586667742.023113  61
1586667742.037457  59
1586667742.051449  60
1586667742.065942  60
1586667742.079783  60
1586667742.094132  62
1586667742.107739  62
1586667742.121677  62
1586667742.136062  59
1586667742.149952  60
1586667742.163036  60
1586667742.177706  60
1586667742.192265  61
1586667742.207554  61
1586667742.221510  62
1586667742.236079  60
1586667742.249935  60
1586667742.264649  60
1586667742.279216  60
1586667742.293088  61
1586667742.306921  62
1586667742.321792  61
1586667742.335979  60
1586667742.350659  60
1586667742.365153  61
1586667742.379008  61
1586667742.392369  63
1586667742.406840  62
1586667742.421140  62
1586667742.435382  61
1586667742.450103  61
1586667742.465082  61
1586667742.479415  62
1586667742.494000  63
1586667742.508351  62
1586667742.523109  61
1586667742.537927  61
1586667742.552962  62
1586667742.565767  61
1586667742.580632  62
1586667742.595439  62
1586667742.609864  62
1586667742.624604  62
1586667742.638735  61
1586667742.653517  61
1586667742.668775  62
1586667742.683480  61
1586667742.698573  63
1586667742.713050  63
1586667742.727725  64
1586667742.742563  62
1586667742.757593  62
1586667742.772106  62
1586667742.786615  63
1586667742.799751  64
1586667742.814068  63
1586667742.828654  63
1586667742.842511  64
1586667742.857016  62
1586667742.870055  63
1586667742.883803  62
1586667742.898305  63
1586667742.912458  63
1586667742.926391  63
1586667742.940077  64
1586667742.954331  62
1586667742.968668  62
1586667742.982895  62
1586667742.996701  64
1586667743.009897  63
1586667743.023581  63
1586667743.037642  64
1586667743.051027  63
1586667743.066487  63
1586667743.081121  63
1586667743.095321  64
1586667743.109607  64
1586667743.124064  65
1586667743.138125  64
1586667743.153342  63
1586667743.168019  63
1586667743.182171  63
1586667743.196514  63
1586667743.210909  64
1586667743.225743  65
1586667743.239130  64
1586667743.253576  64
1586667743.267624  63
1586667743.283144  64
1586667743.297600  63
1586667743.312170  65
1586667743.326683  64
1586667743.339179  65
1586667743.353583  63
1586667743.368854  65
1586667743.383753  64
1586667743.398470  66
1586667743.413118  65
1586667743.426771  65
1586667743.440727  66
1586667743.454602  64
1586667743.468478  64
1586667743.481183  64
1586667743.496121  65
1586667743.509171  65
1586667743.523961  65
1586667743.538519  66
1586667743.551909  65
1586667743.565194  65
1586667743.580490  64
1586667743.594193  64
1586667743.608500  65
1586667743.623409  65
1586667743.638090  66
1586667743.652876  66
1586667743.667150  64
1586667743.681685  64
1586667743.695174  65
1586667743.710183  67
1586667743.724268  66
1586667743.739059  65
1586667743.753834  66
1586667743.767751  65
1586667743.780854  66
1586667743.794701  64
1586667743.809545  65
1586667743.824000  67
1586667743.838932  66
1586667743.853689  66
1586667743.867783  66
1586667743.880921  66
1586667743.896010  66
1586667743.910084  66
1586667743.923586  67
1586667743.938081  66
1586667743.951890  67
1586667743.966796  65
1586667743.981237  66
1586667743.995950  65
1586667744.010794  66
1586667744.024907  66
1586667744.038983  66
1586667744.054088  67
1586667744.068816  67
1586667744.083113  66
1586667744.098006  67
1586667744.112866  68
1586667744.127063  67
1586667744.140055  66
1586667744.155551  67
1586667744.170110  66
1586667744.184250  66
1586667744.198030  66
1586667744.211373  68
1586667744.225565  68
1586667744.238871  67
1586667744.252627  68
1586667744.267472  66
1586667744.281069  67
1586667744.293399  66
1586667744.305806  67
1586667744.320289  68
1586667744.335131  68
1586667744.349652  67
1586667744.364398  68
1586667744.378953  66
1586667744.393049  67
1586667744.408064  68
1586667744.422860  67
1586667744.437682  69
1586667744.451651  68
1586667744.466102  68
1586667744.479678  66
1586667744.494281  68
1586667744.508665  67
1586667744.522577  68
1586667744.537011  68
1586667744.552021  68
1586667744.567057  68
1586667744.582125  69
1586667744.596488  68
1586667744.610176  68
1586667744.624953  69
1586667744.638957  68
1586667744.653431  68
1586667744.668547  68
1586667744.682804  68
1586667744.696748  68
1586667744.711676  69
1586667744.726754  69
1586667744.740601  69
1586667744.754910  69
1586667744.768794  70
1586667744.782806  68
1586667744.797222  68
1586667744.810732  68
1586667744.824715  70
1586667744.839325  70
1586667744.852963  68
1586667744.866906  69
1586667744.880747  68
1586667744.895129  68
1586667744.909544  68
1586667744.923748  70
1586667744.937751  69
1586667744.950744  70
1586667744.963943  70
1586667744.978634  69
1586667744.991947  69
1586667745.006333  68
1586667745.019701  69
1586667745.034024  70
1586667745.048928  69
1586667745.062600  69
1586667745.076840  69
1586667745.090206  68
1586667745.104583  68
1586667745.119251  70
1586667745.133802  70
1586667745.147960  70
1586667745.162263  71
1586667745.176954  69
1586667745.189780  69
1586667745.202959  70
1586667745.216756  71
1586667745.231773  70
1586667745.246104  70
1586667745.259627  71
1586667745.272004  71
1586667745.286157  69
1586667745.300676  70
1586667745.315520  69
1586667745.330380  70
1586667745.345421  70
1586667745.359971  71
1586667745.375020  70
1586667745.389328  70
1586667745.403203  69
1586667745.418229  70
1586667745.433124  71
1586667745.447516  71
1586667745.460713  72
1586667745.474919  71
1586667745.489678  70
1586667745.504579  71
1586667745.519073  70
1586667745.533346  72
1586667745.548041  72
1586667745.562500  71
1586667745.576402  72
1586667745.590906  69
1586667745.605566  71
1586667745.619962  72
1586667745.633871  71
1586667745.649014  72
1586667745.664027  71
1586667745.678401  72
1586667745.693393  71
1586667745.708205  70
1586667745.722657  71
1586667745.736826  71
1586667745.750103  72
1586667745.764028  72
1586667745.778322  71
1586667745.792508  70
1586667745.806622  71
1586667745.821298  71
1586667745.837192  71
1586667745.851404  71
1586667745.866193  72
1586667745.880037  72
1586667745.894687  71
1586667745.909365  72
1586667745.923262  72
1586667745.938245  72
1586667745.951562  73
1586667745.965880  72
1586667745.980439  72
1586667745.995337  71
1586667746.009844  72
1586667746.025117  71
1586667746.039894  72
1586667746.052202  73
1586667746.066340  72
1586667746.080799  73
1586667746.095228  72
1586667746.109050  71
1586667746.122900  73
1586667746.137439  74
1586667746.150900  73
1586667746.164495  72
1586667746.179758  71
1586667746.194534  72
1586667746.209110  71
1586667746.223883  73
1586667746.238277  73
1586667746.253127  73
1586667746.267230  72
1586667746.281742  74
1586667746.296213  73
1586667746.310888  73
1586667746.324697  74
1586667746.338576  75
1586667746.352700  74
1586667746.366834  73
1586667746.381597  75
1586667746.396926  73
1586667746.411962  73
1586667746.426096  74
1586667746.439790  73
1586667746.454023  73
1586667746.467932  76
1586667746.482790  73
1586667746.497692  74
1586667746.511956  72
1586667746.526646  74
1586667746.540037  74
1586667746.554467  74
1586667746.568986  73
1586667746.583243  76
1586667746.597871  74
1586667746.611372  72
1586667746.625827  74
1586667746.639774  75
1586667746.652546  74
1586667746.666757  75
1586667746.679958  74
1586667746.695370  74
1586667746.710230  73
1586667746.726054  73
1586667746.740669  74
1586667746.754950  73
1586667746.769343  74
1586667746.783222  75
1586667746.797766  74
1586667746.812389  74
1586667746.827065  73
1586667746.841148  75
1586667746.854880  76
1586667746.869126  75
1586667746.882732  74
1586667746.898007  74
1586667746.912798  74
1586667746.926935  74
1586667746.941411  74
1586667746.955674  74
1586667746.969853  76
1586667746.983805  75
1586667746.997686  74
1586667747.010482  76
1586667747.023614  75
1586667747.037829  75
1586667747.050743  74
1586667747.065412  76
1586667747.078016  76
1586667747.090999  75
1586667747.105476  75
1586667747.120257  74
1586667747.134950  75
1586667747.148906  75
1586667747.162553  75
1586667747.176256  76
1586667747.189224  76
1586667747.203227  75
1586667747.217645  75
1586667747.233574  74
1586667747.247846  76
1586667747.262050  76
1586667747.276240  75
1586667747.289442  76
1586667747.301349  75
1586667747.315306  76
1586667747.329223  75
1586667747.343054  74
1586667747.357701  77
1586667747.371357  76
1586667747.385419  76
1586667747.399577  76
1586667747.413910  76
1586667747.426935  75
1586667747.441299  74
1586667747.455763  76
1586667747.470503  76
1586667747.485162  76
1586667747.499619  76
1586667747.513955  76
1586667747.528393  76
1586667747.542607  75
1586667747.557073  76
1586667747.571276  76
1586667747.586098  76
1586667747.600681  77
1586667747.616123  76
1586667747.630558  77
1586667747.645658  76
1586667747.660060  76
1586667747.675446  76
1586667747.690339  76
1586667747.705181  78
1586667747.720023  76
1586667747.734476  75
1586667747.747211  76
1586667747.760595  78
1586667747.774444  77
1586667747.789189  76
1586667747.803546  77
1586667747.816553  77
1586667747.831053  77
1586667747.845572  76
1586667747.859831  76
1586667747.874272  77
1586667747.888576  76
1586667747.902835  78
1586667747.916998  77
1586667747.931737  76
1586667747.947139  77
1586667747.961550  76
1586667747.976447  77
1586667747.991343  77
1586667748.006514  77
1586667748.021248  77
1586667748.035375  78
1586667748.050083  77
1586667748.064094  76
1586667748.079014  78
1586667748.093596  79
1586667748.108318  78
1586667748.123191  77
1586667748.137616  78
1586667748.152231  77
1586667748.166610  77
1586667748.181207  78
1586667748.194163  79
1586667748.208250  77
1586667748.222387  78
1586667748.236981  78
1586667748.251419  78
1586667748.265460  78
1586667748.280401  78
1586667748.294863  78
1586667748.309083  78
1586667748.321905  78
1586667748.335883  77
1586667748.350168  78
1586667748.363820  77
1586667748.377589  77
1586667748.391002  77
1586667748.405796  79
1586667748.420404  79
1586667748.434916  79
1586667748.449805  79
1586667748.464752  79
1586667748.478994  79
1586667748.492389  78
1586667748.506746  78
1586667748.521472  80
1586667748.535437  80
1586667748.550188  79
1586667748.563967  79
1586667748.577634  79
1586667748.591181  78
1586667748.604950  80
1586667748.619452  79
1586667748.634070  80
1586667748.648570  80
1586667748.662686  79
1586667748.676830  79
1586667748.690977  78
1586667748.705775  79
1586667748.719912  79
1586667748.734337  79
1586667748.748422  79
1586667748.762780  80
1586667748.776471  79
1586667748.791457  78
1586667748.805530  81
1586667748.818250  80
1586667748.833358  79
1586667748.847441  80
1586667748.861335  80
1586667748.874682  80
1586667748.888924  78
1586667748.903675  78
1586667748.918649  80
1586667748.933547  80
1586667748.947305  79
1586667748.961848  80
1586667748.975782  81
1586667748.990262  80
1586667749.005003  80
1586667749.020093  80
1586667749.034902  81
1586667749.049503  80
1586667749.062691  81
1586667749.076568  80
1586667749.091039  81
1586667749.105756  80
1586667749.120319  80
1586667749.134366  81
1586667749.148379  81
1586667749.161532  80
1586667749.173942  81
1586667749.189229  80
1586667749.203429  80
1586667749.218548  80
1586667749.233502  81
1586667749.247612  82
1586667749.261994  82
1586667749.277037  81
1586667749.291828  80
1586667749.305220  81
1586667749.318649  81
1586667749.332229  81
1586667749.346363  80
1586667749.360856  81
1586667749.375809  82
1586667749.390305  81
1586667749.403656  80
1586667749.418718  81
1586667749.433240  82
1586667749.447879  82
1586667749.461598  81
1586667749.476778  81
1586667749.491434  82
1586667749.506030  81
1586667749.520214  81
1586667749.534486  81
1586667749.549233  81
1586667749.562731  81
1586667749.577509  81
1586667749.592482  81
1586667749.606630  81
1586667749.621030  82
1586667749.635831  82
1586667749.650508  82
1586667749.665241  82
1586667749.679802  81
1586667749.694570  82
1586667749.708791  82
1586667749.723476  82
1586667749.738635  81
1586667749.753745  82
1586667749.767728  83
1586667749.782236  82
1586667749.796970  81
1586667749.811724  83
1586667749.826165  83
1586667749.839427  82
1586667749.854144  82
1586667749.868352  83
1586667749.882425  82
1586667749.896622  82
1586667749.911592  82
1586667749.926522  84
1586667749.940629  83
1586667749.955745  83
1586667749.970381  82
1586667749.984072  83
1586667749.997855  81
1586667750.012904  82
1586667750.026969  82
1586667750.041437  82
1586667750.056469  82
1586667750.070510  82
1586667750.085650  83
1586667750.098973  84
1586667750.113642  83
1586667750.128076  82
1586667750.142501  82
1586667750.157075  83
1586667750.170359  83
1586667750.184689  82
1586667750.199462  84
1586667750.214509  83
1586667750.229292  84
1586667750.242984  83
1586667750.257145  83
1586667750.271353  83
1586667750.285188  82
1586667750.298131  83
1586667750.311652  83
1586667750.325910  83
1586667750.340597  83
1586667750.354412  83
1586667750.369434  82
1586667750.384367  84
1586667750.399345  84
1586667750.413043  84
1586667750.427423  83
1586667750.442542  83
1586667750.456652  83
1586667750.470431  83
1586667750.485104  83
1586667750.499168  84
1586667750.513616  84
1586667750.526849  84
1586667750.541265  85
1586667750.555850  84
1586667750.570425  84
1586667750.585006  84
1586667750.599244  85
1586667750.612972  85
1586667750.627318  82
1586667750.642569  85
1586667750.656874  85
1586667750.672017  84
1586667750.686639  83
1586667750.701467  84
1586667750.715863  85
1586667750.729916  84
1586667750.743893  83
1586667750.757967  85
1586667750.771933  85
1586667750.786078  84
1586667750.800185  83
1586667750.813482  85
1586667750.826747  85
1586667750.841685  84
1586667750.856579  85
1586667750.871793  84
1586667750.886740  85
1586667750.901691  83
1586667750.916421  85
1586667750.929729  84
1586667750.943350  86
1586667750.957369  85
1586667750.971764  85
1586667750.985614  86
1586667750.999875  85
1586667751.014582  85
1586667751.027652  86
1586667751.041922  85
1586667751.056428  85
1586667751.070271  85
1586667751.084614  85
1586667751.098866  86
1586667751.112563  86
1586667751.125520  85
1586667751.140182  86
1586667751.154807  84
1586667751.170431  85
1586667751.185159  85
1586667751.199524  85
1586667751.213304  86
1586667751.227753  86
1586667751.242194  85
1586667751.256254  85
1586667751.271051  85
1586667751.285784  85
1586667751.300399  85
1586667751.313893  86
1586667751.328161  85
1586667751.342199  85
1586667751.356108  86
1586667751.370992  86
1586667751.385116  87
1586667751.399043  86
1586667751.412439  87
1586667751.427057  87
1586667751.441746  86
1586667751.456304  86
1586667751.470754  87
1586667751.485081  86
1586667751.500104  86
1586667751.515013  86
1586667751.529673  87
1586667751.543688  87
1586667751.557305  86
1586667751.571576  86
1586667751.585497  86
1586667751.598388  86
1586667751.611028  87
1586667751.624844  86
1586667751.639206  87
1586667751.654036  87
1586667751.668679  86
1586667751.682560  86
1586667751.696747  86
1586667751.710979  86
1586667751.725830  86
1586667751.740465  87
1586667751.753786  87
1586667751.767837  86
1586667751.782334  86
1586667751.796414  86
1586667751.810422  88
1586667751.825420  87
1586667751.840636  88
1586667751.855507  87
1586667751.870468  87
1586667751.885631  87
1586667751.900210  87
1586667751.913419  87
1586667751.927827  87
1586667751.942461  89
1586667751.957936  87
1586667751.971983  87
1586667751.986916  88
1586667752.001535  87
1586667752.015512  87
1586667752.030897  86
1586667752.046018  88
1586667752.060259  87
1586667752.075097  87
1586667752.089131  87
1586667752.102726  88
1586667752.116707  88
1586667752.131543  86
1586667752.146233  89
1586667752.160937  87
1586667752.175194  88
1586667752.188607  87
1586667752.202994  87
1586667752.217127  87
1586667752.231810  87
1586667752.246431  88
1586667752.260556  87
1586667752.273842  89
1586667752.288231  88
1586667752.302447  88
1586667752.315272  89
1586667752.329388  89
1586667752.342969  89
1586667752.357380  88
1586667752.371509  89
1586667752.385497  89
1586667752.400383  90
1586667752.413070  88
1586667752.427409  89
1586667752.442391  89
1586667752.456938  88
1586667752.470954  88
1586667752.484996  88
1586667752.499384  89
1586667752.513017  89
1586667752.527416  88
1586667752.542012  88
1586667752.555974  89
1586667752.570115  88
1586667752.584494  90
1586667752.599742  88
1586667752.614677  88
1586667752.628887  89
1586667752.643818  89
1586667752.658258  88
1586667752.673277  88
1586667752.687394  90
1586667752.702291  88
1586667752.717014  90
1586667752.730919  90
1586667752.744500  90
1586667752.759196  90
1586667752.773653  89
1586667752.788251  89
1586667752.802401  90
1586667752.816735  88
1586667752.831121  90
1586667752.844614  90
1586667752.858517  90
1586667752.872711  89
1586667752.885793  91
1586667752.900846  90
1586667752.914848  90
1586667752.928328  88
1586667752.943318  90
1586667752.957369  90
1586667752.971934  89
1586667752.985365  90
1586667752.999293  90
1586667753.014622  90
1586667753.029161  89
1586667753.043156  89
1586667753.056977  91
1586667753.071675  90
1586667753.085044  89
1586667753.099370  90
1586667753.113917  89
1586667753.128537  90
1586667753.143020  89
1586667753.156300  90
1586667753.170442  89
1586667753.185838  90
1586667753.200432  90
1586667753.214290  91
1586667753.228149  90
1586667753.242783  90
1586667753.257414  91
1586667753.272233  90
1586667753.287028  90
1586667753.299752  91
1586667753.314465  90
1586667753.329085  90
1586667753.343401  90
1586667753.357998  90
1586667753.372886  90
1586667753.386864  91
1586667753.402261  90
1586667753.417039  90
1586667753.431285  90
1586667753.445407  90
1586667753.459864  91
1586667753.474438  90
1586667753.488418  90
1586667753.503228  91
1586667753.517928  91
1586667753.533106  91
1586667753.547526  90
1586667753.562471  92
1586667753.576528  91
1586667753.591369  91
1586667753.606195  91
1586667753.618319  91
1586667753.632392  90
1586667753.647179  92
1586667753.661751  92
1586667753.676168  91
1586667753.690619  91
1586667753.705506  91
1586667753.720257  91
1586667753.735236  92
1586667753.749497  92
1586667753.764189  92
1586667753.777927  91
1586667753.792001  92
1586667753.806816  91
1586667753.819504  91
1586667753.834194  91
1586667753.848005  91
1586667753.862628  93
1586667753.876395  92
1586667753.890678  91
1586667753.905351  91
1586667753.919520  91
1586667753.933482  91
1586667753.947882  91
1586667753.962595  92
1586667753.977880  93
1586667753.992871  91
1586667754.007106  91
1586667754.021191  92
1586667754.034365  92
1586667754.048969  91
1586667754.064269  92
1586667754.078965  91
1586667754.093437  92
1586667754.107270  92
1586667754.121237  93
1586667754.134681  93
1586667754.149448  93
1586667754.164080  94
1586667754.178787  94
1586667754.193702  92
1586667754.206500  92
1586667754.220247  92
1586667754.234642  92
1586667754.248923  92
1586667754.263924  92
1586667754.277670  93
1586667754.292588  92
1586667754.307185  92
1586667754.321988  92
1586667754.336346  93
1586667754.350253  93
1586667754.364607  92
1586667754.379256  93
1586667754.394459  92
1586667754.408901  93
1586667754.423065  93
1586667754.436784  92
1586667754.450538  92
1586667754.465194  93
1586667754.479879  94
1586667754.494166  92
1586667754.508826  92
1586667754.521482  93
1586667754.534472  93
1586667754.549934  93
1586667754.565094  93
1586667754.580005  94
1586667754.594296  93
1586667754.608470  94
1586667754.623861  93
1586667754.638732  93
1586667754.653431  92
1586667754.668705  95
1586667754.683113  94
1586667754.697334  94
1586667754.711743  93
1586667754.725464  93
1586667754.739652  93
1586667754.753956  93
1586667754.768102  94
1586667754.783364  94
1586667754.798193  93
1586667754.813219  93
1586667754.828018  93
1586667754.840692  93
1586667754.853915  94
1586667754.866665  95
1586667754.880691  95
1586667754.894602  93
1586667754.908545  94
1586667754.923412  93
1586667754.937698  94
1586667754.952396  93
1586667754.967090  94
1586667754.981597  95
1586667754.995772  93
1586667755.010388  94
1586667755.024680  93
1586667755.038944  94
1586667755.053648  93
1586667755.067980  95
1586667755.082277  95
1586667755.095699  95
1586667755.109947  95
1586667755.124390  94
1586667755.139422  95
1586667755.153603  94
1586667755.168092  94
1586667755.182453  96
1586667755.195649  95
1586667755.210064  94
1586667755.224548  94
1586667755.239374  95
1586667755.253730  94
1586667755.267608  94
1586667755.281721  95
1586667755.296422  96
1586667755.310725  95
1586667755.325172  95
1586667755.339840  94
1586667755.354315  94
1586667755.369107  94
1586667755.383549  96
1586667755.397818  95
1586667755.412223  94
1586667755.425358  95
1586667755.438375  94
1586667755.451601  95
1586667755.466299  94
1586667755.481482  96
1586667755.496068  96
1586667755.510480  94
1586667755.524600  94
1586667755.539251  96
1586667755.553993  94
1586667755.568803  95
1586667755.583137  96
1586667755.598164  96
1586667755.612563  95
1586667755.626616  95
1586667755.641124  95
1586667755.656341  94
1586667755.670823  95
1586667755.685833  96
1586667755.700139  96
1586667755.714771  95
1586667755.729345  96
1586667755.743478  95
1586667755.757742  95
1586667755.772139  95
1586667755.785540  97
1586667755.800108  97
1586667755.814669  96
1586667755.828743  96
1586667755.843150  96
1586667755.858202  95
1586667755.872585  95
1586667755.886583  97
1586667755.900681  97
1586667755.914786  96
1586667755.929965  95
1586667755.944394  96
1586667755.957637  96
1586667755.971927  95
1586667755.985903  97
1586667756.000442  97
1586667756.014093  96
1586667756.028462  96
1586667756.041786  97
1586667756.054003  96
1586667756.068083  97
1586667756.082258  98
1586667756.094964  97
1586667756.109886  96
1586667756.123783  97
1586667756.138910  97
1586667756.153145  96
1586667756.167851  97
1586667756.182893  97
1586667756.195476  97
1586667756.209435  96
1586667756.223667  97
1586667756.238824  97
1586667756.253049  96
1586667756.267841  96
1586667756.281900  97
1586667756.295930  98
1586667756.310715  97
1586667756.325770  97
1586667756.340523  97
1586667756.354531  97
1586667756.369194  96
1586667756.383585  98
1586667756.398333  97
1586667756.412123  96
1586667756.427222  97
1586667756.441407  96
1586667756.456103  97
1586667756.470780  96
1586667756.486080  97
1586667756.500085  98
1586667756.515123  97
1586667756.530516  97
1586667756.544781  98
1586667756.559071  97
1586667756.573611  97
1586667756.587889  98
1586667756.602530  97
1586667756.615207  97
1586667756.629997  98
1586667756.644545  97
1586667756.658816  97
1586667756.672145  98
1586667756.686440  98
1586667756.701571  98
1586667756.716334  97
1586667756.730292  97
1586667756.745271  97
1586667756.760315  97
1586667756.774541  97
1586667756.788569  99
1586667756.802882  98
1586667756.817784  98
1586667756.831962  99
1586667756.846621  98
1586667756.860396  97
1586667756.874698  97
1586667756.888749  100
1586667756.903491  98
1586667756.918100  97
1586667756.932919  97
1586667756.947432  97
1586667756.961571  97
1586667756.976150  96
1586667756.990109  97
1586667757.004499  97
1586667757.019265  97
1586667757.034240  98
1586667757.048363  97
1586667757.062888  97
1586667757.078013  96
1586667757.092623  99
1586667757.106717  99
1586667757.120529  97
1586667757.135234  96
1586667757.149804  98
1586667757.164821  97
1586667757.179317  98
1586667757.193958  98
1586667757.208648  98
1586667757.223405  97
1586667757.237529  97
1586667757.251406  96
1586667757.265875  96
1586667757.279955  96
1586667757.293770  97
1586667757.306809  98
1586667757.319855  97
1586667757.334726  97
1586667757.349622  96
1586667757.364169  96
1586667757.377276  95
1586667757.390594  90
1586667757.404958  83
1586667757.419395  78
1586667757.433711  74
1586667757.446379  68
1586667757.460705  62
1586667757.474505  56
1586667757.487602  52
1586667757.502544  46
1586667757.516549  46
1586667757.530968  45
1586667757.545517  47
1586667757.559981  47
1586667757.574710  46
1586667757.589405  47
1586667757.603821  47
1586667757.618298  47
1586667757.632672  47
1586667757.646713  47
1586667757.660796  46
1586667757.675280  46
1586667757.689473  47
1586667757.703808  48
1586667757.717479  47
1586667757.731843  46
1586667757.745909  47
1586667757.759167  47
1586667757.773680  46
1586667757.787924  47
1586667757.800673  48
1586667757.815242  48
1586667757.830079  47
1586667757.844051  47
1586667757.857040  47
1586667757.870971  47
1586667757.885368  48
1586667757.900262  49
1586667757.915295  48
1586667757.929561  48
1586667757.944266  48
1586667757.958786  48
1586667757.973113  48
1586667757.987989  49
1586667758.002718  47
1586667758.015773  48
1586667758.030126  48
1586667758.045325  48
1586667758.059742  49
1586667758.073885  48
1586667758.088105  48
1586667758.102363  50
1586667758.115739  49
1586667758.130108  49
1586667758.144849  47
1586667758.159574  47
1586667758.173934  48
1586667758.186985  51
1586667758.201894  49
1586667758.216452  49
1586667758.231365  48
1586667758.245314  49
1586667758.258900  48
1586667758.274554  48
1586667758.289643  49
1586667758.304381  50
1586667758.317688  50
1586667758.332507  50
1586667758.347597  49
1586667758.361671  50
1586667758.375421  49
1586667758.389638  49
1586667758.403689  50
1586667758.417139  50
1586667758.431077  48
1586667758.446054  49
1586667758.460041  49
1586667758.474930  50
1586667758.489440  50
1586667758.504122  50
1586667758.518690  51
1586667758.533356  50
1586667758.547633  49
1586667758.562014  49
1586667758.575906  50
1586667758.590280  50
1586667758.605008  51
1586667758.619665  51
1586667758.634111  51
1586667758.646973  50
1586667758.661855  50
1586667758.675753  50
1586667758.689907  50
1586667758.704403  51
1586667758.718963  53
1586667758.733424  51
1586667758.748009  50
1586667758.762474  51
1586667758.777105  51
1586667758.791108  50
1586667758.805716  52
1586667758.820027  51
1586667758.835233  50
1586667758.849747  50
1586667758.864138  52
1586667758.877187  52
1586667758.892120  52
1586667758.906941  52
1586667758.922367  52
1586667758.937047  51
1586667758.951294  51
1586667758.966223  52
1586667758.980893  50
1586667758.995533  50
1586667759.009610  53
1586667759.024393  54
1586667759.038148  52
1586667759.051748  51
1586667759.066816  51
1586667759.081919  53
1586667759.096569  51
1586667759.110994  52
1586667759.124998  52
1586667759.138552  53
1586667759.152780  52
1586667759.166074  52
1586667759.180074  52
1586667759.194578  52
1586667759.209465  53
1586667759.223466  53
1586667759.237891  52
1586667759.250529  53
1586667759.264899  52
1586667759.278367  53
1586667759.293447  53
1586667759.307140  53
1586667759.322245  54
1586667759.336124  52
1586667759.350614  51
1586667759.364993  53
1586667759.380034  53
1586667759.394600  52
1586667759.410070  55
1586667759.424579  53
1586667759.438402  53
1586667759.452335  53
1586667759.466414  53
1586667759.480944  53
1586667759.495243  54
1586667759.510146  55
1586667759.525038  55
1586667759.538376  53
1586667759.552549  55
1586667759.567154  53
1586667759.581714  55
1586667759.596127  54
1586667759.610812  55
1586667759.624961  55
1586667759.638373  56
1586667759.652601  53
1586667759.666957  54
1586667759.680337  54
1586667759.694529  55
1586667759.707462  54
1586667759.720012  55
1586667759.734417  56
1586667759.748878  54
1586667759.763572  54
1586667759.777396  54
1586667759.791673  54
1586667759.806329  54
1586667759.820760  56
1586667759.835228  55
1586667759.848733  54
1586667759.862931  55
1586667759.876366  55
1586667759.890398  56
1586667759.904747  54
1586667759.919252  56
1586667759.933541  56
1586667759.948108  55
1586667759.962538  55
1586667759.976545  55
1586667759.990507  56
1586667760.005261  55
1586667760.020091  56
1586667760.033448  56
1586667760.047089  55
1586667760.060318  55
1586667760.073015  55
1586667760.087774  56
1586667760.102374  55
1586667760.116720  56
1586667760.139402  57
1586667760.152141  56
1586667760.165976  56
1586667760.178819  56
1586667760.191382  56
1586667760.205407  56
1586667760.218638  57
1586667760.231419  57
1586667760.245507  56
1586667760.259012  58
1586667760.274055  57
1586667760.288633  56
1586667760.303072  56
1586667760.317674  57
1586667760.332399  58
1586667760.346859  56
1586667760.361705  57
1586667760.376185  56
1586667760.390586  57
1586667760.403387  56
1586667760.417807  56
1586667760.432480  57
1586667760.447386  57
1586667760.462106  56
1586667760.476558  57
1586667760.491132  58
1586667760.505460  58
1586667760.519893  58
1586667760.534855  58
1586667760.549530  59
1586667760.564119  58
1586667760.578516  58
1586667760.592262  57
1586667760.606859  56
1586667760.621499  59
1586667760.636023  58
1586667760.650606  60
1586667760.665410  59
1586667760.678759  58
1586667760.693235  56
1586667760.707688  56
1586667760.722734  58
1586667760.737942  58
1586667760.752069  58
1586667760.766276  58
1586667760.779808  58
1586667760.793418  57
1586667760.806672  58
1586667760.820314  58
1586667760.834791  60
1586667760.847552  60
1586667760.860516  58
1586667760.874857  58
1586667760.888508  58
1586667760.903311  59
1586667760.917851  58
1586667760.932410  58
1586667760.947120  59
1586667760.961643  60
1586667760.975953  58
1586667760.988974  57
1586667761.003031  59
1586667761.016945  58
1586667761.031787  59
1586667761.045844  59
1586667761.060497  59
1586667761.075177  59
1586667761.089743  58
1586667761.104146  59
1586667761.118823  60
1586667761.133376  61
1586667761.147172  60
1586667761.162080  60
1586667761.175721  59
1586667761.189625  59
1586667761.204749  59
1586667761.219398  58
1586667761.233316  62
1586667761.247931  60
1586667761.262905  60
1586667761.277423  60
1586667761.291964  60
1586667761.306744  59
1586667761.321651  59
1586667761.336218  59
1586667761.350893  60
1586667761.364998  60
1586667761.379570  60
1586667761.394422  59
1586667761.409140  59
1586667761.422763  59
1586667761.435496  60
1586667761.448442  61
1586667761.461465  61
1586667761.474733  61
1586667761.487575  61
1586667761.500913  60
1586667761.514027  60
1586667761.527280  60
1586667761.540220  62
1586667761.555545  61
1586667761.568785  61
1586667761.583351  61
1586667761.597316  61
1586667761.611502  60
1586667761.625941  60
1586667761.640192  62
1586667761.653707  61
1586667761.670579  61
1586667761.685413  61
1586667761.702713  60
1586667761.717456  60
1586667761.731466  61
1586667761.746541  61
1586667761.762284  62
1586667761.777791  60
1586667761.793889  61
1586667761.807149  61
1586667761.821145  61
1586667761.834945  62
1586667761.849671  61
1586667761.865237  62
1586667761.880197  61
1586667761.894099  62
1586667761.908371  61
1586667761.922222  62
1586667761.938018  62
1586667761.951501  63
1586667761.964925  62
1586667761.978036  61
1586667761.991582  62
1586667762.005042  62
1586667762.018817  61
1586667762.033140  62
1586667762.047718  62
1586667762.062422  62
1586667762.077467  62
1586667762.091692  62
1586667762.104639  62
1586667762.119694  63
1586667762.133944  62
1586667762.148048  63
1586667762.162581  63
1586667762.175656  64
1586667762.189644  63
1586667762.203576  62
1586667762.216992  62
1586667762.230355  63
1586667762.244498  63
1586667762.258380  63
1586667762.274082  64
1586667762.289060  63
1586667762.305829  63
1586667762.321608  62
1586667762.335841  62
1586667762.349399  63
1586667762.363447  64
1586667762.378614  63
1586667762.391972  62
1586667762.408886  65
1586667762.421309  63
1586667762.435254  64
1586667762.447690  63
1586667762.461107  65
1586667762.473684  65
1586667762.487301  65
1586667762.499835  63
1586667762.513669  64
1586667762.528250  63
1586667762.542878  64
1586667762.557713  63
1586667762.571799  65
1586667762.585977  65
1586667762.600419  63
1586667762.614799  63
1586667762.628345  63
1586667762.642164  65
1586667762.655851  65
1586667762.670334  65
1586667762.684807  65
1586667762.699091  65
1586667762.713297  65
1586667762.728105  64
1586667762.742471  66
1586667762.756946  66
1586667762.771236  67
1586667762.785245  66
1586667762.799727  65
1586667762.814141  65
1586667762.828833  64
1586667762.843450  65
1586667762.857471  65
1586667762.870202  66
1586667762.884131  65
1586667762.899169  65
1586667762.913648  64
