2.18
13.4
22.1
20.0
16.8
18.8
20.7
15.3
17.6
17.0
18.9
21.7
22.8
17.8
17.5
16.7
16.5
16.7
19.0
19.6
20.5
20.4
20.7
19.7
21.9
18.8
20.2
20.2
21.5
16.2
21.5
17.3
21.0
17.0
13.1
19.9
21.1
21.4
23.4
20.6
16.6
16.9
19.5
21.5
19.1
19.6
21.7
16.7
17.2
18.0
19.7
16.3
19.2
21.3
12.1
22.5
17.9
20.2
22.8
18.7
21.4
21.1
20.3
20.1
17.3
17.1
12.2
13.9
20.7
21.3
21.9
23.3
18.8
19.0
14.3
21.5
21.9
17.2
12.8
18.2
12.0
14.9
20.8
21.0
16.7
21.2
21.3
21.5
21.9
20.8
19.6
18.8
18.1
17.6
17.2
20.2
24.4
19.4
24.0
19.2
529
669
139
199
194
202
220
187
184
184
182
201
201
201
198
194
198
190
187
193
191
166
177
210
194
152
109
97.1
100
96.2
96.4
90.2
70.1
47.8
49.4
51.5
52.2
62.7
67.1
64.7
66.3
87.4
76.8
79.5
75.2
80.7
83.4
81.1
81.8
86.9
96.2
79.9
91.7
89.6
88.8
49.7
41.9
45.9
50.3
50.6
53.8
54.5
62.3
59.9
62.1
69.5
72.9
67.8
69.0
71.9
74.1
79.9
73.6
78.1
78.1
79.5
81.7
82.5
83.9
76.8
41.4
46.1
47.5
50.6
52.3
55.6
55.5
67.3
74.8
76.6
662
658
652
633
650
644
663
660
670
665
659
656
678
674
659
680
676
673
694
704
677
673
694
692
700
697
709
706
703
701
685
706
704
697
710
718
715
711
709
705
714
711
732
729
725
722
707
726
722
744
740
748
745
734
753
750
734
756
752
749
745
779
776
752
747
744
765
775
771
768
789
786
771
769
789
786
784
792
789
786
784
779
776
786
783
805
801
797
784
802
798
771
673
567
469
370
271
172
73.3
17.6
18.9
11.6
12.5
13.8
16.0
17.8
17.2
11.9
15.1
13.9
14.9
17.5
19.8
11.1
12.4
15.5
16.0
18.5
19.2
10.8
12.4
14.2
15.3
16.9
18.9
19.6
11.8
14.2
15.5
16.2
9.45
11.7
14.3
23.2
27.7
42.5
46.2
42.4
32.9
20.6
11.0
15.5
19.3
21.5
25.9
25.3
25.3
18.4
19.8
25.3
18.2
14.3
15.1
17.6
18.2
11.6
13.8
14.3
19.1
18.8
19.2
21.6
20.1
22.5
35.8
28.1
31.9
25.6
35.9
36.9
35.2
22.3
11.6
21.2
14.2
16.2
8.02
10.5
13.6
15.3
16.0
17.3
9.01
11.5
14.1
15.0
16.8
19.4
17.6
11.2
13.7
15.7
17.1
19.1
20.8
17.7
12.1
13.7
736
767
785
756
773
791
736
758
763
760
757
754
749
756
777
750
748
768
790
774
772
768
789
786
794
791
788
786
782
793
788
786
808
806
802
791
784
807
802
799
805
820
815
813
810
817
815
809
830
827
825
810
807
803
825
821
831
853
848
822
818
845
837
837
854
847
832
829
848
846
843
876
873
868
866
863
872
869
865
861
882
878
863
860
856
878
873
858
879
851
751
651
553
453
353
253
154
54.7
5.17
7.30
8.44
8.85
6.42
7.56
8.60
7.25
10.5
6.56
11.3
9.84
5.92
10.5
5.18
6.12
8.85
8.22
6.47
7.66
7.60
8.15
7.45
6.42
5.70
6.80
8.13
9.40
9.28
6.60
8.22
6.09
7.69
7.58
10.1
7.12
5.88
8.09
5.55
8.45
8.04
6.70
7.86
8.42
6.05
8.17
7.45
6.82
8.19
8.80
4.10
6.49
5.47
6.23
5.10
4.92
7.67
5.11
5.97
3.66
6.56
6.02
7.52
5.80
10.4
11.8
6.58
8.92
16.1
9.90
14.9
14.7
21.2
14.3
17.6
19.5
8.34
16.6
12.8
12.7
8.12
10.4
7.08
9.20
9.42
10.0
7.93
8.56
9.45
8.34
7.30
8.11
7.26
9.77
5.31
5.61
3.08
8.76
9.83
