41.1
43.5
143
220
228
118
105
104
114
114
92.9
60.4
60.0
61.5
66.0
65.9
64.8
68.2
68.2
71.5
75.2
73.4
75.7
81.2
76.8
85.4
80.5
85.9
85.8
87.1
88.9
91.1
89.4
94.3
93.2
93.1
99.1
98.8
100
102
100
109
101
106
110
106
112
114
112
114
112
117
117
117
120
118
118
124
126
124
123
126
122
125
125
127
132
132
132
135
139
136
132
133
136
140
139
139
141
142
142
147
143
146
143
146
149
149
150
152
152
153
152
153
157
156
154
141
91.1
75.8
81.4
82.8
80.5
84.3
85.7
88.9
90.5
90.4
97.1
93.7
98.0
94.1
99.3
103
97.9
99.6
100
106
106
103
107
103
111
112
108
114
117
111
115
116
116
121
121
119
121
126
120
130
133
132
130
129
131
133
132
132
137
137
141
135
135
140
142
140
143
137
144
148
148
149
152
146
147
145
148
148
155
151
152
157
156
155
155
152
155
136
88.2
76.9
81.9
80.8
84.1
83.8
93.2
88.5
86.3
92.0
91.8
95.5
92.5
95.8
96.5
102
100
103
100
98.7
103
106
109
108
114
115
111
108
115
118
113
120
117
123
121
119
122
126
126
127
127
130
128
122
133
130
130
132
130
135
133
135
135
142
139
139
148
143
142
143
146
141
145
148
150
147
156
150
155
151
153
153
155
155
156
158
155
147
97.6
79.6
82.5
83.5
86.6
84.7
87.7
87.6
91.5
93.6
93.2
95.8
94.5
95.9
102
97.8
99.7
106
101
106
104
113
108
110
111
111
111
118
118
115
115
118
115
123
119
119
124
124
130
123
120
131
129
126
130
134
126
135
137
134
135
140
141
140
144
140
143
142
138
144
145
143
148
150
147
145
153
148
151
155
161
157
160
159
157
156
108
78.2
90.4
80.3
86.9
84.5
88.8
85.1
84.2
91.9
92.4
93.2
101
95.5
96.5
97.1
101
100
101
104
115
105
107
104
114
115
110
112
114
121
115
119
119
128
118
120
121
120
128
128
127
129
124
138
133
127
133
137
130
129
138
138
134
137
138
144
141
143
147
146
140
144
143
147
148
146
149
155
146
153
154
155
156
154
155
145
94.0
77.9
84.6
79.7
84.7
84.8
89.6
90.4
90.5
101
92.5
94.0
95.9
95.9
97.3
97.3
101
100
102
106
101
109
111
109
111
113
115
111
108
113
114
119
114
122
118
118
118
117
122
126
124
128
128
131
131
128
129
136
141
137
136
135
141
139
139
140
144
144
142
141
144
144
143
144
151
151
148
147
150
152
161
151
150
153
161
159
156
141
87.8
79.9
85.0
81.2
83.2
86.0
86.1
91.0
90.6
89.8
91.8
97.8
97.5
97.8
100
96.8
101
103
98.5
107
103
107
110
102
112
109
115
109
110
113
117
120
119
122
118
118
122
124
122
125
127
127
127
127
127
133
130
136
133
141
136
144
145
139
145
139
139
140
142
143
140
146
150
152
146
143
148
149
150
158
156
159
154
156
157
159
156
144
93.8
76.5
77.9
89.6
82.7
87.0
86.4
87.1
88.8
90.0
93.5
89.1
97.8
94.8
94.9
97.4
103
98.0
103
108
109
108
108
109
112
115
114
115
114
