1586667440.060515, 0
1586667440.082719, 1
1586667440.097874, 2
1586667440.111177, 0
1586667440.126457, 2
1586667440.143209, 3
1586667440.157844, 5
1586667440.170194, 8
1586667440.187914, 15
1586667440.202088, 18
1586667440.215925, 20
1586667440.230394, 20
1586667440.244022, 24
1586667440.257066, 28
1586667440.272003, 34
1586667440.286891, 39
1586667440.301327, 45
1586667440.316244, 47
1586667440.330674, 52
1586667440.343730, 55
1586667440.357978, 58
1586667440.372189, 60
1586667440.387350, 59
1586667440.402247, 59
1586667440.416387, 60
1586667440.430129, 60
1586667440.443088, 59
1586667440.458277, 60
1586667440.473137, 59
1586667440.487399, 59
1586667440.502452, 59
1586667440.517567, 59
1586667440.532204, 59
1586667440.546959, 59
1586667440.562287, 60
1586667440.576645, 59
1586667440.590933, 58
1586667440.605122, 58
1586667440.619705, 58
1586667440.634444, 58
1586667440.648651, 58
1586667440.663809, 58
1586667440.678418, 59
1586667440.692307, 59
1586667440.705770, 60
1586667440.719314, 60
1586667440.733394, 60
1586667440.747676, 59
1586667440.760803, 60
1586667440.774310, 59
1586667440.789468, 60
1586667440.803532, 60
1586667440.816936, 60
1586667440.830788, 58
1586667440.843627, 58
1586667440.858342, 54
1586667440.873523, 56
1586667440.886748, 58
1586667440.901380, 60
1586667440.915939, 59
1586667440.931023, 60
1586667440.944478, 59
1586667440.958034, 59
1586667440.972346, 59
1586667440.984633, 55
1586667440.999233, 57
1586667441.012045, 59
1586667441.024505, 60
1586667441.038091, 58
1586667441.051730, 56
1586667441.064644, 60
1586667441.079343, 58
1586667441.093838, 57
1586667441.111137, 57
1586667441.124967, 55
1586667441.138244, 59
1586667441.152736, 57
1586667441.166895, 58
1586667441.181376, 58
1586667441.196180, 57
1586667441.210803, 56
1586667441.224525, 60
1586667441.238804, 56
1586667441.252652, 57
1586667441.266716, 55
1586667441.279973, 56
1586667441.292929, 56
1586667441.307624, 57
1586667441.319949, 56
1586667441.332534, 58
1586667441.347096, 55
1586667441.361709, 55
1586667441.375917, 56
1586667441.389718, 53
1586667441.403625, 49
1586667441.418406, 47
1586667441.433060, 44
1586667441.447361, 43
1586667441.460497, 39
1586667441.473169, 35
1586667441.487249, 34
1586667441.501179, 35
1586667441.515239, 33
1586667441.528815, 29
1586667441.543607, 26
1586667441.555891, 20
1586667441.569025, 20
1586667441.582335, 19
1586667441.596745, 19
1586667441.609535, 20
1586667441.622567, 20
1586667441.635568, 20
1586667441.649235, 18
1586667441.663638, 18
1586667441.677733, 17
1586667441.692150, 17
1586667441.706940, 20
1586667441.719369, 21
1586667441.735613, 21
1586667441.748178, 19
1586667441.763131, 18
1586667441.777034, 18
1586667441.792200, 18
1586667441.805907, 19
1586667441.819763, 21
1586667441.834824, 20
1586667441.849232, 20
1586667441.863669, 20
1586667441.876884, 20
1586667441.891024, 19
1586667441.905605, 21
1586667441.918384, 21
1586667441.931742, 20
1586667441.944792, 21
1586667441.958124, 20
1586667441.971120, 21
1586667441.985318, 21
1586667441.999663, 20
1586667442.012624, 23
1586667442.026496, 22
1586667442.041267, 22
1586667442.053752, 22
1586667442.068181, 20
1586667442.083261, 21
1586667442.097422, 21
1586667442.112999, 24
1586667442.127837, 22
1586667442.142690, 22
1586667442.157230, 22
1586667442.172142, 21
1586667442.185826, 21
1586667442.200517, 21
1586667442.215571, 23
1586667442.230169, 22
1586667442.243008, 23
1586667442.256783, 23
1586667442.269987, 23
1586667442.282494, 23
1586667442.296817, 24
1586667442.315890, 25
1586667442.329874, 25
1586667442.342697, 24
1586667442.357177, 24
1586667442.371895, 24
1586667442.386438, 23
1586667442.399935, 24
1586667442.414008, 24
1586667442.428418, 24
1586667442.442967, 24
1586667442.458524, 25
1586667442.471942, 24
1586667442.486208, 25
1586667442.499161, 25
1586667442.513532, 25
1586667442.527469, 25
1586667442.542091, 26
1586667442.556055, 25
1586667442.569752, 24
1586667442.584211, 24
1586667442.598971, 24
1586667442.613652, 25
1586667442.628003, 26
1586667442.642225, 26
1586667442.656933, 26
1586667442.670683, 25
1586667442.683816, 25
1586667442.696240, 26
1586667442.710348, 25
1586667442.725080, 27
1586667442.742900, 27
1586667442.757442, 27
1586667442.772241, 26
1586667442.787384, 25
1586667442.801844, 26
1586667442.816219, 27
1586667442.831239, 27
1586667442.843812, 27
1586667442.859122, 27
1586667442.873685, 26
1586667442.888227, 26
1586667442.904453, 27
1586667442.917964, 27
1586667442.932972, 28
1586667442.947298, 29
1586667442.959627, 29
1586667442.972186, 28
1586667442.986785, 28
1586667443.000371, 27
1586667443.014991, 27
1586667443.027616, 28
1586667443.041860, 29
1586667443.055658, 29
1586667443.068667, 29
1586667443.081219, 28
1586667443.095883, 28
1586667443.109442, 28
1586667443.122380, 29
1586667443.135231, 30
1586667443.149757, 30
1586667443.162708, 30
1586667443.177142, 29
1586667443.190503, 29
1586667443.204191, 28
1586667443.216946, 29
1586667443.231869, 29
1586667443.246992, 29
1586667443.261584, 29
1586667443.275250, 29
1586667443.290690, 28
1586667443.304801, 31
1586667443.319806, 30
1586667443.334298, 30
1586667443.348959, 29
1586667443.363717, 30
1586667443.378216, 29
1586667443.391993, 30
1586667443.406893, 29
1586667443.421289, 31
1586667443.436175, 31
1586667443.451025, 32
1586667443.465624, 31
1586667443.479690, 31
1586667443.493474, 29
1586667443.506714, 31
1586667443.519917, 31
1586667443.534971, 31
1586667443.547494, 32
1586667443.560888, 31
1586667443.574889, 30
1586667443.590778, 30
1586667443.607707, 31
1586667443.621834, 32
1586667443.635003, 32
1586667443.649249, 33
1586667443.663966, 32
1586667443.677565, 32
1586667443.690376, 31
1586667443.704526, 31
1586667443.718100, 32
1586667443.731047, 33
1586667443.745553, 32
1586667443.757766, 33
1586667443.771798, 33
1586667443.786242, 34
1586667443.800127, 33
1586667443.814856, 32
1586667443.827254, 33
1586667443.842488, 32
1586667443.856815, 35
1586667443.871609, 34
1586667443.884950, 33
1586667443.899462, 32
1586667443.914888, 32
1586667443.927489, 33
1586667443.940429, 32
1586667443.955644, 33
1586667443.968484, 34
1586667443.982150, 33
1586667443.994671, 34
1586667444.010198, 32
1586667444.025016, 34
1586667444.037994, 35
1586667444.052402, 34
1586667444.066433, 34
1586667444.079184, 34
1586667444.091820, 35
1586667444.105692, 33
1586667444.120898, 34
1586667444.136726, 34
1586667444.151474, 34
1586667444.169015, 35
1586667444.182125, 36
1586667444.196771, 36
1586667444.210267, 35
1586667444.225394, 36
1586667444.239204, 35
1586667444.253044, 36
1586667444.267096, 36
1586667444.281499, 35
1586667444.294951, 35
1586667444.309240, 34
1586667444.323874, 36
1586667444.337847, 35
1586667444.352463, 36
1586667444.364528, 36
1586667444.377518, 37
1586667444.392115, 37
1586667444.405874, 35
1586667444.420183, 37
1586667444.434607, 36
1586667444.448921, 37
1586667444.464022, 36
1586667444.480228, 36
1586667444.494170, 35
1586667444.507161, 35
1586667444.522618, 38
1586667444.537160, 37
1586667444.550253, 37
1586667444.563400, 38
1586667444.577804, 37
1586667444.591791, 37
1586667444.606058, 37
1586667444.618406, 37
1586667444.633296, 38
1586667444.647570, 37
1586667444.661178, 38
1586667444.674917, 37
1586667444.687472, 37
1586667444.701880, 38
1586667444.719276, 36
1586667444.735521, 36
1586667444.748191, 37
1586667444.761090, 37
1586667444.776303, 38
1586667444.790901, 39
1586667444.803580, 38
1586667444.818089, 37
1586667444.831690, 39
1586667444.844258, 39
1586667444.858446, 37
1586667444.872438, 39
1586667444.886382, 38
1586667444.900830, 38
1586667444.915635, 37
1586667444.930479, 40
1586667444.943343, 39
1586667444.956015, 38
1586667444.968184, 38
1586667444.982570, 38
1586667444.997829, 39
1586667445.012915, 40
1586667445.027095, 38
1586667445.041153, 39
1586667445.055313, 40
1586667445.069197, 39
1586667445.083799, 39
1586667445.098904, 39
1586667445.113540, 40
1586667445.128018, 38
1586667445.142883, 38
1586667445.158555, 39
1586667445.173396, 40
1586667445.187083, 40
1586667445.201662, 39
1586667445.215600, 41
1586667445.230655, 40
1586667445.246213, 41
1586667445.260846, 40
1586667445.275170, 41
1586667445.289285, 41
1586667445.303449, 41
1586667445.319690, 40
1586667445.335982, 41
1586667445.350078, 40
1586667445.367250, 39
1586667445.381346, 40
1586667445.395508, 40
1586667445.409698, 40
1586667445.424224, 39
1586667445.438933, 41
1586667445.453988, 41
1586667445.468199, 41
1586667445.482332, 42
1586667445.496601, 41
1586667445.510771, 41
1586667445.525345, 41
1586667445.539691, 41
1586667445.552724, 42
1586667445.566912, 43
1586667445.579497, 41
1586667445.594346, 41
1586667445.607345, 41
1586667445.620295, 42
1586667445.633531, 41
1586667445.648178, 41
1586667445.662559, 43
1586667445.676845, 42
1586667445.689600, 43
1586667445.704062, 42
1586667445.719193, 43
1586667445.732883, 44
1586667445.748005, 43
1586667445.763040, 42
1586667445.775619, 43
1586667445.790290, 43
1586667445.804601, 44
1586667445.818319, 43
1586667445.832189, 43
1586667445.845605, 42
1586667445.859558, 42
1586667445.872224, 43
1586667445.886931, 42
1586667445.901760, 42
1586667445.920209, 43
1586667445.936227, 42
1586667445.949107, 44
1586667445.962643, 43
1586667445.976673, 43
1586667445.991169, 43
1586667446.005383, 43
1586667446.019529, 44
1586667446.032626, 43
1586667446.047117, 44
1586667446.061911, 44
1586667446.075885, 45
1586667446.088539, 45
1586667446.101312, 44
1586667446.114042, 45
1586667446.128150, 44
1586667446.140792, 45
1586667446.155796, 43
1586667446.170584, 44
1586667446.184356, 44
1586667446.198014, 44
1586667446.210907, 44
1586667446.223420, 45
1586667446.237430, 45
1586667446.252371, 44
1586667446.267899, 44
1586667446.280623, 44
1586667446.293545, 44
1586667446.306521, 45
1586667446.319591, 45
1586667446.332556, 44
1586667446.345476, 45
1586667446.359866, 45
1586667446.373042, 44
1586667446.385933, 45
1586667446.398930, 45
1586667446.412933, 46
1586667446.426010, 45
1586667446.439106, 45
1586667446.452271, 47
1586667446.465263, 46
1586667446.478342, 45
1586667446.491091, 45
1586667446.506138, 45
1586667446.522595, 45
1586667446.538323, 45
1586667446.550695, 47
1586667446.563705, 45
1586667446.577303, 46
1586667446.590367, 46
1586667446.603412, 46
1586667446.616125, 47
1586667446.629279, 47
1586667446.642276, 46
1586667446.654997, 46
1586667446.667773, 46
1586667446.680829, 47
1586667446.694627, 46
1586667446.707230, 45
1586667446.720145, 46
1586667446.732970, 45
1586667446.746150, 45
1586667446.759298, 47
1586667446.772345, 47
1586667446.786299, 46
1586667446.799371, 46
1586667446.812730, 46
1586667446.825655, 46
1586667446.838263, 45
1586667446.851074, 47
1586667446.864358, 46
1586667446.876805, 47
1586667446.890118, 48
1586667446.903334, 47
1586667446.916162, 48
1586667446.930028, 47
1586667446.942831, 47
1586667446.955903, 47
1586667446.968583, 48
1586667446.981776, 47
1586667446.994642, 46
1586667447.007327, 48
1586667447.020398, 48
1586667447.033660, 47
1586667447.046412, 49
1586667447.059587, 49
1586667447.073077, 47
1586667447.085507, 47
1586667447.098139, 48
1586667447.110959, 48
1586667447.124774, 48
1586667447.138369, 48
1586667447.153159, 49
1586667447.166003, 50
1586667447.179977, 49
1586667447.193058, 49
1586667447.206307, 48
1586667447.219170, 49
1586667447.233205, 48
1586667447.246524, 48
1586667447.260749, 48
1586667447.274834, 47
1586667447.287528, 48
1586667447.300482, 48
1586667447.313800, 49
1586667447.328561, 49
1586667447.343219, 48
1586667447.357851, 50
1586667447.371241, 50
1586667447.385499, 49
1586667447.399746, 49
1586667447.413707, 49
1586667447.426489, 50
1586667447.440466, 49
1586667447.455050, 50
1586667447.467998, 51
1586667447.482364, 49
1586667447.497680, 49
1586667447.510908, 50
1586667447.525699, 50
1586667447.540254, 49
1586667447.554910, 50
1586667447.569409, 50
1586667447.582616, 50
1586667447.597242, 50
1586667447.611661, 50
1586667447.626111, 49
1586667447.640841, 49
1586667447.655667, 50
1586667447.669771, 51
1586667447.684645, 50
1586667447.699290, 50
1586667447.713405, 50
1586667447.726850, 50
1586667447.739595, 51
1586667447.753466, 50
1586667447.767516, 51
1586667447.781997, 51
1586667447.796711, 51
1586667447.809257, 50
1586667447.823647, 51
1586667447.837543, 50
1586667447.850148, 51
1586667447.864050, 53
1586667447.878437, 51
1586667447.891904, 50
1586667447.904508, 51
1586667447.918521, 50
1586667447.933268, 52
1586667447.947473, 50
1586667447.962081, 52
1586667447.975851, 53
1586667447.989871, 51
1586667448.004414, 50
1586667448.018576, 52
1586667448.031998, 52
1586667448.046266, 50
1586667448.061080, 51
1586667448.073650, 53
1586667448.088550, 51
1586667448.102268, 52
1586667448.115898, 51
1586667448.130687, 52
1586667448.145751, 53
1586667448.160003, 52
1586667448.172426, 53
1586667448.186632, 51
1586667448.200773, 52
1586667448.215814, 52
1586667448.229737, 51
1586667448.244762, 53
1586667448.258164, 53
1586667448.271327, 53
1586667448.285260, 52
1586667448.299967, 53
1586667448.313977, 53
1586667448.327051, 52
1586667448.340315, 53
1586667448.353364, 53
1586667448.368097, 54
1586667448.384977, 53
1586667448.399992, 52
1586667448.414471, 52
1586667448.428913, 54
1586667448.442814, 53
1586667448.457003, 53
1586667448.471262, 54
1586667448.486701, 55
1586667448.501265, 53
1586667448.515657, 53
1586667448.528931, 53
1586667448.541754, 54
1586667448.556271, 53
1586667448.570030, 54
1586667448.584844, 54
1586667448.599182, 53
1586667448.613797, 53
1586667448.628241, 53
1586667448.642852, 54
1586667448.655712, 54
1586667448.670656, 54
1586667448.685716, 54
1586667448.698403, 55
1586667448.712953, 53
1586667448.727232, 54
1586667448.740906, 53
1586667448.753939, 55
1586667448.768051, 54
1586667448.782508, 56
1586667448.795297, 53
1586667448.810337, 55
1586667448.825370, 54
1586667448.839989, 53
1586667448.853906, 54
1586667448.867923, 56
1586667448.881308, 55
1586667448.894194, 54
1586667448.907106, 55
1586667448.925687, 55
1586667448.938679, 54
1586667448.953294, 54
1586667448.965745, 55
1586667448.979415, 56
1586667448.991783, 55
1586667449.006126, 55
1586667449.020940, 55
1586667449.033717, 55
1586667449.048299, 55
1586667449.063161, 54
1586667449.077227, 56
1586667449.090562, 56
1586667449.105625, 55
1586667449.119010, 56
1586667449.131999, 56
1586667449.144708, 55
1586667449.157247, 55
1586667449.170445, 56
1586667449.183227, 56
1586667449.195598, 56
1586667449.209883, 56
1586667449.224450, 54
1586667449.237136, 55
1586667449.250846, 57
1586667449.264321, 57
1586667449.277539, 56
1586667449.290798, 57
1586667449.304734, 57
1586667449.319622, 57
1586667449.332657, 56
1586667449.345674, 55
1586667449.358513, 55
1586667449.371385, 57
1586667449.384598, 57
1586667449.398794, 57
1586667449.412519, 56
1586667449.425850, 57
1586667449.438844, 57
1586667449.453191, 55
1586667449.467674, 57
1586667449.480606, 57
1586667449.493163, 58
1586667449.506101, 56
1586667449.521798, 56
1586667449.537403, 56
1586667449.550346, 55
1586667449.563155, 57
1586667449.576039, 57
1586667449.589406, 59
1586667449.602329, 59
1586667449.615839, 57
1586667449.628530, 57
1586667449.641770, 58
1586667449.654668, 57
1586667449.667327, 57
1586667449.681552, 58
1586667449.695027, 58
1586667449.707761, 58
1586667449.720782, 56
1586667449.733831, 56
1586667449.746712, 57
1586667449.759691, 57
1586667449.772965, 59
1586667449.785885, 57
1586667449.798593, 59
1586667449.811409, 57
1586667449.824592, 57
1586667449.837323, 57
1586667449.851644, 57
1586667449.865112, 59
1586667449.879568, 59
1586667449.892489, 59
1586667449.905883, 58
1586667449.918585, 58
1586667449.931544, 59
1586667449.944667, 58
1586667449.957559, 57
1586667449.970538, 59
1586667449.984030, 60
1586667449.996774, 58
1586667450.009374, 57
1586667450.021824, 58
1586667450.035086, 57
1586667450.049296, 58
1586667450.063127, 57
1586667450.076150, 58
1586667450.090312, 58
1586667450.103321, 59
1586667450.116138, 57
1586667450.129306, 56
1586667450.141986, 58
1586667450.156073, 57
1586667450.170247, 58
1586667450.186667, 59
1586667450.200463, 58
1586667450.214575, 58
1586667450.229026, 57
1586667450.243753, 56
1586667450.258376, 57
1586667450.272597, 57
1586667450.286625, 55
1586667450.301372, 49
1586667450.314724, 45
1586667450.327429, 40
1586667450.342022, 33
1586667450.356368, 27
1586667450.370505, 26
1586667450.382695, 26
1586667450.396744, 26
1586667450.411691, 26
1586667450.426323, 27
1586667450.440963, 26
1586667450.454664, 26
1586667450.469965, 26
1586667450.484228, 27
1586667450.498513, 27
1586667450.512752, 26
1586667450.527054, 27
1586667450.541770, 27
1586667450.556184, 27
1586667450.570609, 27
1586667450.584474, 28
1586667450.598464, 28
1586667450.613009, 28
1586667450.627399, 27
1586667450.643043, 27
1586667450.657896, 28
1586667450.672383, 27
1586667450.686864, 27
1586667450.700879, 29
1586667450.716596, 28
1586667450.729779, 29
1586667450.744182, 28
1586667450.756905, 28
1586667450.769437, 27
1586667450.785227, 29
1586667450.798007, 29
1586667450.810815, 29
1586667450.825591, 29
1586667450.839340, 30
1586667450.853876, 28
1586667450.867681, 28
1586667450.880619, 31
1586667450.894752, 31
1586667450.907817, 30
1586667450.922343, 30
1586667450.934744, 29
1586667450.949003, 29
1586667450.963485, 29
1586667450.978172, 29
1586667450.992410, 30
1586667451.006767, 32
1586667451.021264, 30
1586667451.035300, 31
1586667451.049932, 31
1586667451.062504, 30
1586667451.077527, 30
1586667451.091612, 30
1586667451.104398, 32
1586667451.118921, 32
1586667451.132041, 31
1586667451.146352, 32
1586667451.160474, 30
1586667451.175109, 30
1586667451.187730, 30
1586667451.200536, 32
1586667451.215589, 31
1586667451.230595, 31
1586667451.245679, 32
1586667451.260312, 30
1586667451.276437, 32
1586667451.288821, 32
1586667451.303456, 32
1586667451.318178, 32
1586667451.332645, 33
1586667451.345712, 33
1586667451.360241, 33
1586667451.373511, 31
1586667451.389859, 33
1586667451.402724, 33
1586667451.416777, 32
1586667451.430659, 32
1586667451.444527, 34
1586667451.458928, 34
1586667451.472955, 33
1586667451.489178, 33
1586667451.502573, 33
1586667451.517351, 34
1586667451.531824, 34
1586667451.544534, 34
1586667451.559151, 33
1586667451.573633, 33
1586667451.586367, 33
1586667451.601279, 33
1586667451.615374, 34
1586667451.630092, 35
1586667451.644144, 34
1586667451.658659, 33
1586667451.673387, 34
1586667451.691038, 34
1586667451.704726, 34
1586667451.718527, 34
1586667451.732696, 34
1586667451.746740, 35
1586667451.761449, 34
1586667451.775369, 33
1586667451.789271, 35
1586667451.802870, 35
1586667451.816759, 35
1586667451.831220, 34
1586667451.844978, 36
1586667451.859154, 35
1586667451.874048, 34
1586667451.888957, 35
1586667451.902836, 35
1586667451.916533, 35
1586667451.928625, 34
1586667451.941679, 36
1586667451.955252, 35
1586667451.969222, 35
1586667451.984172, 34
1586667451.997536, 36
1586667452.012081, 35
1586667452.026696, 37
1586667452.041216, 36
1586667452.053917, 35
1586667452.068688, 37
1586667452.082476, 36
1586667452.095314, 37
1586667452.109736, 35
1586667452.124158, 36
1586667452.138595, 37
1586667452.152595, 36
1586667452.167478, 36
1586667452.181686, 37
1586667452.196232, 36
1586667452.210945, 36
1586667452.224978, 36
1586667452.238638, 38
1586667452.252757, 37
1586667452.266938, 38
1586667452.281583, 36
1586667452.295192, 38
1586667452.308142, 37
1586667452.321209, 38
1586667452.335802, 37
1586667452.351046, 38
1586667452.365175, 38
1586667452.379847, 36
1586667452.392620, 38
1586667452.407040, 37
1586667452.421925, 37
1586667452.434980, 38
1586667452.449587, 39
1586667452.464384, 38
1586667452.477436, 39
1586667452.490747, 37
1586667452.504485, 38
1586667452.517661, 39
1586667452.531507, 38
1586667452.545426, 38
1586667452.560065, 38
1586667452.574663, 39
1586667452.588796, 37
1586667452.601402, 38
1586667452.615146, 38
1586667452.629380, 39
1586667452.643227, 37
1586667452.658369, 38
1586667452.671714, 40
1586667452.684976, 38
1586667452.698121, 40
1586667452.711488, 39
1586667452.725970, 39
1586667452.740759, 40
1586667452.754423, 40
1586667452.767093, 38
1586667452.779866, 40
1586667452.794406, 39
1586667452.808258, 39
1586667452.822835, 38
1586667452.838166, 40
1586667452.852668, 40
1586667452.866140, 39
1586667452.879596, 40
1586667452.892233, 40
1586667452.906297, 40
1586667452.919422, 40
1586667452.932667, 40
1586667452.946485, 40
1586667452.959396, 41
1586667452.973216, 41
1586667452.986039, 40
1586667453.000021, 40
1586667453.013008, 40
1586667453.026858, 40
1586667453.039637, 40
1586667453.052405, 41
1586667453.065226, 41
1586667453.079112, 40
1586667453.093353, 42
1586667453.108043, 42
1586667453.120857, 41
1586667453.134470, 42
1586667453.148205, 41
1586667453.161969, 41
1586667453.175642, 43
1586667453.189834, 42
1586667453.204601, 42
1586667453.218682, 42
1586667453.232517, 43
1586667453.246712, 43
1586667453.259247, 41
1586667453.273582, 41
1586667453.288076, 41
1586667453.302830, 41
1586667453.317811, 42
1586667453.332745, 42
1586667453.347649, 43
1586667453.361974, 42
1586667453.375885, 41
1586667453.388891, 42
1586667453.403940, 43
1586667453.418467, 43
1586667453.432582, 41
1586667453.447946, 43
1586667453.462527, 42
1586667453.475237, 42
1586667453.488112, 42
1586667453.503343, 43
1586667453.517719, 43
1586667453.532130, 42
1586667453.545261, 43
1586667453.560188, 44
1586667453.574347, 43
1586667453.586819, 44
1586667453.600032, 43
1586667453.613944, 44
1586667453.626412, 44
1586667453.639373, 44
1586667453.654112, 43
1586667453.668369, 44
1586667453.681754, 44
1586667453.696044, 43
1586667453.708706, 46
1586667453.723124, 43
1586667453.738097, 43
1586667453.752554, 43
1586667453.765114, 43
1586667453.778991, 43
1586667453.792821, 44
1586667453.807000, 44
1586667453.821629, 44
1586667453.835376, 45
1586667453.849907, 45
1586667453.863106, 45
1586667453.877613, 44
1586667453.891146, 44
1586667453.905587, 45
1586667453.919773, 44
1586667453.933946, 45
1586667453.947575, 44
1586667453.961735, 44
1586667453.974529, 45
1586667453.989121, 45
1586667454.001767, 45
1586667454.016492, 44
1586667454.030750, 45
1586667454.045047, 45
1586667454.059155, 45
1586667454.073404, 46
1586667454.086129, 45
1586667454.099347, 45
1586667454.113769, 45
1586667454.127871, 45
1586667454.142035, 46
1586667454.155704, 44
1586667454.169646, 45
1586667454.184229, 45
1586667454.197282, 46
1586667454.211590, 46
1586667454.225259, 46
1586667454.239582, 45
1586667454.253300, 45
1586667454.267129, 47
1586667454.281539, 46
1586667454.295395, 46
1586667454.310737, 46
1586667454.325899, 47
1586667454.338792, 46
1586667454.353868, 46
1586667454.367734, 47
1586667454.382724, 45
1586667454.397074, 46
1586667454.411926, 46
1586667454.426796, 48
1586667454.441471, 47
1586667454.456049, 46
1586667454.470236, 47
1586667454.484811, 46
1586667454.499795, 47
1586667454.514208, 46
1586667454.528582, 47
1586667454.542854, 46
1586667454.556903, 48
1586667454.571681, 47
1586667454.586521, 47
1586667454.601386, 48
1586667454.615971, 48
1586667454.629212, 48
1586667454.643631, 47
1586667454.656893, 48
1586667454.670928, 47
1586667454.684749, 48
1586667454.697586, 47
1586667454.710167, 48
1586667454.724057, 49
1586667454.738186, 48
1586667454.752782, 48
1586667454.765936, 47
1586667454.780328, 48
1586667454.795538, 48
1586667454.809263, 48
1586667454.822582, 49
1586667454.837100, 49
1586667454.851805, 48
1586667454.866367, 48
1586667454.879209, 48
1586667454.892919, 48
1586667454.907137, 48
1586667454.920955, 50
1586667454.935472, 50
1586667454.948106, 49
1586667454.961586, 48
1586667454.975200, 49
1586667454.990243, 49
1586667455.002984, 49
1586667455.016273, 49
1586667455.030227, 49
1586667455.044220, 49
1586667455.057854, 49
1586667455.072617, 49
1586667455.085776, 50
1586667455.099725, 49
1586667455.113793, 49
1586667455.126777, 51
1586667455.141070, 49
1586667455.153557, 49
1586667455.166827, 49
1586667455.181635, 50
1586667455.196524, 50
1586667455.209600, 50
1586667455.223600, 51
1586667455.238061, 51
1586667455.253296, 49
1586667455.268514, 51
1586667455.285128, 50
1586667455.299900, 50
1586667455.314619, 49
1586667455.329615, 52
1586667455.344522, 50
1586667455.359807, 51
1586667455.374309, 50
1586667455.389233, 50
1586667455.403439, 50
1586667455.417107, 50
1586667455.431121, 52
1586667455.446050, 51
1586667455.460634, 50
1586667455.474358, 50
1586667455.488547, 50
1586667455.502935, 51
1586667455.517188, 51
1586667455.531129, 51
1586667455.545814, 50
1586667455.559979, 51
1586667455.574453, 50
1586667455.589382, 51
1586667455.603972, 51
1586667455.618367, 51
1586667455.632703, 52
1586667455.646632, 51
1586667455.661213, 52
1586667455.674707, 51
1586667455.689156, 50
1586667455.703709, 52
1586667455.717737, 52
1586667455.731963, 52
1586667455.745882, 53
1586667455.760363, 52
1586667455.774425, 52
1586667455.788892, 51
1586667455.804203, 51
1586667455.818677, 52
1586667455.832551, 53
1586667455.846821, 52
1586667455.862103, 52
1586667455.876756, 52
1586667455.889348, 53
1586667455.903941, 52
1586667455.917389, 52
1586667455.931854, 53
1586667455.946224, 54
1586667455.959486, 53
1586667455.973433, 52
1586667455.987232, 53
1586667456.001729, 53
1586667456.017150, 52
1586667456.032307, 54
1586667456.045814, 54
1586667456.060238, 53
1586667456.074530, 53
1586667456.088431, 52
1586667456.100552, 52
1586667456.114423, 54
1586667456.129185, 53
1586667456.144002, 53
1586667456.159145, 52
1586667456.173484, 53
1586667456.186704, 52
1586667456.200504, 54
1586667456.214945, 53
1586667456.229522, 55
1586667456.243934, 54
1586667456.256921, 54
1586667456.272547, 54
1586667456.288640, 54
1586667456.302738, 53
1586667456.315711, 54
1586667456.330138, 54
1586667456.344540, 56
1586667456.357357, 56
1586667456.371655, 54
1586667456.386145, 54
1586667456.401193, 55
1586667456.416009, 54
1586667456.430960, 55
1586667456.445229, 55
1586667456.459696, 56
1586667456.472278, 54
1586667456.486457, 56
1586667456.501171, 55
1586667456.515108, 54
1586667456.530092, 54
1586667456.542778, 56
1586667456.555907, 55
1586667456.570243, 55
1586667456.582549, 54
1586667456.596836, 55
1586667456.609474, 54
1586667456.624486, 55
1586667456.638290, 55
1586667456.652377, 55
1586667456.667120, 55
1586667456.681049, 56
1586667456.694893, 55
1586667456.709353, 55
1586667456.723678, 54
1586667456.736815, 57
1586667456.749721, 56
1586667456.762743, 56
1586667456.775565, 55
1586667456.790380, 56
1586667456.804203, 55
1586667456.816840, 54
1586667456.829098, 54
1586667456.841874, 57
1586667456.856029, 55
1586667456.870584, 55
1586667456.884753, 55
1586667456.899978, 56
1586667456.914677, 55
1586667456.929079, 55
1586667456.943521, 57
1586667456.959208, 57
1586667456.974051, 55
1586667456.988677, 55
1586667457.002945, 57
1586667457.017626, 57
1586667457.031675, 56
1586667457.046071, 57
1586667457.058858, 57
1586667457.073505, 56
1586667457.087870, 56
1586667457.101409, 56
1586667457.115901, 57
1586667457.131095, 56
1586667457.145113, 57
1586667457.159775, 58
1586667457.174602, 57
1586667457.188980, 56
1586667457.203097, 56
1586667457.217863, 56
1586667457.231089, 58
1586667457.245240, 58
1586667457.259625, 58
1586667457.272338, 58
1586667457.287069, 57
1586667457.300424, 58
1586667457.313398, 57
1586667457.327245, 57
1586667457.339958, 57
1586667457.353930, 58
1586667457.368608, 58
1586667457.381136, 57
1586667457.394670, 57
1586667457.408405, 58
1586667457.422068, 57
1586667457.435749, 57
1586667457.448973, 59
1586667457.461530, 58
1586667457.475713, 58
1586667457.488806, 58
1586667457.501667, 58
1586667457.515695, 58
1586667457.528382, 56
1586667457.541510, 58
1586667457.556046, 60
1586667457.568963, 59
1586667457.581710, 58
1586667457.596707, 58
1586667457.610957, 59
1586667457.625725, 59
1586667457.640679, 58
1586667457.655218, 58
1586667457.668125, 59
1586667457.681463, 59
1586667457.694222, 58
1586667457.709164, 58
1586667457.721814, 58
1586667457.736000, 59
1586667457.750432, 59
1586667457.764370, 58
1586667457.778634, 59
1586667457.792634, 59
1586667457.807330, 58
1586667457.821710, 58
1586667457.836072, 58
1586667457.850669, 60
1586667457.866185, 58
1586667457.881288, 58
1586667457.895162, 58
1586667457.908831, 58
1586667457.923122, 58
1586667457.935904, 57
1586667457.948862, 59
1586667457.962554, 59
1586667457.976159, 59
1586667457.990643, 58
1586667458.004756, 58
1586667458.018503, 59
1586667458.031176, 58
1586667458.045725, 60
1586667458.060409, 59
1586667458.075628, 59
1586667458.090423, 59
1586667458.105285, 57
1586667458.119591, 57
1586667458.133862, 58
1586667458.147626, 57
1586667458.162495, 51
1586667458.176490, 46
1586667458.190502, 42
1586667458.202995, 36
1586667458.217125, 32
1586667458.230362, 27
1586667458.244100, 25
1586667458.257575, 27
1586667458.270135, 27
1586667458.284331, 26
1586667458.299162, 26
1586667458.313471, 27
1586667458.327180, 27
1586667458.341574, 27
1586667458.354911, 28
1586667458.368232, 28
1586667458.382954, 26
1586667458.397356, 28
1586667458.411885, 28
1586667458.425634, 27
1586667458.438840, 27
1586667458.453935, 28
1586667458.466590, 29
1586667458.480864, 28
1586667458.494324, 27
1586667458.506871, 29
1586667458.521496, 28
1586667458.535352, 27
1586667458.549283, 27
1586667458.562588, 28
1586667458.577112, 29
1586667458.591134, 29
1586667458.603509, 29
1586667458.617427, 28
1586667458.632189, 28
1586667458.645919, 28
1586667458.658824, 29
1586667458.671954, 29
1586667458.685978, 30
1586667458.700416, 30
1586667458.713633, 29
1586667458.728212, 29
1586667458.742715, 30
1586667458.756707, 30
1586667458.770312, 30
1586667458.785653, 29
1586667458.799781, 29
1586667458.813978, 31
1586667458.828530, 30
1586667458.842244, 30
1586667458.858562, 30
1586667458.873398, 30
1586667458.888519, 30
1586667458.901712, 30
1586667458.914491, 30
1586667458.929736, 31
1586667458.944321, 31
1586667458.956918, 31
1586667458.970766, 32
1586667458.984859, 31
1586667458.998130, 31
1586667459.012607, 31
1586667459.026931, 30
1586667459.041387, 31
1586667459.054134, 31
1586667459.069924, 31
1586667459.083824, 31
1586667459.096290, 32
1586667459.111148, 31
1586667459.126110, 31
1586667459.140087, 31
1586667459.152695, 31
1586667459.164964, 31
1586667459.177730, 32
1586667459.191611, 32
1586667459.206190, 32
1586667459.220746, 32
1586667459.235001, 31
1586667459.250504, 31
1586667459.262964, 33
1586667459.277631, 32
1586667459.292242, 32
1586667459.307665, 33
1586667459.322835, 34
1586667459.337404, 32
1586667459.351424, 32
1586667459.363836, 34
1586667459.377612, 33
1586667459.391851, 33
1586667459.406283, 33
1586667459.420334, 33
1586667459.434366, 32
1586667459.450525, 31
1586667459.463149, 33
1586667459.477671, 34
1586667459.492467, 34
1586667459.507340, 33
1586667459.521928, 34
1586667459.536440, 33
1586667459.550761, 33
1586667459.563770, 34
1586667459.577999, 34
1586667459.591742, 35
1586667459.605845, 33
1586667459.620154, 35
1586667459.634420, 34
1586667459.649833, 33
1586667459.663381, 34
1586667459.678378, 35
1586667459.693503, 36
1586667459.708246, 36
1586667459.722071, 35
1586667459.736111, 35
1586667459.750467, 34
1586667459.764621, 35
1586667459.778999, 35
1586667459.792912, 36
1586667459.806530, 36
1586667459.820739, 35
1586667459.835935, 34
1586667459.849758, 35
1586667459.864373, 36
1586667459.878537, 36
1586667459.893010, 36
1586667459.907263, 35
1586667459.921557, 36
1586667459.936120, 36
1586667459.948762, 36
1586667459.962533, 35
1586667459.976316, 36
1586667459.991034, 36
1586667460.004670, 36
1586667460.020116, 37
1586667460.034922, 36
1586667460.049123, 35
1586667460.063767, 36
1586667460.077240, 37
1586667460.091461, 38
1586667460.106471, 37
1586667460.120528, 37
1586667460.133050, 37
1586667460.146231, 36
1586667460.160892, 37
1586667460.174960, 37
1586667460.189589, 37
1586667460.203722, 38
1586667460.217237, 37
1586667460.232225, 36
1586667460.246806, 37
1586667460.261194, 37
1586667460.274544, 38
1586667460.289324, 37
1586667460.303412, 38
1586667460.318534, 39
1586667460.331567, 38
1586667460.346415, 38
1586667460.361693, 38
1586667460.376301, 39
1586667460.388559, 38
1586667460.400809, 38
1586667460.415115, 38
1586667460.429219, 39
1586667460.443882, 37
1586667460.458362, 37
1586667460.471975, 39
1586667460.488131, 39
1586667460.503173, 38
1586667460.517968, 38
1586667460.532780, 40
1586667460.547259, 39
1586667460.562568, 39
1586667460.576598, 38
1586667460.589466, 40
1586667460.603777, 39
1586667460.617767, 39
1586667460.631741, 38
1586667460.645345, 40
1586667460.658941, 39
1586667460.673691, 39
1586667460.688462, 39
1586667460.703665, 39
1586667460.718214, 39
1586667460.732957, 40
1586667460.745587, 40
1586667460.760550, 40
1586667460.775130, 40
1586667460.789460, 40
1586667460.802923, 40
1586667460.816930, 40
1586667460.833225, 40
1586667460.847770, 40
1586667460.862059, 41
1586667460.876517, 40
1586667460.891163, 41
1586667460.905563, 40
1586667460.920002, 41
1586667460.933885, 40
1586667460.948321, 40
1586667460.962300, 41
1586667460.975784, 42
1586667460.988064, 42
1586667461.002098, 41
1586667461.015586, 41
1586667461.029052, 41
1586667461.043479, 41
1586667461.057784, 41
1586667461.071321, 39
1586667461.086620, 42
1586667461.099678, 42
1586667461.113946, 41
1586667461.128336, 41
1586667461.143667, 41
1586667461.158318, 42
1586667461.171301, 42
1586667461.185612, 42
1586667461.200015, 42
1586667461.215011, 43
1586667461.228055, 43
1586667461.242117, 42
1586667461.256872, 42
1586667461.269520, 43
1586667461.282965, 43
1586667461.297738, 41
1586667461.312398, 43
1586667461.327137, 42
1586667461.341925, 42
1586667461.356646, 42
1586667461.371351, 42
1586667461.385309, 42
1586667461.399769, 42
1586667461.413877, 43
1586667461.428842, 43
1586667461.443630, 43
1586667461.458185, 43
1586667461.472374, 43
1586667461.487627, 43
1586667461.502734, 43
1586667461.516942, 43
1586667461.530386, 44
1586667461.545489, 44
1586667461.558747, 43
1586667461.571649, 43
1586667461.586450, 44
1586667461.600888, 43
1586667461.614990, 43
1586667461.629641, 43
1586667461.643934, 43
1586667461.657849, 43
1586667461.672183, 45
1586667461.686882, 44
1586667461.701818, 44
1586667461.716338, 45
1586667461.729849, 44
1586667461.742738, 45
1586667461.755207, 44
1586667461.769306, 45
1586667461.783582, 46
1586667461.797624, 44
1586667461.812556, 45
1586667461.826201, 44
1586667461.839625, 44
1586667461.852727, 46
1586667461.865078, 45
1586667461.878039, 44
1586667461.893045, 46
1586667461.907668, 45
1586667461.919853, 45
1586667461.935068, 45
1586667461.950111, 46
1586667461.964284, 45
1586667461.978335, 45
1586667461.991568, 46
1586667462.004388, 46
1586667462.019373, 45
1586667462.032101, 46
1586667462.047139, 46
1586667462.062105, 46
1586667462.076508, 44
1586667462.090871, 47
1586667462.105468, 46
1586667462.117750, 45
1586667462.131860, 45
1586667462.146262, 45
1586667462.161357, 46
1586667462.175625, 47
1586667462.190692, 47
1586667462.204931, 46
1586667462.218190, 47
1586667462.232680, 47
1586667462.246606, 47
1586667462.261094, 45
1586667462.275151, 47
1586667462.287690, 48
1586667462.301933, 47
1586667462.316312, 47
1586667462.331057, 47
1586667462.345454, 46
1586667462.359817, 47
1586667462.374253, 46
1586667462.388458, 48
1586667462.403001, 47
1586667462.417891, 47
1586667462.431892, 48
1586667462.446773, 48
1586667462.461036, 48
1586667462.476298, 47
1586667462.490347, 48
1586667462.504616, 48
1586667462.518332, 47
1586667462.532677, 47
1586667462.546932, 47
1586667462.560283, 48
1586667462.573985, 47
1586667462.587199, 49
1586667462.601678, 48
1586667462.614354, 47
1586667462.626944, 48
1586667462.641466, 48
1586667462.656105, 48
1586667462.670588, 47
1586667462.685357, 49
1586667462.699974, 49
1586667462.714394, 48
1586667462.728869, 48
1586667462.743051, 48
1586667462.757359, 48
1586667462.772065, 48
1586667462.784865, 49
1586667462.799041, 49
1586667462.813604, 49
1586667462.827300, 48
1586667462.840683, 49
1586667462.854918, 49
1586667462.868642, 49
1586667462.882330, 49
1586667462.896935, 49
1586667462.910599, 50
1586667462.924773, 49
1586667462.938237, 49
1586667462.952128, 49
1586667462.967283, 49
1586667462.980111, 49
1586667462.995168, 50
1586667463.009794, 49
1586667463.024613, 48
1586667463.039154, 49
1586667463.053509, 49
1586667463.068019, 49
1586667463.082372, 49
1586667463.096565, 51
1586667463.110518, 49
1586667463.124769, 49
1586667463.139049, 50
1586667463.153606, 49
1586667463.167640, 50
1586667463.180855, 50
1586667463.193599, 50
1586667463.206173, 50
1586667463.218619, 51
1586667463.233223, 50
1586667463.247320, 49
1586667463.262379, 50
1586667463.276370, 50
1586667463.291089, 50
1586667463.305378, 51
1586667463.319517, 49
1586667463.333801, 51
1586667463.348120, 52
1586667463.361999, 51
1586667463.376660, 51
1586667463.390868, 51
1586667463.404742, 53
1586667463.418217, 51
1586667463.433123, 51
1586667463.447821, 50
1586667463.462448, 52
1586667463.477361, 51
1586667463.491951, 51
1586667463.506023, 53
1586667463.519703, 52
1586667463.533686, 50
1586667463.548653, 51
1586667463.563340, 51
1586667463.577396, 51
1586667463.590024, 51
1586667463.603993, 52
1586667463.618784, 52
1586667463.633535, 53
1586667463.647989, 52
1586667463.662463, 52
1586667463.674875, 51
1586667463.690230, 52
1586667463.705827, 53
1586667463.720267, 51
1586667463.734904, 52
1586667463.748034, 52
1586667463.761402, 52
1586667463.775349, 53
1586667463.789262, 53
1586667463.804051, 54
1586667463.817938, 52
1586667463.831660, 53
1586667463.845120, 52
1586667463.860006, 53
1586667463.874023, 52
1586667463.888232, 52
1586667463.901784, 54
1586667463.916751, 55
1586667463.931509, 53
1586667463.945321, 52
1586667463.959141, 53
1586667463.972045, 53
1586667463.986390, 53
1586667464.000467, 53
1586667464.014133, 54
1586667464.027821, 53
1586667464.042371, 54
1586667464.057301, 54
1586667464.070183, 54
1586667464.084137, 53
1586667464.098018, 53
1586667464.113162, 54
1586667464.127739, 53
1586667464.142716, 54
1586667464.156030, 53
1586667464.170860, 53
1586667464.185040, 53
1586667464.199992, 55
1586667464.214229, 55
1586667464.228476, 53
1586667464.241621, 55
1586667464.255686, 54
1586667464.270415, 54
1586667464.284657, 54
1586667464.298958, 54
1586667464.313495, 55
1586667464.327664, 55
1586667464.342175, 54
1586667464.355962, 54
1586667464.370268, 53
1586667464.384482, 54
1586667464.398383, 54
1586667464.412386, 55
1586667464.425254, 56
1586667464.439595, 54
1586667464.454730, 55
1586667464.469174, 55
1586667464.481610, 55
1586667464.496061, 55
1586667464.510703, 55
1586667464.524310, 56
1586667464.537041, 54
1586667464.550078, 55
1586667464.563448, 55
1586667464.577579, 56
1586667464.591113, 56
1586667464.604534, 56
1586667464.619723, 56
1586667464.633921, 55
1586667464.648273, 55
1586667464.662460, 55
1586667464.675896, 57
1586667464.689467, 57
1586667464.702832, 57
1586667464.717064, 58
1586667464.731804, 57
1586667464.745725, 57
1586667464.759202, 57
1586667464.772180, 56
1586667464.785555, 56
1586667464.798898, 57
1586667464.813323, 58
1586667464.826649, 57
1586667464.839384, 56
1586667464.852460, 56
1586667464.865540, 56
1586667464.877921, 56
1586667464.891071, 56
1586667464.904125, 55
1586667464.916933, 57
1586667464.929847, 57
1586667464.943998, 58
1586667464.957045, 56
1586667464.969879, 57
1586667464.983255, 56
1586667464.996155, 56
1586667465.010240, 58
1586667465.023375, 58
1586667465.036588, 58
1586667465.050045, 57
1586667465.063314, 56
1586667465.076157, 57
1586667465.090855, 58
1586667465.105324, 57
1586667465.119162, 57
1586667465.133089, 58
1586667465.147809, 58
1586667465.162681, 56
1586667465.175888, 57
1586667465.188671, 58
1586667465.202155, 57
1586667465.216753, 58
1586667465.230104, 57
1586667465.243771, 57
1586667465.258707, 57
1586667465.272636, 57
1586667465.286548, 58
1586667465.301493, 57
1586667465.314497, 59
1586667465.328710, 58
1586667465.342345, 58
1586667465.355086, 57
1586667465.369671, 58
1586667465.383602, 57
1586667465.396597, 59
1586667465.409755, 59
1586667465.423051, 59
1586667465.436962, 59
1586667465.450548, 58
1586667465.463826, 58
1586667465.477007, 59
1586667465.492357, 58
1586667465.505774, 57
1586667465.518829, 60
1586667465.532680, 59
1586667465.547125, 60
1586667465.560469, 60
1586667465.574152, 59
1586667465.588419, 58
1586667465.602118, 58
1586667465.616000, 59
1586667465.629661, 60
1586667465.643956, 60
1586667465.657912, 58
1586667465.671732, 56
1586667465.687005, 58
1586667465.700198, 60
1586667465.714176, 60
1586667465.728658, 59
1586667465.743190, 59
1586667465.758039, 57
1586667465.773254, 57
1586667465.788301, 56
1586667465.803216, 57
1586667465.817735, 58
1586667465.830877, 58
1586667465.845833, 58
1586667465.859184, 57
1586667465.872751, 58
1586667465.886666, 57
1586667465.899947, 57
1586667465.913818, 59
1586667465.927822, 58
1586667465.942258, 58
1586667465.956449, 58
1586667465.970274, 58
1586667465.985074, 59
1586667465.999643, 58
1586667466.013237, 57
1586667466.027073, 58
1586667466.041463, 55
1586667466.056078, 50
1586667466.069995, 44
1586667466.085053, 38
1586667466.099559, 33
1586667466.114136, 30
1586667466.127193, 28
1586667466.140226, 27
1586667466.155115, 27
1586667466.168910, 27
1586667466.183801, 27
1586667466.196282, 26
1586667466.208722, 26
1586667466.221289, 26
1586667466.233787, 28
1586667466.248414, 27
1586667466.261438, 28
1586667466.274184, 27
1586667466.286969, 27
1586667466.299854, 28
1586667466.313623, 27
1586667466.326758, 29
1586667466.339884, 29
1586667466.353665, 28
1586667466.366671, 28
1586667466.379598, 29
1586667466.392577, 28
1586667466.406171, 27
1586667466.419576, 28
1586667466.432990, 30
1586667466.445688, 29
1586667466.458967, 29
1586667466.472224, 29
1586667466.485160, 28
1586667466.497857, 27
1586667466.510974, 27
1586667466.523364, 30
1586667466.537614, 29
1586667466.552103, 29
1586667466.565374, 30
1586667466.578067, 30
1586667466.591034, 30
1586667466.604126, 30
1586667466.617077, 29
1586667466.630109, 30
1586667466.643175, 30
1586667466.655735, 31
1586667466.668788, 30
1586667466.681965, 31
1586667466.695040, 29
1586667466.707698, 29
1586667466.722124, 30
1586667466.736527, 30
1586667466.749490, 31
1586667466.762472, 32
1586667466.776022, 31
1586667466.788659, 31
1586667466.801845, 29
1586667466.816484, 31
1586667466.829582, 31
1586667466.842799, 31
1586667466.855705, 31
1586667466.868101, 31
1586667466.881104, 32
1586667466.894206, 31
1586667466.908409, 31
1586667466.920913, 30
1586667466.934673, 32
1586667466.948402, 32
1586667466.961866, 32
1586667466.976383, 31
1586667466.991042, 32
1586667467.003773, 30
1586667467.018607, 33
1586667467.031203, 32
1586667467.045264, 32
1586667467.060001, 32
1586667467.073354, 31
1586667467.086320, 32
1586667467.099221, 33
1586667467.114025, 32
1586667467.128967, 33
1586667467.142179, 32
1586667467.155118, 33
1586667467.168435, 33
1586667467.183545, 33
1586667467.196224, 33
1586667467.210413, 33
1586667467.224560, 33
1586667467.237588, 33
1586667467.250369, 33
1586667467.263560, 34
1586667467.276403, 34
1586667467.289962, 35
1586667467.304160, 32
1586667467.318777, 34
1586667467.331287, 34
1586667467.345860, 34
1586667467.359054, 33
1586667467.371929, 34
1586667467.384353, 34
1586667467.397284, 33
1586667467.410010, 34
1586667467.424072, 34
1586667467.438630, 34
1586667467.453968, 34
1586667467.469030, 34
1586667467.482926, 36
1586667467.497582, 35
1586667467.512281, 34
1586667467.526889, 34
1586667467.541559, 35
1586667467.555683, 36
1586667467.569904, 35
1586667467.585265, 35
1586667467.600033, 36
1586667467.614391, 34
1586667467.631152, 35
1586667467.645391, 36
1586667467.659725, 35
1586667467.673378, 35
1586667467.687443, 36
1586667467.701671, 36
1586667467.716069, 36
1586667467.730764, 35
1586667467.745662, 36
1586667467.759691, 36
1586667467.774545, 37
1586667467.788940, 36
1586667467.803076, 36
1586667467.817809, 35
1586667467.832185, 36
1586667467.846454, 36
1586667467.860774, 36
1586667467.875433, 36
1586667467.889911, 38
1586667467.904847, 38
1586667467.920110, 36
1586667467.934419, 38
1586667467.949568, 37
1586667467.964494, 37
1586667467.978749, 37
1586667467.992643, 38
1586667468.006199, 39
1586667468.021013, 36
1586667468.035681, 39
1586667468.050028, 38
1586667468.064775, 38
1586667468.079316, 38
1586667468.092833, 37
1586667468.105586, 39
1586667468.118897, 38
1586667468.133212, 38
1586667468.147148, 38
1586667468.161396, 39
1586667468.174589, 38
1586667468.187606, 37
1586667468.200305, 38
1586667468.213464, 39
1586667468.226500, 39
1586667468.239703, 38
1586667468.254117, 39
1586667468.267652, 39
1586667468.281840, 39
1586667468.294826, 38
1586667468.309559, 38
1586667468.322736, 38
1586667468.335611, 40
1586667468.348638, 39
1586667468.361193, 38
1586667468.375030, 40
1586667468.389356, 39
1586667468.403722, 39
1586667468.418202, 39
1586667468.432961, 39
1586667468.447242, 39
1586667468.461614, 39
1586667468.475650, 40
1586667468.490029, 39
1586667468.503901, 40
1586667468.518483, 39
1586667468.532835, 38
1586667468.547137, 41
1586667468.562031, 41
1586667468.576813, 40
1586667468.591867, 41
1586667468.607289, 40
1586667468.621881, 40
1586667468.636583, 40
1586667468.650574, 40
1586667468.664640, 41
1586667468.678141, 41
1586667468.690789, 39
1586667468.705745, 41
1586667468.719964, 40
1586667468.734520, 39
1586667468.748736, 40
1586667468.762893, 42
1586667468.776696, 42
1586667468.791956, 42
1586667468.806689, 41
1586667468.821402, 41
1586667468.836207, 41
1586667468.849623, 40
1586667468.864216, 41
1586667468.878372, 41
1586667468.892782, 42
1586667468.907941, 41
1586667468.922696, 42
1586667468.937660, 42
1586667468.952221, 41
1586667468.967418, 43
1586667468.979953, 40
1586667468.992512, 40
1586667469.005234, 43
1586667469.018198, 43
1586667469.032036, 42
1586667469.046381, 43
1586667469.060351, 42
1586667469.075357, 44
1586667469.089895, 43
1586667469.102971, 43
1586667469.115686, 42
1586667469.130677, 43
1586667469.143849, 43
1586667469.157068, 42
1586667469.169684, 43
1586667469.182596, 44
1586667469.195670, 42
1586667469.208808, 43
1586667469.221558, 43
1586667469.234511, 43
1586667469.247142, 44
1586667469.260136, 43
1586667469.274608, 43
1586667469.287358, 44
1586667469.300121, 43
1586667469.313047, 43
1586667469.326220, 43
1586667469.339603, 44
1586667469.353414, 44
1586667469.366381, 44
1586667469.379283, 44
1586667469.394326, 43
1586667469.409320, 43
1586667469.423425, 44
1586667469.437432, 43
1586667469.452227, 43
1586667469.465504, 43
1586667469.480255, 44
1586667469.495344, 45
1586667469.510512, 44
1586667469.525271, 45
1586667469.539802, 44
1586667469.554357, 44
1586667469.569477, 45
1586667469.583138, 45
1586667469.597396, 45
1586667469.611373, 44
1586667469.625225, 44
1586667469.639461, 43
1586667469.654045, 45
1586667469.668531, 46
1586667469.681185, 44
1586667469.696535, 44
1586667469.710800, 45
1586667469.724333, 45
1586667469.738283, 46
1586667469.752456, 46
1586667469.766229, 45
1586667469.780058, 44
1586667469.794838, 45
1586667469.809015, 45
1586667469.822365, 44
1586667469.836500, 45
1586667469.850463, 47
1586667469.864273, 45
1586667469.879043, 45
1586667469.893869, 46
1586667469.908357, 45
1586667469.923008, 46
1586667469.937614, 46
1586667469.951914, 47
1586667469.966421, 46
1586667469.980801, 46
1586667469.993918, 47
1586667470.008538, 47
1586667470.020931, 46
1586667470.033515, 47
1586667470.045947, 46
1586667470.060798, 47
1586667470.073536, 46
1586667470.086482, 47
1586667470.099168, 48
1586667470.112124, 46
1586667470.125058, 47
1586667470.139619, 46
1586667470.154315, 47
1586667470.167976, 47
1586667470.181242, 46
1586667470.195555, 46
1586667470.209454, 47
1586667470.223004, 47
1586667470.237739, 48
1586667470.252645, 47
1586667470.267274, 48
1586667470.281831, 47
1586667470.296519, 47
1586667470.311208, 47
1586667470.326050, 47
1586667470.340864, 47
1586667470.355619, 49
1586667470.369567, 48
1586667470.383379, 49
1586667470.398063, 48
1586667470.412864, 48
1586667470.426414, 48
1586667470.441297, 48
1586667470.456115, 47
1586667470.470218, 47
1586667470.483697, 49
1586667470.496026, 48
1586667470.510353, 49
1586667470.524302, 49
1586667470.538918, 49
1586667470.552427, 48
1586667470.567210, 49
1586667470.581229, 49
1586667470.595798, 47
1586667470.610256, 48
1586667470.624817, 49
1586667470.639696, 49
1586667470.653827, 50
1586667470.668975, 50
1586667470.682719, 49
1586667470.695205, 49
1586667470.707813, 50
1586667470.721184, 49
1586667470.734763, 48
1586667470.748969, 49
1586667470.762501, 50
1586667470.776371, 49
1586667470.788998, 50
1586667470.801713, 50
1586667470.814445, 50
1586667470.829139, 50
1586667470.842805, 49
1586667470.857624, 50
1586667470.871963, 50
1586667470.886680, 49
1586667470.901261, 50
1586667470.915276, 50
1586667470.929610, 50
1586667470.944322, 50
1586667470.959035, 49
1586667470.974095, 50
1586667470.988714, 50
1586667471.003096, 50
1586667471.016674, 50
1586667471.030843, 50
1586667471.043636, 51
1586667471.058216, 50
1586667471.072059, 51
1586667471.085961, 51
1586667471.100952, 49
1586667471.115949, 50
1586667471.130149, 50
1586667471.145062, 50
1586667471.159147, 50
1586667471.172521, 52
1586667471.187136, 50
1586667471.201664, 51
1586667471.217099, 51
1586667471.231645, 51
1586667471.246389, 51
1586667471.260367, 51
1586667471.274579, 52
1586667471.288812, 51
1586667471.303157, 52
1586667471.315669, 52
1586667471.328568, 51
1586667471.342337, 51
1586667471.355498, 51
1586667471.368406, 51
1586667471.381508, 51
1586667471.396431, 51
1586667471.410245, 51
1586667471.422849, 52
1586667471.435804, 52
1586667471.448659, 51
1586667471.461345, 51
1586667471.474543, 53
1586667471.487390, 54
1586667471.501443, 52
1586667471.514121, 52
1586667471.528493, 53
1586667471.541018, 53
1586667471.554497, 52
1586667471.567581, 52
1586667471.580563, 53
1586667471.594359, 54
1586667471.607250, 52
1586667471.620175, 51
1586667471.632925, 53
1586667471.646199, 52
1586667471.659329, 52
1586667471.671985, 53
1586667471.685319, 54
1586667471.697837, 53
1586667471.711120, 52
1586667471.723723, 53
1586667471.736525, 53
1586667471.750510, 53
1586667471.763619, 54
1586667471.776640, 54
1586667471.789755, 53
1586667471.802281, 53
1586667471.815658, 52
1586667471.828208, 52
1586667471.841044, 52
1586667471.853894, 52
1586667471.866947, 52
1586667471.879749, 55
1586667471.892639, 55
1586667471.906093, 53
1586667471.919931, 54
1586667471.933363, 54
1586667471.946088, 54
1586667471.959959, 53
1586667471.972809, 54
1586667471.987006, 55
1586667471.999795, 54
1586667472.012932, 53
1586667472.026690, 53
1586667472.041295, 54
1586667472.056264, 54
1586667472.069263, 53
1586667472.081999, 54
1586667472.095293, 56
1586667472.108122, 54
1586667472.122140, 54
1586667472.135079, 54
1586667472.149464, 53
1586667472.164031, 55
1586667472.178744, 54
1586667472.193514, 56
1586667472.208038, 55
1586667472.223047, 55
1586667472.236962, 55
1586667472.250448, 55
1586667472.263726, 55
1586667472.278162, 55
1586667472.292301, 55
1586667472.306926, 54
1586667472.321093, 56
1586667472.334101, 55
1586667472.347755, 56
1586667472.362045, 55
1586667472.375160, 56
1586667472.389534, 56
1586667472.402696, 56
1586667472.417715, 54
1586667472.432268, 56
1586667472.446236, 55
1586667472.460279, 56
1586667472.474977, 56
1586667472.489084, 56
1586667472.502741, 57
1586667472.516021, 55
1586667472.528597, 54
1586667472.541551, 56
1586667472.556457, 56
1586667472.571166, 55
1586667472.585753, 57
1586667472.598922, 56
1586667472.611794, 56
1586667472.626590, 55
1586667472.639760, 56
1586667472.653743, 55
1586667472.667833, 56
1586667472.680545, 56
1586667472.694145, 56
1586667472.708435, 56
1586667472.722670, 56
1586667472.737182, 57
1586667472.751891, 56
1586667472.765883, 56
1586667472.780670, 56
1586667472.795568, 57
1586667472.809974, 57
1586667472.824423, 57
1586667472.839002, 56
1586667472.854113, 55
1586667472.867958, 57
1586667472.881553, 56
1586667472.894800, 58
1586667472.909747, 58
1586667472.924019, 56
1586667472.938641, 58
1586667472.953337, 57
1586667472.967696, 57
1586667472.982742, 56
1586667472.996904, 58
1586667473.009605, 59
1586667473.023331, 57
1586667473.037946, 57
1586667473.051998, 57
1586667473.065619, 58
1586667473.080042, 57
1586667473.094572, 58
1586667473.109012, 59
1586667473.123603, 59
1586667473.136444, 58
1586667473.151262, 57
1586667473.166408, 58
1586667473.179932, 57
1586667473.194566, 58
1586667473.209448, 59
1586667473.223487, 59
1586667473.237887, 58
1586667473.252893, 58
1586667473.267994, 59
1586667473.282115, 58
1586667473.296653, 59
1586667473.310466, 59
1586667473.325135, 58
1586667473.339444, 59
1586667473.355061, 59
1586667473.370024, 58
1586667473.384104, 59
1586667473.399186, 59
1586667473.413567, 59
1586667473.428023, 58
1586667473.443307, 57
1586667473.457608, 57
1586667473.472127, 57
1586667473.485858, 58
1586667473.500809, 59
1586667473.515544, 59
1586667473.530431, 59
1586667473.543770, 57
1586667473.557967, 59
1586667473.571982, 58
1586667473.585445, 58
1586667473.600200, 59
1586667473.614666, 59
1586667473.629032, 60
1586667473.643299, 57
1586667473.658360, 58
1586667473.672876, 58
1586667473.685109, 58
1586667473.699864, 58
1586667473.714220, 58
1586667473.728384, 59
1586667473.742809, 53
1586667473.756766, 49
1586667473.771533, 45
1586667473.783907, 39
1586667473.797496, 32
1586667473.810269, 28
1586667473.824565, 26
1586667473.839167, 26
1586667473.853928, 27
1586667473.867889, 25
1586667473.882136, 26
1586667473.895212, 27
1586667473.909825, 27
1586667473.924492, 28
1586667473.939122, 27
1586667473.953822, 27
1586667473.968683, 27
1586667473.985800, 26
1586667474.002125, 26
1586667474.015336, 28
1586667474.029101, 28
1586667474.044075, 28
1586667474.058815, 28
1586667474.073651, 26
1586667474.088030, 28
1586667474.103075, 28
1586667474.118601, 29
1586667474.133703, 28
1586667474.148911, 28
1586667474.163243, 28
1586667474.177184, 28
1586667474.191746, 28
1586667474.206658, 29
1586667474.221226, 29
1586667474.235643, 28
1586667474.250584, 28
1586667474.264833, 29
1586667474.279150, 28
1586667474.291895, 27
1586667474.305176, 30
1586667474.319504, 29
1586667474.333931, 29
1586667474.347548, 30
1586667474.362917, 29
1586667474.377152, 31
1586667474.391708, 29
1586667474.405164, 29
1586667474.419221, 29
1586667474.433519, 31
1586667474.448273, 29
1586667474.462329, 30
1586667474.477336, 29
1586667474.491392, 30
1586667474.505245, 30
1586667474.519116, 30
1586667474.533560, 31
1586667474.548197, 31
1586667474.562605, 31
1586667474.577350, 29
1586667474.591296, 30
1586667474.605954, 32
1586667474.620785, 31
1586667474.635903, 31
1586667474.650506, 32
1586667474.664644, 32
1586667474.677887, 30
1586667474.693574, 30
1586667474.707488, 32
1586667474.721774, 31
1586667474.736321, 32
1586667474.750633, 31
1586667474.763995, 32
1586667474.778540, 30
1586667474.795544, 31
1586667474.808348, 33
1586667474.823500, 32
1586667474.838391, 32
1586667474.853556, 31
1586667474.868361, 33
1586667474.882636, 31
1586667474.898492, 33
1586667474.910538, 32
1586667474.924206, 32
1586667474.938369, 34
1586667474.952510, 34
1586667474.965335, 32
1586667474.980369, 33
1586667474.994868, 32
1586667475.009544, 33
1586667475.023727, 33
1586667475.037810, 33
1586667475.050259, 33
1586667475.064657, 32
1586667475.079579, 33
1586667475.094180, 34
1586667475.110785, 34
1586667475.124115, 34
1586667475.138188, 34
1586667475.152160, 34
1586667475.165513, 35
1586667475.179482, 34
1586667475.194330, 32
1586667475.211400, 34
1586667475.225461, 34
1586667475.239810, 34
1586667475.253541, 34
1586667475.267902, 35
1586667475.281806, 36
1586667475.295498, 33
1586667475.311926, 35
1586667475.326376, 36
1586667475.341062, 35
1586667475.355971, 35
1586667475.369759, 34
1586667475.384009, 35
1586667475.398731, 34
1586667475.413474, 35
1586667475.428185, 35
1586667475.442432, 35
1586667475.456913, 35
1586667475.471013, 35
1586667475.485557, 36
1586667475.500292, 36
1586667475.514255, 36
1586667475.528402, 36
1586667475.543079, 36
1586667475.557132, 36
1586667475.571338, 37
1586667475.585237, 36
1586667475.600062, 34
1586667475.615780, 37
1586667475.629889, 35
1586667475.644689, 35
1586667475.659163, 36
1586667475.674204, 36
1586667475.689076, 36
1586667475.703360, 35
1586667475.717194, 38
1586667475.731991, 38
1586667475.746526, 37
1586667475.760883, 37
1586667475.775627, 38
1586667475.790093, 37
1586667475.804871, 37
1586667475.819249, 38
1586667475.834161, 37
1586667475.849112, 38
1586667475.863405, 37
1586667475.878216, 37
1586667475.891857, 37
1586667475.906082, 37
1586667475.920739, 38
1586667475.934926, 38
1586667475.949594, 39
1586667475.963617, 38
1586667475.978540, 39
1586667475.992476, 38
1586667476.006893, 37
1586667476.021958, 38
1586667476.036162, 37
1586667476.050607, 37
1586667476.065149, 38
1586667476.078499, 37
1586667476.092619, 37
1586667476.106507, 38
1586667476.120278, 39
1586667476.134517, 39
1586667476.148905, 38
1586667476.162897, 39
1586667476.177476, 41
1586667476.192204, 39
1586667476.207088, 38
1586667476.221619, 40
1586667476.236193, 40
1586667476.250832, 39
1586667476.265216, 39
1586667476.279920, 39
1586667476.294391, 39
1586667476.308639, 40
1586667476.323600, 40
1586667476.338704, 41
1586667476.353131, 40
1586667476.366446, 40
1586667476.379910, 41
1586667476.394239, 40
1586667476.407407, 41
1586667476.421597, 40
1586667476.435314, 39
1586667476.449338, 40
1586667476.462140, 41
1586667476.477092, 40
1586667476.492044, 40
1586667476.506454, 41
1586667476.520403, 40
1586667476.535175, 40
1586667476.550440, 41
1586667476.565455, 41
1586667476.580164, 41
1586667476.594671, 41
1586667476.609399, 42
1586667476.624217, 41
1586667476.638850, 42
1586667476.653844, 41
1586667476.669011, 42
1586667476.683250, 41
1586667476.697587, 42
1586667476.711806, 41
1586667476.726102, 41
1586667476.741260, 41
1586667476.755927, 41
1586667476.770033, 42
1586667476.784871, 41
1586667476.798971, 42
1586667476.813216, 41
1586667476.827943, 42
1586667476.841790, 43
1586667476.856360, 43
1586667476.870610, 42
1586667476.885661, 42
1586667476.900157, 43
1586667476.914174, 42
1586667476.928727, 42
1586667476.943097, 43
1586667476.956765, 43
1586667476.970791, 43
1586667476.984943, 42
1586667476.999587, 43
1586667477.013383, 43
1586667477.028221, 42
1586667477.043353, 43
1586667477.058217, 43
1586667477.072736, 44
1586667477.087802, 44
1586667477.102919, 43
1586667477.117624, 43
1586667477.132089, 45
1586667477.145256, 43
1586667477.159045, 43
1586667477.173245, 44
1586667477.187773, 43
1586667477.202101, 43
1586667477.216504, 43
1586667477.230416, 43
1586667477.245312, 44
1586667477.260003, 44
1586667477.274689, 43
1586667477.288272, 44
1586667477.303179, 45
1586667477.316655, 45
1586667477.330699, 44
1586667477.345398, 44
1586667477.359039, 44
1586667477.373229, 44
1586667477.387785, 44
1586667477.402041, 45
1586667477.415395, 45
1586667477.429356, 45
1586667477.443380, 45
1586667477.456816, 44
1586667477.470700, 45
1586667477.484700, 44
1586667477.498394, 45
1586667477.512489, 45
1586667477.525909, 46
1586667477.540481, 46
1586667477.555134, 45
1586667477.569849, 46
1586667477.583897, 46
1586667477.597253, 46
1586667477.611107, 45
1586667477.625174, 45
1586667477.638226, 47
1586667477.653304, 47
1586667477.666060, 47
1586667477.680082, 45
1586667477.694866, 45
1586667477.709101, 45
1586667477.723047, 46
1586667477.736691, 46
1586667477.750921, 45
1586667477.765355, 45
1586667477.780568, 46
1586667477.795642, 45
1586667477.810441, 47
1586667477.824654, 46
1586667477.839297, 47
1586667477.854208, 47
1586667477.868645, 47
1586667477.882923, 47
1586667477.896708, 46
1586667477.910616, 46
1586667477.925208, 46
1586667477.939541, 48
1586667477.954176, 47
1586667477.968722, 46
1586667477.983091, 47
1586667477.996760, 47
1586667478.010993, 47
1586667478.024923, 47
1586667478.039604, 46
1586667478.054385, 48
1586667478.069489, 47
1586667478.084040, 47
1586667478.099053, 48
1586667478.114077, 48
1586667478.128921, 47
1586667478.143937, 49
1586667478.158862, 47
1586667478.173672, 48
1586667478.188192, 48
1586667478.202378, 47
1586667478.216917, 47
1586667478.231089, 49
1586667478.245636, 48
1586667478.259880, 47
1586667478.273532, 48
1586667478.287972, 48
1586667478.301692, 48
1586667478.315788, 48
1586667478.329776, 49
1586667478.343963, 49
1586667478.357244, 48
1586667478.371452, 48
1586667478.386416, 49
1586667478.401436, 47
1586667478.416172, 47
1586667478.430794, 49
1586667478.444951, 49
1586667478.458888, 49
1586667478.472888, 49
1586667478.488099, 48
1586667478.502847, 49
1586667478.516257, 49
1586667478.529766, 49
1586667478.544630, 50
1586667478.557686, 49
1586667478.571306, 49
1586667478.585230, 50
1586667478.599544, 49
1586667478.613663, 49
1586667478.628013, 49
1586667478.642089, 50
1586667478.656592, 49
1586667478.670848, 50
1586667478.683843, 49
1586667478.697134, 49
1586667478.711372, 49
1586667478.725935, 51
1586667478.739421, 51
1586667478.753446, 50
1586667478.767747, 49
1586667478.782061, 50
1586667478.795869, 50
1586667478.810107, 50
1586667478.824499, 49
1586667478.838522, 51
1586667478.852385, 51
1586667478.866458, 50
1586667478.881870, 50
1586667478.896394, 51
1586667478.911091, 50
1586667478.926086, 49
1586667478.940734, 51
1586667478.954929, 51
1586667478.968075, 51
1586667478.982513, 50
1586667478.996198, 51
1586667479.011122, 52
1586667479.024647, 51
1586667479.039419, 50
1586667479.053649, 51
1586667479.068276, 50
1586667479.083013, 51
1586667479.097788, 50
1586667479.112170, 52
1586667479.126739, 50
1586667479.141284, 51
1586667479.155861, 53
1586667479.169218, 51
1586667479.183330, 51
1586667479.197173, 51
1586667479.210611, 52
1586667479.224727, 52
1586667479.238151, 51
1586667479.252708, 54
1586667479.267920, 52
1586667479.281923, 51
1586667479.297271, 53
1586667479.311736, 52
1586667479.326526, 51
1586667479.341494, 51
1586667479.355411, 54
1586667479.369974, 54
1586667479.384892, 52
1586667479.398510, 53
1586667479.412504, 52
1586667479.427073, 51
1586667479.441704, 53
1586667479.456029, 53
1586667479.469652, 53
1586667479.483637, 52
1586667479.497754, 52
1586667479.511928, 53
1586667479.527065, 52
1586667479.541777, 52
1586667479.557079, 53
1586667479.571821, 54
1586667479.586579, 52
1586667479.600843, 53
1586667479.615548, 52
1586667479.629716, 53
1586667479.644211, 54
1586667479.659578, 53
1586667479.674496, 53
1586667479.689498, 54
1586667479.704096, 53
1586667479.718474, 54
1586667479.733522, 53
1586667479.748221, 52
1586667479.763307, 55
1586667479.776970, 55
1586667479.791133, 54
1586667479.805869, 53
1586667479.820878, 53
1586667479.835213, 53
1586667479.849550, 55
1586667479.863778, 55
1586667479.878105, 55
1586667479.892004, 53
1586667479.906283, 55
1586667479.921287, 54
1586667479.935397, 53
1586667479.950932, 53
1586667479.964682, 55
1586667479.979039, 55
1586667479.992646, 53
1586667480.006769, 55
1586667480.020855, 55
1586667480.035572, 54
1586667480.049935, 53
1586667480.064157, 55
1586667480.078333, 55
1586667480.092083, 54
1586667480.106884, 54
1586667480.119952, 54
1586667480.134481, 56
1586667480.148758, 54
1586667480.163857, 56
1586667480.178077, 55
1586667480.193429, 56
1586667480.208301, 55
1586667480.222408, 54
1586667480.236978, 55
1586667480.251885, 55
1586667480.266494, 56
1586667480.281267, 56
1586667480.295015, 55
1586667480.310062, 55
1586667480.323867, 55
1586667480.337908, 55
1586667480.352389, 55
1586667480.366628, 56
1586667480.381329, 56
1586667480.395820, 56
1586667480.409721, 56
1586667480.422543, 56
1586667480.435548, 55
1586667480.447737, 56
1586667480.460495, 57
1586667480.474398, 58
1586667480.487990, 57
1586667480.503360, 55
1586667480.518129, 57
1586667480.533016, 57
1586667480.546890, 56
1586667480.559308, 55
1586667480.571590, 58
1586667480.584337, 58
1586667480.597303, 57
1586667480.611813, 57
1586667480.626417, 57
1586667480.641117, 56
1586667480.655380, 56
1586667480.669230, 57
1586667480.682881, 58
1586667480.697386, 57
1586667480.712306, 55
1586667480.727134, 57
1586667480.741171, 58
1586667480.755598, 58
1586667480.768776, 58
1586667480.782361, 57
1586667480.796731, 59
1586667480.812399, 56
1586667480.826943, 56
1586667480.842061, 58
1586667480.856438, 57
1586667480.870646, 58
1586667480.885139, 58
1586667480.899208, 58
1586667480.913490, 58
1586667480.928166, 57
1586667480.942174, 57
1586667480.956350, 57
1586667480.970523, 59
1586667480.985494, 57
1586667481.000386, 58
1586667481.014670, 57
1586667481.028921, 58
1586667481.043143, 58
1586667481.057437, 57
1586667481.070965, 59
1586667481.084588, 59
1586667481.098990, 59
1586667481.111826, 56
1586667481.126688, 57
1586667481.141294, 57
1586667481.155727, 58
1586667481.169911, 58
1586667481.184889, 58
1586667481.199415, 58
1586667481.213848, 57
1586667481.228148, 57
1586667481.242671, 57
1586667481.257572, 57
1586667481.272881, 58
1586667481.286755, 58
1586667481.301390, 59
1586667481.315543, 58
1586667481.328053, 57
1586667481.343046, 56
1586667481.357616, 57
1586667481.371710, 58
1586667481.387079, 57
1586667481.401735, 50
1586667481.415723, 47
1586667481.428493, 41
1586667481.442646, 35
1586667481.456406, 28
1586667481.470543, 26
1586667481.484294, 26
1586667481.498851, 27
1586667481.512736, 26
1586667481.526600, 27
1586667481.540616, 27
1586667481.555668, 25
1586667481.569691, 28
1586667481.584315, 28
1586667481.598019, 28
1586667481.612514, 27
1586667481.626092, 28
1586667481.638846, 27
1586667481.653197, 27
1586667481.667241, 26
1586667481.681930, 28
1586667481.696356, 27
1586667481.710620, 29
1586667481.724919, 28
1586667481.737961, 27
1586667481.752668, 28
1586667481.766331, 28
1586667481.780719, 28
1586667481.795038, 29
1586667481.810590, 28
1586667481.824732, 30
1586667481.839754, 29
1586667481.854345, 27
1586667481.869684, 28
1586667481.885085, 29
1586667481.899441, 29
1586667481.914105, 30
1586667481.928039, 29
1586667481.942848, 30
1586667481.957139, 28
1586667481.971157, 28
1586667481.985253, 30
1586667481.999918, 30
1586667482.013988, 29
1586667482.028516, 30
1586667482.043027, 31
1586667482.057798, 28
1586667482.074266, 30
1586667482.086884, 30
1586667482.100851, 30
1586667482.116478, 29
1586667482.131335, 30
1586667482.146216, 30
1586667482.160709, 30
1586667482.178094, 31
1586667482.191690, 30
1586667482.205981, 30
1586667482.220241, 31
1586667482.234664, 31
1586667482.248995, 31
1586667482.261651, 30
1586667482.284231, 31
1586667482.304032, 32
1586667482.316647, 30
1586667482.329726, 32
1586667482.344753, 32
1586667482.358096, 31
1586667482.371470, 30
1586667482.384426, 32
1586667482.399326, 32
1586667482.413292, 32
1586667482.426069, 32
1586667482.439846, 31
1586667482.453871, 31
1586667482.472647, 32
1586667482.486517, 32
1586667482.501795, 33
1586667482.514298, 33
1586667482.528124, 33
1586667482.542537, 32
1586667482.556526, 32
1586667482.572094, 33
1586667482.585755, 33
1586667482.599932, 33
1586667482.613389, 33
1586667482.628359, 34
1586667482.643062, 33
1586667482.656914, 33
1586667482.669315, 31
1586667482.681958, 34
1586667482.696224, 32
1586667482.711055, 33
1586667482.726648, 33
1586667482.741081, 34
1586667482.755931, 34
1586667482.769334, 32
1586667482.782151, 35
1586667482.796217, 34
1586667482.809024, 34
1586667482.823244, 34
1586667482.837163, 35
1586667482.851797, 35
1586667482.866157, 33
1586667482.880092, 35
1586667482.893890, 35
1586667482.906235, 35
1586667482.920887, 34
1586667482.934734, 34
1586667482.950349, 36
1586667482.964344, 34
1586667482.978711, 34
1586667482.991310, 35
1586667483.005512, 35
1586667483.018688, 36
1586667483.032390, 35
1586667483.048324, 34
1586667483.062455, 35
1586667483.075371, 34
1586667483.088446, 35
1586667483.102781, 34
1586667483.117395, 36
1586667483.131726, 36
1586667483.146228, 36
1586667483.160342, 36
1586667483.174778, 36
1586667483.189222, 37
1586667483.202807, 36
1586667483.217004, 35
1586667483.230479, 37
1586667483.244887, 36
1586667483.259825, 36
1586667483.274125, 35
1586667483.287215, 37
1586667483.300469, 37
1586667483.315027, 37
1586667483.327971, 35
1586667483.342833, 38
1586667483.357055, 37
1586667483.371464, 37
1586667483.385725, 37
1586667483.399201, 37
1586667483.414271, 37
1586667483.428844, 36
1586667483.443986, 38
1586667483.458432, 37
1586667483.472821, 37
1586667483.487303, 36
1586667483.502306, 38
1586667483.517439, 38
1586667483.531514, 37
1586667483.546500, 38
1586667483.559972, 39
1586667483.573739, 38
1586667483.588489, 39
1586667483.602683, 37
1586667483.616880, 39
1586667483.631068, 39
1586667483.645122, 39
1586667483.659205, 38
1586667483.673543, 39
1586667483.687043, 38
1586667483.701257, 38
1586667483.714641, 38
1586667483.729138, 39
1586667483.742186, 39
1586667483.756612, 38
1586667483.771441, 40
1586667483.784568, 39
1586667483.799846, 39
1586667483.814487, 40
1586667483.828365, 39
1586667483.842905, 40
1586667483.857797, 40
1586667483.872464, 39
1586667483.886904, 38
1586667483.901396, 39
1586667483.915887, 40
1586667483.930900, 39
1586667483.945534, 39
1586667483.960300, 39
1586667483.975140, 40
1586667483.989591, 39
1586667484.004301, 40
1586667484.018186, 40
1586667484.032457, 40
1586667484.046567, 41
1586667484.061272, 40
1586667484.076050, 40
1586667484.091374, 39
1586667484.106466, 41
1586667484.121374, 40
1586667484.136372, 39
1586667484.151336, 40
1586667484.165693, 41
1586667484.179169, 41
1586667484.194112, 39
1586667484.208178, 41
1586667484.223345, 40
1586667484.237903, 40
1586667484.252286, 41
1586667484.266258, 42
1586667484.279582, 41
1586667484.294324, 41
1586667484.308991, 42
1586667484.323470, 41
1586667484.337866, 41
1586667484.352696, 41
1586667484.366897, 41
1586667484.381771, 42
1586667484.396355, 42
1586667484.409454, 42
1586667484.422986, 41
1586667484.437548, 42
1586667484.452085, 42
1586667484.466325, 42
1586667484.480181, 42
1586667484.494393, 42
1586667484.508676, 42
1586667484.522982, 42
1586667484.537035, 42
1586667484.551175, 43
1586667484.565234, 42
1586667484.580045, 43
1586667484.594924, 41
1586667484.609936, 43
1586667484.623000, 43
1586667484.637951, 42
1586667484.652092, 42
1586667484.666107, 42
1586667484.679836, 43
1586667484.694815, 43
1586667484.709349, 43
1586667484.723822, 43
1586667484.738463, 43
1586667484.753425, 43
1586667484.767720, 43
1586667484.782501, 44
1586667484.797229, 44
1586667484.810290, 45
1586667484.823822, 43
1586667484.838524, 42
1586667484.853118, 44
1586667484.867320, 43
1586667484.882397, 43
1586667484.897225, 44
1586667484.910574, 43
1586667484.924649, 44
1586667484.939176, 44
1586667484.953036, 43
1586667484.967301, 44
1586667484.980989, 45
1586667484.994419, 44
1586667485.009386, 44
1586667485.023957, 44
1586667485.038445, 44
1586667485.052455, 44
1586667485.066882, 45
1586667485.081975, 44
1586667485.095876, 44
1586667485.110038, 44
1586667485.124033, 44
1586667485.138886, 45
1586667485.153421, 45
1586667485.167982, 45
1586667485.181353, 45
1586667485.195409, 45
1586667485.209506, 45
1586667485.224114, 45
1586667485.238097, 45
1586667485.252574, 46
1586667485.267485, 45
1586667485.282214, 45
1586667485.296750, 46
1586667485.309909, 47
1586667485.324201, 46
1586667485.338680, 45
1586667485.353154, 46
1586667485.367811, 45
1586667485.381358, 46
1586667485.395750, 46
1586667485.409692, 47
1586667485.424094, 47
1586667485.438765, 45
1586667485.453786, 46
1586667485.468797, 47
1586667485.483013, 47
1586667485.496796, 47
1586667485.510794, 47
1586667485.525577, 46
1586667485.540225, 46
1586667485.554784, 47
1586667485.569521, 46
1586667485.584417, 46
1586667485.599330, 46
1586667485.614082, 48
1586667485.629345, 47
1586667485.644038, 47
1586667485.658198, 46
1586667485.673168, 46
1586667485.687020, 47
1586667485.700835, 47
1586667485.713829, 49
1586667485.728030, 47
1586667485.741996, 47
1586667485.756237, 48
1586667485.770153, 47
1586667485.783469, 48
1586667485.797869, 47
1586667485.811916, 49
1586667485.825876, 47
1586667485.840133, 48
1586667485.854796, 47
1586667485.869396, 47
1586667485.883750, 49
1586667485.898672, 48
1586667485.912031, 48
1586667485.926732, 49
1586667485.939785, 49
1586667485.954205, 47
1586667485.968750, 49
1586667485.982839, 48
1586667485.997037, 49
1586667486.010753, 48
1586667486.025119, 49
1586667486.040035, 48
1586667486.054871, 47
1586667486.069111, 49
1586667486.083932, 49
1586667486.098332, 48
1586667486.111613, 49
1586667486.126064, 50
1586667486.140336, 48
1586667486.154982, 48
1586667486.170061, 49
1586667486.185052, 49
1586667486.199340, 49
1586667486.213277, 51
1586667486.228173, 50
1586667486.242957, 50
1586667486.257558, 50
1586667486.271143, 50
1586667486.285342, 49
1586667486.299288, 50
1586667486.314330, 50
1586667486.329472, 50
1586667486.344171, 51
1586667486.359930, 49
1586667486.374488, 50
1586667486.388549, 49
1586667486.402083, 49
1586667486.417083, 49
1586667486.432033, 50
1586667486.447562, 51
1586667486.461422, 50
1586667486.476229, 50
1586667486.491489, 50
1586667486.505955, 51
1586667486.520020, 50
1586667486.534330, 52
1586667486.548933, 51
1586667486.562464, 51
1586667486.576760, 51
1586667486.591483, 51
1586667486.606371, 50
1586667486.621002, 51
1586667486.635531, 52
1586667486.649897, 50
1586667486.664924, 51
1586667486.680071, 50
1586667486.695110, 51
1586667486.710024, 52
1586667486.723878, 53
1586667486.738745, 52
1586667486.753516, 53
1586667486.767510, 52
1586667486.782034, 52
1586667486.796478, 52
1586667486.810545, 52
1586667486.824965, 52
1586667486.837652, 53
1586667486.850922, 52
1586667486.865561, 51
1586667486.880132, 52
1586667486.894873, 52
1586667486.909257, 52
1586667486.922873, 52
1586667486.937408, 52
1586667486.952333, 53
1586667486.967040, 51
1586667486.982307, 52
1586667486.997350, 51
1586667487.011997, 52
1586667487.026094, 52
1586667487.040813, 53
1586667487.055529, 53
1586667487.070519, 52
1586667487.084589, 52
1586667487.099007, 52
1586667487.113825, 52
1586667487.127989, 52
1586667487.142694, 52
1586667487.157400, 53
1586667487.172057, 53
1586667487.187050, 53
1586667487.201571, 52
1586667487.216325, 53
1586667487.230501, 53
1586667487.245036, 54
1586667487.259508, 53
1586667487.273396, 53
1586667487.287181, 53
1586667487.300925, 53
1586667487.315897, 54
1586667487.329620, 53
1586667487.343841, 55
1586667487.357530, 54
1586667487.372350, 53
1586667487.387283, 53
1586667487.401701, 53
1586667487.415646, 53
1586667487.430021, 53
1586667487.444032, 55
1586667487.457822, 56
1586667487.471117, 54
1586667487.486370, 53
1586667487.500805, 54
1586667487.515107, 54
1586667487.529841, 54
1586667487.545129, 55
1586667487.559789, 55
1586667487.574052, 53
1586667487.588051, 54
1586667487.601682, 54
1586667487.615640, 54
1586667487.630584, 53
1586667487.644874, 54
1586667487.659347, 55
1586667487.672856, 55
1586667487.686778, 54
1586667487.700685, 53
1586667487.714233, 55
1586667487.728570, 54
1586667487.741778, 56
1586667487.756196, 56
1586667487.770855, 54
1586667487.785226, 56
1586667487.799441, 55
1586667487.813924, 54
1586667487.827646, 54
1586667487.841921, 57
1586667487.856560, 56
1586667487.871233, 54
1586667487.885741, 55
1586667487.900055, 55
1586667487.915119, 55
1586667487.929589, 55
1586667487.943006, 57
1586667487.957603, 57
1586667487.971174, 57
1586667487.984946, 56
1586667487.999161, 55
1586667488.012676, 56
1586667488.026826, 56
1586667488.042027, 56
1586667488.056613, 57
1586667488.071132, 58
1586667488.085595, 56
1586667488.099679, 55
1586667488.114003, 56
1586667488.128479, 57
1586667488.142458, 57
1586667488.156954, 56
1586667488.170757, 58
1586667488.184432, 56
1586667488.198373, 55
1586667488.212036, 56
1586667488.226116, 57
1586667488.239947, 56
1586667488.254655, 57
1586667488.268865, 57
1586667488.281577, 57
1586667488.296164, 56
1586667488.310770, 56
1586667488.325157, 57
1586667488.340112, 57
1586667488.354803, 58
1586667488.369216, 57
1586667488.384094, 57
1586667488.398196, 58
1586667488.411925, 57
1586667488.426139, 56
1586667488.440699, 57
1586667488.455537, 59
1586667488.470292, 58
1586667488.484032, 56
1586667488.497549, 58
1586667488.511429, 57
1586667488.525908, 57
1586667488.540292, 57
1586667488.554781, 58
1586667488.569000, 58
1586667488.583965, 58
1586667488.598028, 57
1586667488.612532, 57
1586667488.627103, 57
1586667488.640945, 57
1586667488.655313, 59
1586667488.669637, 59
1586667488.684245, 58
1586667488.698580, 58
1586667488.712636, 57
1586667488.727339, 58
1586667488.741677, 58
1586667488.755995, 59
1586667488.770208, 58
1586667488.784235, 58
1586667488.797351, 59
1586667488.811171, 58
1586667488.825216, 59
1586667488.839821, 59
1586667488.854774, 58
1586667488.869415, 58
1586667488.884399, 59
1586667488.898278, 59
1586667488.911901, 58
1586667488.925990, 59
1586667488.940445, 58
1586667488.954743, 60
1586667488.968953, 58
1586667488.983172, 58
1586667488.997283, 58
1586667489.011883, 57
1586667489.026941, 56
1586667489.042657, 56
1586667489.057543, 60
1586667489.071956, 59
1586667489.085697, 58
1586667489.100095, 56
1586667489.114896, 58
1586667489.129429, 57
1586667489.143206, 56
1586667489.157641, 58
1586667489.172269, 58
1586667489.185512, 59
1586667489.200148, 58
1586667489.213211, 57
1586667489.228296, 56
1586667489.243200, 56
1586667489.258206, 58
1586667489.271788, 51
1586667489.286318, 45
1586667489.300862, 40
1586667489.314943, 35
1586667489.329278, 28
1586667489.343001, 26
1586667489.356999, 27
1586667489.370966, 27
1586667489.386036, 26
1586667489.400777, 27
1586667489.414876, 27
1586667489.429017, 26
1586667489.442881, 26
1586667489.457116, 27
1586667489.471461, 27
1586667489.486251, 27
1586667489.501389, 27
1586667489.516274, 27
1586667489.530584, 28
1586667489.545143, 27
1586667489.559430, 28
1586667489.573967, 27
1586667489.588319, 28
1586667489.602785, 26
1586667489.617863, 27
1586667489.632958, 27
1586667489.646799, 28
1586667489.660592, 28
1586667489.675774, 28
1586667489.689633, 29
1586667489.703039, 30
1586667489.717710, 28
1586667489.732430, 27
1586667489.747439, 27
1586667489.761917, 29
1586667489.776264, 29
1586667489.792089, 29
1586667489.806257, 29
1586667489.820897, 29
1586667489.835218, 29
1586667489.849429, 28
1586667489.863728, 31
1586667489.878130, 30
1586667489.892143, 29
1586667489.906330, 30
1586667489.920616, 30
1586667489.935200, 29
1586667489.949334, 29
1586667489.963452, 32
1586667489.978404, 31
1586667489.992155, 30
1586667490.005675, 31
1586667490.019667, 30
1586667490.034391, 31
1586667490.049378, 30
1586667490.061964, 31
1586667490.076493, 31
1586667490.091398, 31
1586667490.106252, 31
1586667490.120230, 30
1586667490.134805, 30
1586667490.151179, 30
1586667490.163398, 30
1586667490.177706, 32
1586667490.191975, 31
1586667490.206243, 32
1586667490.219927, 32
1586667490.234385, 30
1586667490.248878, 32
1586667490.262995, 33
1586667490.277985, 31
1586667490.292179, 32
1586667490.307872, 32
1586667490.322534, 32
1586667490.336992, 30
1586667490.353358, 32
1586667490.366160, 34
1586667490.380765, 32
1586667490.394128, 33
1586667490.407890, 33
1586667490.421630, 34
1586667490.436129, 34
1586667490.450588, 32
1586667490.467331, 33
1586667490.481733, 34
1586667490.495922, 34
1586667490.510285, 33
1586667490.524540, 33
1586667490.538831, 33
1586667490.553441, 32
1586667490.569228, 33
1586667490.582788, 33
1586667490.597683, 34
1586667490.612157, 34
1586667490.626184, 34
1586667490.640894, 34
1586667490.656886, 33
1586667490.669977, 35
1586667490.684012, 34
1586667490.698453, 35
1586667490.713630, 34
1586667490.728347, 34
1586667490.742953, 34
1586667490.757748, 33
1586667490.771766, 35
1586667490.786407, 34
1586667490.800198, 34
1586667490.813917, 36
1586667490.828317, 35
1586667490.842476, 34
1586667490.857549, 34
1586667490.870353, 36
1586667490.884915, 35
1586667490.899616, 35
1586667490.914271, 36
1586667490.927127, 35
1586667490.940319, 35
1586667490.952631, 35
1586667490.966347, 35
1586667490.979199, 36
1586667490.991426, 35
1586667491.005501, 37
1586667491.020261, 36
1586667491.032824, 36
1586667491.045728, 37
1586667491.060562, 35
1586667491.074936, 36
1586667491.088817, 35
1586667491.101495, 37
1586667491.116248, 37
1586667491.130739, 36
1586667491.145029, 36
1586667491.160492, 35
1586667491.174223, 37
1586667491.187188, 36
1586667491.201758, 36
1586667491.215803, 39
1586667491.230183, 38
1586667491.244951, 37
1586667491.259236, 35
1586667491.273706, 38
1586667491.287880, 37
1586667491.302230, 37
1586667491.316458, 37
1586667491.330763, 38
1586667491.344548, 38
1586667491.357542, 36
1586667491.371366, 38
1586667491.385724, 38
1586667491.400632, 37
1586667491.415328, 37
1586667491.427878, 39
1586667491.441753, 38
1586667491.454533, 39
1586667491.468746, 37
1586667491.483035, 38
1586667491.497844, 39
1586667491.513012, 38
1586667491.527974, 38
1586667491.542731, 38
1586667491.557288, 39
1586667491.571860, 38
1586667491.586732, 38
1586667491.601207, 38
1586667491.615620, 38
1586667491.630255, 39
1586667491.643886, 39
1586667491.658115, 38
1586667491.672201, 39
1586667491.686546, 39
1586667491.701298, 38
1586667491.716060, 39
1586667491.729902, 39
1586667491.744079, 40
1586667491.758468, 38
1586667491.771843, 40
1586667491.784275, 40
1586667491.796824, 39
1586667491.809898, 39
1586667491.822585, 40
1586667491.835665, 39
1586667491.849680, 40
1586667491.863640, 40
1586667491.876957, 41
1586667491.890884, 40
1586667491.903857, 40
1586667491.917693, 40
1586667491.932719, 40
1586667491.946758, 41
1586667491.960092, 41
1586667491.974709, 40
1586667491.988701, 40
1586667492.003123, 40
1586667492.017702, 41
1586667492.031264, 40
1586667492.044423, 41
1586667492.057632, 40
1586667492.070193, 40
1586667492.084888, 41
1586667492.097768, 42
1586667492.112220, 41
1586667492.126510, 41
1586667492.139726, 40
1586667492.154653, 41
1586667492.168651, 40
1586667492.182619, 41
1586667492.197081, 41
1586667492.211263, 41
1586667492.225628, 41
1586667492.240183, 42
1586667492.253907, 42
1586667492.268140, 41
1586667492.282217, 42
1586667492.297015, 41
1586667492.311273, 43
1586667492.326197, 43
1586667492.340437, 43
1586667492.354931, 42
1586667492.369717, 42
1586667492.384266, 43
1586667492.398098, 43
1586667492.412582, 43
1586667492.425226, 42
1586667492.438306, 43
1586667492.450814, 42
1586667492.464402, 42
1586667492.478809, 43
1586667492.492761, 42
1586667492.507087, 42
1586667492.521609, 43
1586667492.536484, 42
1586667492.550884, 44
1586667492.565373, 43
1586667492.579939, 43
1586667492.594832, 43
1586667492.609305, 44
1586667492.622985, 43
1586667492.637194, 43
1586667492.651028, 43
1586667492.664509, 44
1586667492.678899, 44
1586667492.693441, 43
1586667492.707485, 44
1586667492.721637, 44
1586667492.734852, 44
1586667492.749448, 43
1586667492.764861, 44
1586667492.777562, 43
1586667492.792105, 44
1586667492.806384, 44
1586667492.821289, 44
1586667492.835636, 44
1586667492.848543, 43
1586667492.860902, 44
1586667492.874081, 44
1586667492.887586, 45
1586667492.899776, 45
1586667492.912924, 45
1586667492.926397, 45
1586667492.941101, 45
1586667492.954785, 44
1586667492.968900, 44
1586667492.982937, 46
1586667492.997312, 45
1586667493.011416, 44
1586667493.025588, 45
1586667493.040071, 45
1586667493.055084, 46
1586667493.069683, 46
1586667493.083652, 47
1586667493.098986, 45
1586667493.113672, 45
1586667493.128307, 45
1586667493.142302, 44
1586667493.157255, 46
1586667493.172227, 45
1586667493.187128, 46
1586667493.201829, 46
1586667493.216148, 46
1586667493.230408, 45
1586667493.244828, 45
1586667493.259642, 46
1586667493.273829, 46
1586667493.289570, 47
1586667493.304103, 46
1586667493.318789, 45
1586667493.333909, 46
1586667493.348673, 46
1586667493.361661, 46
1586667493.376049, 46
1586667493.390607, 47
1586667493.405279, 46
1586667493.420156, 46
1586667493.434562, 47
1586667493.449566, 46
1586667493.463694, 46
1586667493.478721, 46
1586667493.493691, 47
1586667493.507784, 47
1586667493.521792, 46
1586667493.535054, 47
1586667493.547476, 46
1586667493.560474, 48
1586667493.574003, 47
1586667493.588237, 48
1586667493.602251, 46
1586667493.615759, 47
1586667493.631075, 47
1586667493.643829, 47
1586667493.658760, 48
1586667493.673192, 47
1586667493.688141, 48
1586667493.701553, 48
1586667493.714539, 47
1586667493.726948, 48
1586667493.739595, 48
1586667493.752516, 48
1586667493.767307, 48
1586667493.782062, 48
1586667493.796796, 49
1586667493.811694, 48
1586667493.826728, 47
1586667493.840877, 48
1586667493.855239, 49
1586667493.869647, 48
1586667493.884257, 49
1586667493.899406, 49
1586667493.914032, 48
1586667493.928672, 50
1586667493.942931, 48
1586667493.957351, 49
1586667493.970088, 49
1586667493.982524, 50
1586667493.995054, 50
1586667494.008992, 49
1586667494.022735, 48
1586667494.037796, 49
1586667494.050648, 49
1586667494.065404, 49
1586667494.079917, 50
1586667494.094072, 49
1586667494.108831, 49
1586667494.123752, 49
1586667494.138106, 51
1586667494.153000, 49
1586667494.166415, 49
1586667494.180086, 49
1586667494.192858, 51
1586667494.206117, 51
1586667494.220700, 50
1586667494.233997, 50
1586667494.247070, 50
1586667494.261512, 50
1586667494.275783, 50
1586667494.290428, 50
1586667494.304901, 51
1586667494.319150, 51
1586667494.333218, 49
1586667494.347614, 51
1586667494.362016, 50
1586667494.376784, 51
1586667494.391139, 49
1586667494.404516, 52
1586667494.419091, 50
1586667494.431191, 51
1586667494.445969, 50
1586667494.460455, 51
1586667494.475270, 51
1586667494.490017, 52
1586667494.504830, 52
1586667494.519479, 51
1586667494.534281, 50
1586667494.549266, 51
1586667494.563841, 51
1586667494.578823, 51
1586667494.593168, 51
1586667494.606834, 53
1586667494.621711, 52
1586667494.636218, 51
1586667494.651217, 51
1586667494.665922, 51
1586667494.680648, 50
1586667494.695671, 51
1586667494.710614, 53
1586667494.725183, 52
1586667494.739645, 51
1586667494.753844, 51
1586667494.768536, 52
1586667494.783337, 52
1586667494.796223, 52
1586667494.808626, 52
1586667494.821507, 52
1586667494.834449, 52
1586667494.849401, 52
1586667494.864292, 51
1586667494.878914, 52
1586667494.892968, 52
1586667494.906164, 53
1586667494.919438, 53
1586667494.933083, 52
1586667494.946436, 53
1586667494.959844, 51
1586667494.974983, 52
1586667494.990132, 53
1586667495.002736, 53
1586667495.016036, 53
1586667495.028951, 53
1586667495.043159, 52
1586667495.057788, 54
1586667495.072393, 52
1586667495.087263, 52
1586667495.100355, 53
1586667495.114353, 53
1586667495.129736, 53
1586667495.144070, 53
1586667495.156883, 52
1586667495.169755, 53
1586667495.182611, 53
1586667495.195652, 54
1586667495.208144, 55
1586667495.220892, 55
1586667495.233468, 53
1586667495.247890, 53
1586667495.262545, 53
1586667495.276741, 53
1586667495.290094, 52
1586667495.304662, 54
1586667495.319483, 55
1586667495.334438, 54
1586667495.347127, 54
1586667495.360732, 54
1586667495.375148, 53
1586667495.389091, 54
1586667495.401650, 54
1586667495.414673, 55
1586667495.427206, 54
1586667495.441586, 54
1586667495.457103, 53
1586667495.471435, 53
1586667495.484909, 54
1586667495.497902, 56
1586667495.512526, 54
1586667495.527335, 56
1586667495.541966, 55
1586667495.555416, 54
1586667495.571086, 55
1586667495.585582, 54
1586667495.600111, 55
1586667495.614762, 55
1586667495.629292, 55
1586667495.642016, 54
1586667495.655049, 56
1586667495.669882, 56
1586667495.683438, 54
1586667495.698172, 54
1586667495.711393, 55
1586667495.724038, 57
1586667495.738708, 57
1586667495.753381, 55
1586667495.768052, 53
1586667495.783162, 55
1586667495.798198, 55
1586667495.812925, 56
1586667495.827805, 56
1586667495.842151, 55
1586667495.856120, 55
1586667495.868832, 56
1586667495.882275, 56
1586667495.897236, 55
1586667495.909767, 54
1586667495.922367, 54
1586667495.935231, 58
1586667495.949751, 57
1586667495.963798, 56
1586667495.979236, 56
1586667495.993619, 57
1586667496.008186, 57
1586667496.021499, 56
1586667496.033826, 56
1586667496.046275, 56
1586667496.059862, 57
1586667496.074363, 55
1586667496.089423, 57
1586667496.103729, 57
1586667496.118433, 58
1586667496.133100, 57
1586667496.147730, 57
1586667496.162819, 56
1586667496.177430, 56
1586667496.192109, 56
1586667496.205773, 56
1586667496.219942, 57
1586667496.234305, 58
1586667496.248816, 56
1586667496.263017, 57
1586667496.277621, 57
1586667496.292098, 58
1586667496.306737, 57
1586667496.321479, 57
1586667496.336106, 59
1586667496.350061, 58
1586667496.363667, 57
1586667496.378251, 56
1586667496.391945, 57
1586667496.407581, 58
1586667496.422305, 59
1586667496.437320, 58
1586667496.451403, 58
1586667496.465585, 58
1586667496.479355, 57
1586667496.493247, 58
1586667496.506068, 58
1586667496.518180, 58
1586667496.530343, 58
1586667496.544341, 59
1586667496.557004, 59
1586667496.571938, 58
1586667496.586509, 58
1586667496.600770, 58
1586667496.613030, 59
1586667496.626243, 59
1586667496.638859, 59
1586667496.653502, 59
1586667496.667401, 58
1586667496.681699, 58
1586667496.696204, 58
1586667496.710173, 57
1586667496.725338, 59
1586667496.740110, 60
1586667496.755778, 58
1586667496.770274, 58
1586667496.784139, 59
1586667496.797959, 58
1586667496.812550, 57
1586667496.826843, 60
1586667496.841269, 58
1586667496.856193, 59
1586667496.870918, 58
1586667496.885552, 58
1586667496.899278, 59
1586667496.914645, 58
1586667496.929487, 59
1586667496.943373, 59
1586667496.956896, 60
1586667496.971471, 60
1586667496.984650, 58
1586667496.998961, 59
1586667497.013902, 58
1586667497.028014, 60
1586667497.042065, 59
1586667497.055651, 60
1586667497.070446, 58
1586667497.084923, 59
1586667497.100023, 58
1586667497.114464, 57
1586667497.128959, 58
1586667497.143467, 53
1586667497.157714, 47
1586667497.171787, 41
1586667497.186049, 36
1586667497.200460, 29
1586667497.216418, 26
1586667497.229199, 27
1586667497.243927, 26
1586667497.258704, 28
1586667497.273342, 27
1586667497.286483, 26
1586667497.300342, 25
1586667497.314219, 26
1586667497.327915, 27
1586667497.342076, 28
1586667497.356517, 27
1586667497.371214, 27
1586667497.385731, 26
1586667497.399723, 27
1586667497.414162, 26
1586667497.427632, 29
1586667497.440390, 28
1586667497.455494, 28
1586667497.471142, 29
1586667497.485508, 29
1586667497.500317, 27
1586667497.515123, 28
1586667497.527625, 28
1586667497.540694, 28
1586667497.555943, 29
1586667497.570855, 29
1586667497.584631, 28
1586667497.599146, 28
1586667497.612941, 28
1586667497.627432, 29
1586667497.641766, 28
1586667497.656016, 29
1586667497.671321, 28
1586667497.685869, 29
1586667497.700581, 29
1586667497.714930, 27
1586667497.730020, 29
1586667497.745130, 29
1586667497.759343, 31
1586667497.774071, 30
1586667497.787736, 29
1586667497.801697, 28
1586667497.815776, 30
1586667497.829767, 30
1586667497.844427, 31
1586667497.857529, 31
15866674