40.0
33.3
141
243
300
297
299
283
232
171
143
136
128
126
134
137
122
81.4
76.5
75.9
77.4
87.7
84.7
84.8
88.6
87.6
89.9
87.8
90.8
94.6
93.9
95.2
97.2
96.5
98.9
103
102
99.3
105
105
107
107
108
109
110
111
113
118
116
118
116
121
120
118
123
120
128
122
127
132
125
133
131
128
132
136
138
135
138
138
139
141
138
140
144
147
142
143
144
145
145
151
143
151
148
150
152
152
152
152
154
159
156
160
160
163
159
159
162
160
165
165
165
162
167
166
169
170
167
168
168
171
173
175
170
173
176
179
172
181
184
181
180
178
180
181
180
180
179
183
181
185
184
183
189
193
190
190
193
189
189
190
193
190
192
194
191
194
199
199
204
210
209
205
207
205
199
195
197
203
198
202
148
104
106
104
103
108
105
110
108
110
117
116
111
112
119
114
124
123
119
122
127
124
121
126
127
132
126
127
131
136
132
135
137
140
134
136
140
139
138
136
140
139
143
145
148
149
148
147
143
147
152
156
155
156
153
155
156
155
154
156
160
158
166
162
158
160
161
163
163
168
168
163
168
171
169
172
174
172
172
169
176
171
186
181
177
175
180
179
176
182
181
179
183
184
185
184
187
183
183
188
189
184
182
192
192
188
184
187
190
191
194
191
190
195
197
195
202
204
199
195
202
205
204
197
199
203
208
203
195
147
101
102
103
103
112
107
104
109
107
112
113
117
117
114
119
119
121
125
119
125
120
121
129
124
126
136
130
135
134
135
130
133
136
135
138
137
136
141
148
142
146
145
146
147
147
144
147
154
149
149
149
154
159
153
153
155
155
155
160
163
160
154
159
167
164
163
163
165
163
166
162
171
167
169
168
174
173
170
175
177
174
171
176
176
178
175
176
177
190
187
178
181
180
186
184
178
183
188
195
187
187
188
192
192
191
195
191
190
191
198
196
195
193
196
197
197
195
198
201
202
204
199
200
204
208
205
202
204
202
200
151
105
109
104
107
105
107
111
109
114
111
116
115
118
116
116
121
120
126
121
123
129
122
127
129
129
131
134
132
128
134
134
140
135
137
142
138
143
140
141
138
146
142
147
146
144
145
146
147
151
151
150
153
154
152
156
151
152
158
161
159
157
162
161
159
166
163
161
168
166
165
168
169
165
170
173
172
173
173
171
176
175
176
172
178
178
179
174
175
177
180
181
179
181
182
186
189
187
180
187
192
187
184
188
192
193
197
191
191
194
198
195
192
200
201
198
199
196
200
202
208
205
209
203
200
203
191
133
103
105
108
104
109
111
109
110
113
109
114
115
114
115
117
115
112
119
126
117
126
126
130
126
133
133
128
132
133
132
135
138
139
137
137
137
138
140
142
142
146
146
