1586667572.592987  0
1586667572.622957  1
1586667572.639750  0
1586667572.652771  7
1586667572.669814  0
1586667572.685876  7
1586667572.707280  9
1586667572.727751  14
1586667572.741922  21
1586667572.755924  22
1586667572.770414  23
1586667572.784710  25
1586667572.799355  30
1586667572.814301  36
1586667572.828316  39
1586667572.841729  42
1586667572.854922  46
1586667572.869979  50
1586667572.883913  55
1586667572.897465  58
1586667572.911829  61
1586667572.926505  66
1586667572.941265  68
1586667572.954361  73
1586667572.968224  77
1586667572.982176  79
1586667572.994794  80
1586667573.010319  79
1586667573.023599  79
1586667573.040191  80
1586667573.054504  80
1586667573.067715  79
1586667573.081089  80
1586667573.095617  80
1586667573.109124  80
1586667573.122393  79
1586667573.138359  79
1586667573.153216  80
1586667573.167688  79
1586667573.182491  80
1586667573.196848  80
1586667573.210776  80
1586667573.224763  80
1586667573.238941  79
1586667573.252931  80
1586667573.267171  80
1586667573.280289  80
1586667573.292849  79
1586667573.307413  78
1586667573.321341  78
1586667573.334150  80
1586667573.348607  79
1586667573.363516  80
1586667573.376842  80
1586667573.390106  79
1586667573.403918  80
1586667573.416446  78
1586667573.430033  78
1586667573.444145  80
1586667573.458772  79
1586667573.476031  79
1586667573.489242  79
1586667573.503245  80
1586667573.517240  80
1586667573.530207  78
1586667573.543300  80
1586667573.557778  80
1586667573.571799  80
1586667573.584836  79
1586667573.597650  76
1586667573.610312  79
1586667573.623996  79
1586667573.640698  78
1586667573.653905  77
1586667573.668295  77
1586667573.682346  75
1586667573.696619  75
1586667573.709596  75
1586667573.722749  79
1586667573.739095  79
1586667573.754649  80
1586667573.767489  80
1586667573.782202  80
1586667573.797264  79
1586667573.810223  79
1586667573.822789  77
1586667573.837217  74
1586667573.849659  76
1586667573.864458  78
1586667573.878892  78
1586667573.892507  77
1586667573.906856  78
1586667573.919591  80
1586667573.934004  80
1586667573.947710  78
1586667573.961606  74
1586667573.974519  76
1586667573.987197  73
1586667574.002340  77
1586667574.017534  74
1586667574.031873  74
1586667574.045352  79
1586667574.058522  78
1586667574.071789  78
1586667574.085196  75
1586667574.098410  74
1586667574.111588  77
1586667574.124954  79
1586667574.138895  79
1586667574.152327  78
1586667574.165344  79
1586667574.178286  78
1586667574.191144  78
1586667574.207555  75
1586667574.224321  70
1586667574.241597  66
1586667574.255706  64
1586667574.269479  61
1586667574.283441  58
1586667574.296869  55
1586667574.310122  53
1586667574.324491  50
1586667574.340709  47
1586667574.353338  47
1586667574.367618  45
1586667574.380766  47
1586667574.394100  46
1586667574.407177  48
1586667574.420471  43
1586667574.434134  38
1586667574.448185  34
1586667574.460764  30
1586667574.474558  30
1586667574.487724  30
1586667574.501123  28
1586667574.514374  28
1586667574.527506  27
1586667574.542552  26
1586667574.557582  27
1586667574.570933  28
1586667574.584768  27
1586667574.599798  28
1586667574.613041  27
1586667574.626330  27
1586667574.639425  26
1586667574.653869  28
1586667574.666880  28
1586667574.681630  28
1586667574.696860  28
1586667574.711404  28
1586667574.724177  27
1586667574.739139  28
1586667574.753225  29
1586667574.766603  30
1586667574.779046  29
1586667574.791899  28
1586667574.805931  28
1586667574.824702  28
1586667574.843058  27
1586667574.856665  29
1586667574.869308  29
1586667574.883603  28
1586667574.897998  29
1586667574.913012  29
1586667574.926878  29
1586667574.942853  28
1586667574.956257  30
1586667574.970408  29
1586667574.984169  29
1586667574.999481  29
1586667575.014372  29
1586667575.028206  28
1586667575.041986  28
1586667575.055058  29
1586667575.070136  30
1586667575.083099  30
1586667575.096145  31
1586667575.109141  30
1586667575.121842  29
1586667575.136639  29
1586667575.151045  30
1586667575.165045  31
1586667575.178236  30
1586667575.192324  30
1586667575.206645  30
1586667575.219721  30
1586667575.235068  30
1586667575.249236  30
1586667575.262543  32
1586667575.277417  30
1586667575.291952  31
1586667575.306009  32
1586667575.319462  31
1586667575.332654  30
1586667575.346944  30
1586667575.360396  31
1586667575.374256  32
1586667575.389442  32
1586667575.402803  31
1586667575.415435  32
1586667575.428605  32
1586667575.444202  31
1586667575.459493  31
1586667575.473642  32
1586667575.486595  33
1586667575.500650  32
1586667575.514855  32
1586667575.529426  31
1586667575.544043  31
1586667575.558281  31
1586667575.573196  33
1586667575.586810  32
1586667575.601195  33
1586667575.614815  34
1586667575.629661  32
1586667575.643249  32
1586667575.657844  33
1586667575.672226  33
1586667575.685896  33
1586667575.699728  34
1586667575.713063  33
1586667575.726462  33
1586667575.740855  33
1586667575.758428  33
1586667575.772470  33
1586667575.785908  34
1586667575.799125  34
1586667575.813385  34
1586667575.827768  34
1586667575.841291  33
1586667575.856151  34
1586667575.869819  35
1586667575.883300  34
1586667575.897554  34
1586667575.911538  33
1586667575.924787  35
1586667575.938199  33
1586667575.952332  33
1586667575.965937  35
1586667575.978978  35
1586667575.993563  35
1586667576.007999  35
1586667576.025557  35
1586667576.042800  34
1586667576.056707  36
1586667576.070443  35
1586667576.085075  35
1586667576.098833  35
1586667576.112572  35
1586667576.126807  34
1586667576.141143  35
1586667576.154089  36
1586667576.166422  35
1586667576.179414  36
1586667576.193962  36
1586667576.207031  36
1586667576.222017  37
1586667576.236031  36
1586667576.250299  34
1586667576.264378  37
1586667576.277690  37
1586667576.292441  37
1586667576.305465  36
1586667576.320231  37
1586667576.333440  37
1586667576.347006  36
1586667576.361466  36
1586667576.375721  36
1586667576.391060  36
1586667576.403960  37
1586667576.417370  37
1586667576.431337  38
1586667576.445932  37
1586667576.460081  37
1586667576.475392  36
1586667576.490023  37
1586667576.504832  38
1586667576.518056  36
1586667576.531145  38
1586667576.544962  38
1586667576.558358  37
1586667576.572983  36
1586667576.587713  38
1586667576.601371  39
1586667576.616195  38
1586667576.630121  38
1586667576.644268  38
1586667576.658346  38
1586667576.672189  39
1586667576.685178  38
1586667576.698632  39
1586667576.712767  38
1586667576.727908  38
1586667576.742032  38
1586667576.756451  38
1586667576.770575  38
1586667576.785507  38
1586667576.798656  38
1586667576.813145  38
1586667576.826597  40
1586667576.839649  40
1586667576.853956  39
1586667576.866546  40
1586667576.880990  39
1586667576.894814  39
1586667576.908965  39
1586667576.923063  40
1586667576.936540  39
1586667576.951224  39
1586667576.965547  38
1586667576.980054  39
1586667576.994726  40
1586667577.008987  39
1586667577.023112  39
1586667577.036257  40
1586667577.049549  41
1586667577.063339  39
1586667577.076240  40
1586667577.090431  40
1586667577.103596  41
1586667577.118070  40
1586667577.132232  40
1586667577.146521  41
1586667577.160217  40
1586667577.172851  41
1586667577.185873  40
1586667577.200290  41
1586667577.215230  41
1586667577.231446  41
1586667577.245035  41
1586667577.258388  41
1586667577.272483  41
1586667577.286113  42
1586667577.299047  41
1586667577.312576  41
1586667577.326422  42
1586667577.343209  41
1586667577.356630  41
1586667577.371817  42
1586667577.386474  41
1586667577.401761  42
1586667577.415819  41
1586667577.430938  41
1586667577.445811  42
1586667577.458721  42
1586667577.474087  41
1586667577.488392  42
1586667577.502537  42
1586667577.516595  42
1586667577.529905  43
1586667577.543851  43
1586667577.556918  42
1586667577.571489  41
1586667577.585683  42
1586667577.599841  43
1586667577.613808  42
1586667577.629141  43
1586667577.642119  43
1586667577.656401  42
1586667577.670656  42
1586667577.685082  43
1586667577.700246  44
1586667577.714362  43
1586667577.729709  44
1586667577.743271  43
1586667577.758066  43
1586667577.772835  43
1586667577.787521  44
1586667577.801319  44
1586667577.814135  42
1586667577.830699  45
1586667577.845639  46
1586667577.860496  46
1586667577.874942  45
1586667577.889861  46
1586667577.904566  46
1586667577.919103  45
1586667577.933496  44
1586667577.947832  45
1586667577.962536  45
1586667577.976519  46
1586667577.990337  45
1586667578.004854  45
1586667578.019467  46
1586667578.033970  46
1586667578.046766  45
1586667578.061554  45
1586667578.075757  46
1586667578.090200  45
1586667578.105391  45
1586667578.118335  46
1586667578.133050  46
1586667578.147290  46
1586667578.160857  44
1586667578.174295  44
1586667578.186663  46
1586667578.199771  44
1586667578.213004  46
1586667578.227208  45
1586667578.241944  45
1586667578.256428  46
1586667578.270620  46
1586667578.283173  45
1586667578.296068  45
1586667578.310808  45
1586667578.324305  44
1586667578.338436  46
1586667578.352343  46
1586667578.366312  46
1586667578.379355  45
1586667578.394327  47
1586667578.407415  46
1586667578.421269  45
1586667578.434078  46
1586667578.447381  47
1586667578.461994  47
1586667578.475278  46
1586667578.489517  47
1586667578.503763  46
1586667578.519255  47
1586667578.533235  45
1586667578.546791  46
1586667578.560746  45
1586667578.573809  46
1586667578.587736  48
1586667578.602705  46
1586667578.615886  46
1586667578.630452  46
1586667578.643067  48
1586667578.658176  47
1586667578.671836  47
1586667578.686337  46
1586667578.700304  48
1586667578.714963  47
1586667578.728507  48
1586667578.741690  48
1586667578.756747  47
1586667578.770233  48
1586667578.784006  47
1586667578.797755  48
1586667578.812569  47
1586667578.827331  47
1586667578.840838  48
1586667578.854439  47
1586667578.868764  48
1586667578.883340  47
1586667578.898481  48
1586667578.912590  49
1586667578.926693  48
1586667578.939772  48
1586667578.952239  49
1586667578.966829  47
1586667578.981362  48
1586667578.995668  49
1586667579.010285  48
1586667579.025947  48
1586667579.041132  48
1586667579.053962  48
1586667579.067080  47
1586667579.080129  49
1586667579.093489  50
1586667579.106710  48
1586667579.120077  48
1586667579.132633  50
1586667579.145826  50
1586667579.159264  49
1586667579.172486  50
1586667579.186552  50
1586667579.201443  50
1586667579.214842  49
1586667579.228682  48
1586667579.242130  50
1586667579.255590  49
1586667579.269047  49
1586667579.283484  49
1586667579.297692  50
1586667579.310632  50
1586667579.323702  49
1586667579.338621  51
1586667579.353535  50
1586667579.366828  49
1586667579.380015  49
1586667579.393317  50
1586667579.406598  52
1586667579.419738  49
1586667579.432681  51
1586667579.446815  50
1586667579.460241  49
1586667579.473227  51
1586667579.486735  51
1586667579.499779  51
1586667579.514252  51
1586667579.527733  51
1586667579.540640  51
1586667579.554506  51
1586667579.567761  50
1586667579.582729  50
1586667579.595735  52
1586667579.609745  52
1586667579.624835  49
1586667579.641348  51
1586667579.654129  51
1586667579.667700  51
1586667579.681106  50
1586667579.695333  51
1586667579.708033  52
1586667579.721234  51
1586667579.734453  51
1586667579.747256  52
1586667579.760428  51
1586667579.775516  51
1586667579.789156  52
1586667579.802136  53
1586667579.816626  52
1586667579.831526  51
1586667579.845384  51
1586667579.859803  51
1586667579.874091  52
1586667579.889113  51
1586667579.904462  52
1586667579.919458  53
1586667579.934478  51
1586667579.948376  52
1586667579.961427  52
1586667579.975130  53
1586667579.987863  53
1586667580.002217  53
1586667580.016602  52
1586667580.030548  52
1586667580.043833  52
1586667580.057808  51
1586667580.073300  52
1586667580.086750  53
1586667580.101508  54
1586667580.116292  54
1586667580.130180  52
1586667580.143893  52
1586667580.158217  52
1586667580.171394  53
1586667580.184705  53
1586667580.198517  53
1586667580.212243  55
1586667580.228198  52
1586667580.243155  53
1586667580.257913  54
1586667580.271377  53
1586667580.286298  53
1586667580.300517  53
1586667580.314264  54
1586667580.328639  54
1586667580.341705  53
1586667580.355854  53
1586667580.369863  54
1586667580.384634  54
1586667580.398276  54
1586667580.411510  54
1586667580.426205  53
1586667580.440457  52
1586667580.453712  54
1586667580.466887  54
1586667580.479790  54
1586667580.493409  54
1586667580.507353  54
1586667580.522765  54
1586667580.537677  54
1586667580.552473  54
1586667580.566312  53
1586667580.579786  53
1586667580.593066  54
1586667580.608750  55
1586667580.622910  55
1586667580.636777  55
1586667580.650608  54
1586667580.663673  53
1586667580.676936  54
1586667580.690020  55
1586667580.703616  56
1586667580.717072  55
1586667580.730083  55
1586667580.743388  54
1586667580.756778  54
1586667580.771063  54
1586667580.784975  55
1586667580.799661  55
1586667580.813206  57
1586667580.827667  56
1586667580.842873  54
1586667580.858884  55
1586667580.873263  55
1586667580.888061  55
1586667580.902928  54
1586667580.917497  57
1586667580.931008  57
1586667580.945285  55
1586667580.959387  55
1586667580.973871  55
1586667580.987323  56
1586667581.001272  55
1586667581.015161  57
1586667581.028483  56
1586667581.043157  55
1586667581.056996  55
1586667581.070911  56
1586667581.083527  55
1586667581.096389  56
1586667581.111371  57
1586667581.125772  57
1586667581.140301  57
1586667581.155002  56
1586667581.168278  54
1586667581.181677  55
1586667581.196123  57
1586667581.209878  56
1586667581.223627  57
1586667581.238349  57
1586667581.252534  56
1586667581.266756  55
1586667581.281602  55
1586667581.295736  56
1586667581.309832  57
1586667581.325103  57
1586667581.337743  59
1586667581.350677  57
1586667581.365354  56
1586667581.378123  56
1586667581.392887  57
1586667581.406735  56
1586667581.420794  59
1586667581.438087  58
1586667581.452120  56
1586667581.465243  57
1586667581.478424  58
1586667581.491468  57
1586667581.506286  56
1586667581.520069  59
1586667581.533865  58
1586667581.547069  58
1586667581.560373  57
1586667581.573980  57
1586667581.587559  57
1586667581.602669  57
1586667581.616743  59
1586667581.630001  59
1586667581.642742  59
1586667581.656838  57
1586667581.669164  57
1586667581.682446  58
1586667581.695984  58
1586667581.709093  59
1586667581.723646  58
1586667581.737891  58
1586667581.751701  59
1586667581.765841  58
1586667581.779214  58
1586667581.793975  59
1586667581.807601  58
1586667581.821011  59
1586667581.835392  59
1586667581.849059  60
1586667581.862090  58
1586667581.877774  58
1586667581.891685  57
1586667581.904357  59
1586667581.917997  59
1586667581.930875  60
1586667581.946011  59
1586667581.959836  59
1586667581.973127  59
1586667581.987473  58
1586667582.002224  59
1586667582.017319  60
1586667582.030936  60
1586667582.043875  60
1586667582.061165  58
1586667582.075272  59
1586667582.088594  60
1586667582.101390  59
1586667582.114537  59
1586667582.129042  59
1586667582.142504  61
1586667582.155741  60
1586667582.168732  59
1586667582.183511  60
1586667582.198295  60
1586667582.212313  60
1586667582.225942  60
1586667582.241688  60
1586667582.257156  60
1586667582.272411  59
1586667582.287228  59
1586667582.300340  59
1586667582.315260  60
1586667582.328364  62
1586667582.342370  61
1586667582.356949  62
1586667582.370754  60
1586667582.383689  61
1586667582.398422  60
1586667582.413577  60
1586667582.427832  62
1586667582.441816  62
1586667582.456706  61
1586667582.470044  61
1586667582.482489  61
1586667582.496940  60
1586667582.511858  59
1586667582.526234  61
1586667582.540228  61
1586667582.553382  62
1586667582.567800  60
1586667582.580752  61
1586667582.594342  60
1586667582.607353  60
1586667582.622674  62
1586667582.641099  61
1586667582.654276  62
1586667582.667438  63
1586667582.680633  61
1586667582.694450  62
1586667582.708803  61
1586667582.722425  61
1586667582.735910  62
1586667582.749242  63
1586667582.763570  62
1586667582.778017  61
1586667582.792764  61
1586667582.807698  61
1586667582.821811  62
1586667582.836373  63
1586667582.850131  62
1586667582.864366  62
1586667582.878667  62
1586667582.892854  61
1586667582.907702  61
1586667582.922510  62
1586667582.936417  62
1586667582.950934  62
1586667582.965758  62
1586667582.980473  63
1586667582.993089  62
1586667583.007000  61
1586667583.021830  62
1586667583.036293  63
1586667583.051112  64
1586667583.065722  63
1586667583.079454  61
1586667583.094168  62
1586667583.108209  62
1586667583.122211  62
1586667583.136317  63
1586667583.150612  63
1586667583.165121  63
1586667583.179677  62
1586667583.193666  62
1586667583.208736  62
1586667583.223828  63
1586667583.240336  63
1586667583.255888  62
1586667583.271100  64
1586667583.285410  61
1586667583.299693  62
1586667583.312742  63
1586667583.326696  63
1586667583.342729  64
1586667583.355972  64
1586667583.369374  64
1586667583.382494  64
1586667583.395910  64
1586667583.409857  63
1586667583.424323  63
1586667583.439297  65
1586667583.451904  64
1586667583.466439  64
1586667583.481597  64
1586667583.496206  64
1586667583.509900  63
1586667583.523500  65
1586667583.537163  65
1586667583.551038  65
1586667583.565701  65
1586667583.579215  64
1586667583.592608  63
1586667583.606327  64
1586667583.621119  63
1586667583.635688  65
1586667583.650114  66
1586667583.664801  65
1586667583.677980  66
1586667583.691194  64
1586667583.705234  65
1586667583.718488  65
1586667583.731840  64
1586667583.746033  65
1586667583.759613  66
1586667583.773840  65
1586667583.787915  64
1586667583.803150  66
1586667583.818036  64
1586667583.832350  64
1586667583.845645  66
1586667583.858887  66
1586667583.873283  65
1586667583.886564  66
1586667583.900012  64
1586667583.912321  64
1586667583.925433  65
1586667583.938269  65
1586667583.952168  66
1586667583.965798  65
1586667583.979661  65
1586667583.993515  66
1586667584.008348  65
1586667584.023143  64
1586667584.038379  65
1586667584.052360  67
1586667584.066994  66
1586667584.081660  66
1586667584.095085  66
1586667584.109772  65
1586667584.124664  66
1586667584.139187  65
1586667584.153014  67
1586667584.167282  67
1586667584.180579  67
1586667584.195205  67
1586667584.209437  65
1586667584.223555  65
1586667584.237856  66
1586667584.253437  67
1586667584.268292  66
1586667584.282648  67
1586667584.297652  66
1586667584.311823  65
1586667584.325055  66
1586667584.338161  67
1586667584.351395  68
1586667584.364482  67
1586667584.379197  67
1586667584.393782  67
1586667584.407033  65
1586667584.419710  66
1586667584.434048  67
1586667584.448906  68
1586667584.463621  67
1586667584.477077  67
1586667584.490412  68
1586667584.504577  67
1586667584.518397  66
1586667584.531370  66
1586667584.544212  68
1586667584.558304  67
1586667584.571784  68
1586667584.585866  69
1586667584.599422  67
1586667584.614807  67
1586667584.629358  67
1586667584.642959  68
1586667584.657348  67
1586667584.670804  68
1586667584.683912  69
1586667584.697340  68
1586667584.711401  68
1586667584.724421  68
1586667584.737052  68
1586667584.751796  68
1586667584.766090  69
1586667584.779972  69
1586667584.792751  69
1586667584.806149  67
1586667584.821399  69
1586667584.834668  68
1586667584.849453  69
1586667584.863074  68
1586667584.876252  68
1586667584.890322  69
1586667584.903883  69
1586667584.917952  68
1586667584.931498  67
1586667584.946932  69
1586667584.961344  69
1586667584.975707  69
1586667584.989618  69
1586667585.003346  68
1586667585.017436  67
1586667585.031443  67
1586667585.045374  68
1586667585.058906  69
1586667585.073135  69
1586667585.086427  69
1586667585.100155  68
1586667585.114329  68
1586667585.128154  69
1586667585.141164  68
1586667585.154066  70
1586667585.167812  70
1586667585.182726  69
1586667585.197505  69
1586667585.210869  68
1586667585.224770  68
1586667585.239210  69
1586667585.254012  69
1586667585.267814  70
1586667585.281398  70
1586667585.294902  70
1586667585.308956  69
1586667585.321488  69
1586667585.334446  69
1586667585.348473  69
1586667585.362710  69
1586667585.376924  70
1586667585.390241  70
1586667585.404894  70
1586667585.418160  70
1586667585.431411  69
1586667585.444320  69
1586667585.457876  71
1586667585.472405  71
1586667585.485518  70
1586667585.500656  70
1586667585.515659  69
1586667585.528630  70
1586667585.541889  69
1586667585.554869  71
1586667585.568891  70
1586667585.582772  71
1586667585.596042  71
1586667585.609652  71
1586667585.623183  69
1586667585.636210  69
1586667585.649714  71
1586667585.663190  71
1586667585.676931  70
1586667585.692190  70
1586667585.705817  71
1586667585.719149  69
1586667585.733262  70
1586667585.746513  69
1586667585.759661  71
1586667585.774684  71
1586667585.787823  72
1586667585.801385  71
1586667585.814543  71
1586667585.827841  71
1586667585.842568  71
1586667585.857868  71
1586667585.872149  71
1586667585.886548  71
1586667585.900588  72
1586667585.914004  72
1586667585.927097  70
1586667585.942194  70
1586667585.956395  71
1586667585.969460  71
1586667585.982188  71
1586667585.995188  72
1586667586.008856  71
1586667586.022335  71
1586667586.036867  71
1586667586.050302  71
1586667586.063313  71
1586667586.076663  72
1586667586.089652  72
1586667586.103425  72
1586667586.117520  71
1586667586.130849  71
1586667586.145417  71
1586667586.160414  73
1586667586.173552  72
1586667586.187769  73
1586667586.201336  72
1586667586.215842  73
1586667586.229574  71
1586667586.244780  72
1586667586.258381  72
1586667586.271765  74
1586667586.286249  73
1586667586.300660  74
1586667586.313745  73
1586667586.327050  73
1586667586.340391  72
1586667586.355334  73
1586667586.369743  73
1586667586.384691  74
1586667586.398364  74
1586667586.411924  74
1586667586.425219  74
1586667586.438309  73
1586667586.453147  72
1586667586.465892  73
1586667586.480406  73
1586667586.494934  72
1586667586.509396  73
1586667586.523678  75
1586667586.538392  73
1586667586.551764  72
1586667586.566125  73
1586667586.580701  74
1586667586.594415  73
1586667586.607858  73
1586667586.622147  74
1586667586.635368  72
1586667586.649072  72
1586667586.662388  72
1586667586.676703  74
1586667586.690543  74
1586667586.705140  73
1586667586.719958  73
1586667586.734926  74
1586667586.749486  72
1586667586.763174  73
1586667586.777285  74
1586667586.790433  73
1586667586.803672  73
1586667586.816758  74
1586667586.829807  74
1586667586.843766  73
1586667586.858160  72
1586667586.872690  75
1586667586.885927  73
1586667586.899293  74
1586667586.913211  74
1586667586.926361  74
1586667586.938685  73
1586667586.953510  73
1586667586.966891  73
1586667586.979608  75
1586667586.993237  75
1586667587.008020  74
1586667587.022399  74
1586667587.037210  74
1586667587.052443  73
1586667587.066594  73
1586667587.079681  74
1586667587.094404  73
1586667587.109923  75
1586667587.123251  75
1586667587.138507  73
1586667587.153351  74
1586667587.166534  73
1586667587.181065  75
1586667587.195218  74
1586667587.208223  75
1586667587.221178  75
1586667587.235388  74
1586667587.250202  75
1586667587.263525  74
1586667587.276377  75
1586667587.290679  75
1586667587.304766  76
1586667587.319160  75
1586667587.332275  75
1586667587.346681  76
1586667587.361407  75
1586667587.373669  75
1586667587.388521  74
1586667587.403436  76
1586667587.417371  75
1586667587.430321  75
1586667587.444774  76
1586667587.459524  75
1586667587.473418  74
1586667587.488496  77
1586667587.503432  76
1586667587.516473  76
1586667587.529642  76
1586667587.544822  76
1586667587.558950  74
1586667587.572135  74
1586667587.585960  77
1586667587.600956  77
1586667587.614061  77
1586667587.627480  75
1586667587.640498  77
1586667587.654051  76
1586667587.667280  75
1586667587.680798  77
1586667587.695354  76
1586667587.710048  76
1586667587.723906  75
1586667587.737601  76
1586667587.750002  77
1586667587.765178  75
1586667587.779584  76
1586667587.794357  76
1586667587.807990  77
1586667587.821131  77
1586667587.835238  76
1586667587.849820  77
1586667587.864098  75
1586667587.878326  76
1586667587.892452  77
1586667587.907328  76
1586667587.922246  78
1586667587.935649  77
1586667587.950544  77
1586667587.964814  76
1586667587.979598  76
1586667587.994428  78
1586667588.008896  77
1586667588.023442  76
1586667588.037589  78
1586667588.052597  77
1586667588.067221  77
1586667588.080834  77
1586667588.095081  78
1586667588.109719  76
1586667588.124441  77
1586667588.138526  77
1586667588.153452  77
1586667588.167649  77
1586667588.181352  78
1586667588.195610  76
1586667588.209576  77
1586667588.224416  77
1586667588.239166  77
1586667588.253901  77
1586667588.268419  78
1586667588.282815  76
1586667588.297250  77
1586667588.311363  77
1586667588.326683  78
1586667588.340690  78
1586667588.353851  78
1586667588.368774  78
1586667588.383592  78
1586667588.397871  78
1586667588.411701  77
1586667588.426262  77
1586667588.440008  79
1586667588.454058  78
1586667588.467988  77
1586667588.481557  77
1586667588.495102  77
1586667588.508531  77
1586667588.521138  79
1586667588.535693  79
1586667588.549004  78
1586667588.561823  79
1586667588.575092  78
1586667588.590592  77
1586667588.603514  77
1586667588.616827  78
1586667588.631389  79
1586667588.646120  78
1586667588.659055  78
1586667588.674500  78
1586667588.687748  78
1586667588.701848  78
1586667588.714940  78
1586667588.730091  78
1586667588.743054  78
1586667588.758430  78
1586667588.772648  78
1586667588.786244  78
1586667588.799883  77
1586667588.814523  77
1586667588.828877  78
1586667588.842396  78
1586667588.856969  78
1586667588.870753  78
1586667588.885924  79
1586667588.899807  76
1586667588.912000  78
1586667588.925371  79
1586667588.939686  78
1586667588.954191  78
1586667588.967372  79
1586667588.981437  78
1586667588.996138  78
1586667589.010909  77
1586667589.023852  77
1586667589.038632  78
1586667589.051921  77
1586667589.066021  77
1586667589.079872  77
1586667589.092858  77
1586667589.106780  77
1586667589.121801  68
1586667589.135740  64
1586667589.148276  61
1586667589.162005  54
1586667589.177062  48
1586667589.191476  43
1586667589.204827  38
1586667589.218400  35
1586667589.231235  34
1586667589.246493  37
1586667589.260058  36
1586667589.273148  37
1586667589.287642  36
1586667589.301057  37
1586667589.315921  37
1586667589.329130  36
1586667589.342070  38
1586667589.355149  38
1586667589.368633  37
1586667589.381620  38
1586667589.396045  38
1586667589.410554  37
1586667589.424927  37
1586667589.438484  37
1586667589.451819  37
1586667589.466837  37
1586667589.480706  37
1586667589.495761  38
1586667589.510047  36
1586667589.524824  37
1586667589.538982  36
1586667589.553806  38
1586667589.566733  38
1586667589.581172  38
1586667589.595227  38
1586667589.609123  38
1586667589.623932  39
1586667589.638905  37
1586667589.651961  39
1586667589.664965  39
1586667589.679577  38
1586667589.692318  39
1586667589.706339  39
1586667589.720803  39
1586667589.733795  38
1586667589.747856  38
1586667589.761465  40
1586667589.774905  40
1586667589.790120  39
1586667589.805124  39
1586667589.820427  39
1586667589.835036  40
1586667589.849135  39
1586667589.862026  40
1586667589.875245  39
1586667589.888737  40
1586667589.903806  38
1586667589.918955  39
1586667589.933467  39
1586667589.946838  39
1586667589.960796  39
1586667589.975588  38
1586667589.989246  41
1586667590.003617  40
1586667590.018540  39
1586667590.032897  39
1586667590.046164  40
1586667590.060406  40
1586667590.074294  40
1586667590.087688  40
1586667590.101116  41
1586667590.115789  41
1586667590.130613  40
1586667590.145158  42
1586667590.158335  41
1586667590.172621  41
1586667590.186307  41
1586667590.200221  42
1586667590.215390  42
1586667590.230085  42
1586667590.243163  42
1586667590.257540  41
1586667590.271835  42
1586667590.285649  41
1586667590.298877  42
1586667590.313132  41
1586667590.327670  42
1586667590.341551  42
1586667590.355042  42
1586667590.369379  42
1586667590.383851  42
1586667590.396761  42
1586667590.410185  41
1586667590.423665  42
1586667590.437685  43
1586667590.450275  43
1586667590.464446  42
1586667590.479177  42
1586667590.493192  43
1586667590.507727  42
1586667590.521214  43
1586667590.534367  42
1586667590.549332  43
1586667590.563236  42
1586667590.576513  41
1586667590.589608  43
1586667590.603502  43
1586667590.617156  42
1586667590.631273  43
1586667590.644068  44
1586667590.658720  43
1586667590.671812  43
1586667590.684930  44
1586667590.699327  43
1586667590.713418  43
1586667590.727764  43
1586667590.741897  44
1586667590.756805  44
1586667590.770070  44
1586667590.784482  45
1586667590.797472  44
1586667590.810262  43
1586667590.823548  44
1586667590.838247  43
1586667590.851781  44
1586667590.864881  43
1586667590.878029  44
1586667590.891231  43
1586667590.904040  44
1586667590.918526  44
1586667590.931748  44
1586667590.946431  44
1586667590.960436  44
1586667590.974477  44
1586667590.988986  44
1586667591.002770  45
1586667591.017526  44
1586667591.031955  44
1586667591.045655  45
1586667591.059592  44
1586667591.073523  45
1586667591.086662  44
1586667591.101222  45
1586667591.114549  44
1586667591.127397  44
1586667591.141651  45
1586667591.155181  45
1586667591.170104  46
1586667591.184701  45
1586667591.199053  46
1586667591.212797  45
1586667591.226266  46
1586667591.239696  45
1586667591.252477  45
1586667591.267481  45
1586667591.280986  46
1586667591.295218  45
1586667591.307885  46
1586667591.322413  46
1586667591.337176  45
1586667591.350424  45
1586667591.363788  46
1586667591.377880  47
1586667591.392358  46
1586667591.405780  46
1586667591.419416  47
1586667591.433653  45
1586667591.448098  46
1586667591.461458  47
1586667591.476549  47
1586667591.489944  46
1586667591.503970  47
1586667591.516852  47
1586667591.531234  46
1586667591.544830  47
1586667591.558475  48
1586667591.572624  47
1586667591.585810  46
1586667591.600813  47
1586667591.614397  47
1586667591.628669  46
1586667591.643187  46
1586667591.658327  47
1586667591.672493  48
1586667591.686736  48
1586667591.700921  48
1586667591.715528  47
1586667591.729727  48
1586667591.743617  47
1586667591.756150  47
1586667591.769731  46
1586667591.784679  47
1586667591.798098  48
1586667591.812195  48
1586667591.825994  48
1586667591.840944  47
1586667591.854583  48
1586667591.868016  48
1586667591.881409  48
1586667591.894954  48
1586667591.908103  48
1586667591.921363  48
1586667591.935753  48
1586667591.949915  49
1586667591.963529  50
1586667591.976660  49
1586667591.990406  48
1586667592.003671  49
1586667592.017975  49
1586667592.032315  48
1586667592.046682  48
1586667592.059713  49
1586667592.073563  49
1586667592.087114  49
1586667592.101372  50
1586667592.115111  50
1586667592.128328  49
1586667592.142258  48
1586667592.155176  49
1586667592.168224  50
1586667592.182450  48
1586667592.196839  48
1586667592.209708  49
1586667592.223436  50
1586667592.237249  50
1586667592.251254  49
1586667592.265991  50
1586667592.280718  50
1586667592.294718  50
1586667592.308758  50
1586667592.322944  50
1586667592.338234  50
1586667592.352947  49
1586667592.367279  51
1586667592.381855  50
1586667592.395843  50
1586667592.409513  49
1586667592.422849  49
1586667592.438045  51
1586667592.452874  50
1586667592.467015  50
1586667592.480980  51
1586667592.495145  51
1586667592.508141  51
1586667592.522229  51
1586667592.535520  50
1586667592.550075  50
1586667592.564599  50
1586667592.578015  50
1586667592.590663  51
1586667592.604900  52
1586667592.620148  50
1586667592.633235  51
1586667592.647384  50
1586667592.660783  51
1586667592.673899  52
1586667592.687559  52
1586667592.700810  50
1586667592.716147  52
1586667592.730800  51
1586667592.744093  52
1586667592.757558  52
1586667592.771121  53
1586667592.785718  52
1586667592.800730  52
1586667592.814324  51
1586667592.829329  51
1586667592.842476  51
1586667592.855726  51
1586667592.870553  53
1586667592.884984  53
1586667592.898272  51
1586667592.911029  52
1586667592.924924  51
1586667592.938401  53
1586667592.953193  52
1586667592.967712  52
1586667592.981923  53
1586667592.995395  52
1586667593.008570  51
1586667593.020948  52
1586667593.035630  52
1586667593.050125  52
1586667593.063944  52
1586667593.077038  54
1586667593.091136  52
1586667593.105456  54
1586667593.119975  52
1586667593.134264  52
1586667593.149295  52
1586667593.163575  52
1586667593.177867  54
1586667593.192282  54
1586667593.205096  53
1586667593.219980  53
1586667593.234152  53
1586667593.249401  52
1586667593.263984  53
1586667593.278572  54
1586667593.293510  52
1586667593.307936  54
1586667593.321839  54
1586667593.334791  54
1586667593.348454  53
1586667593.363178  53
1586667593.377809  55
1586667593.392415  54
1586667593.407088  54
1586667593.421849  53
1586667593.436636  54
1586667593.450828  53
1586667593.464068  54
1586667593.478158  54
1586667593.492892  55
1586667593.505933  54
1586667593.521340  53
1586667593.536094  53
1586667593.550552  54
1586667593.565067  54
1586667593.580286  54
1586667593.595297  54
1586667593.609608  55
1586667593.624824  53
1586667593.639637  54
1586667593.652648  55
1586667593.666366  55
1586667593.680902  55
1586667593.694420  56
1586667593.707743  54
1586667593.721431  54
1586667593.735829  54
1586667593.748766  55
1586667593.763141  55
1586667593.776263  57
1586667593.789339  56
1586667593.802812  56
1586667593.815863  54
1586667593.829583  56
1586667593.843206  55
1586667593.857024  55
1586667593.870466  55
1586667593.884427  56
1586667593.898513  55
1586667593.913592  54
1586667593.926682  55
1586667593.941507  56
1586667593.956352  55
1586667593.970487  55
1586667593.984395  56
1586667593.998137  56
1586667594.012757  54
1586667594.026430  55
1586667594.039611  54
1586667594.051920  56
1586667594.064054  56
1586667594.077631  56
1586667594.091230  57
1586667594.105934  57
1586667594.120764  56
1586667594.134619  56
1586667594.147823  56
1586667594.161342  57
1586667594.175622  55
1586667594.188637  57
1586667594.202934  58
1586667594.218058  57
1586667594.232946  56
1586667594.246620  55
1586667594.261076  56
1586667594.274518  56
1586667594.287679  58
1586667594.302730  57
1586667594.316194  58
1586667594.329087  57
1586667594.343327  55
1586667594.357054  57
1586667594.371581  57
1586667594.385858  59
1586667594.401571  57
1586667594.416622  58
1586667594.430591  56
1586667594.445270  58
1586667594.459058  58
1586667594.473958  57
1586667594.487345  58
1586667594.501636  58
1586667594.514769  58
1586667594.529545  58
1586667594.542709  58
1586667594.557746  57
1586667594.572380  58
1586667594.585782  57
1586667594.600641  58
1586667594.614957  58
1586667594.629144  57
1586667594.642146  57
1586667594.657250  57
1586667594.670783  59
1586667594.685023  59
1586667594.699450  59
1586667594.714103  59
1586667594.727477  58
1586667594.741571  58
1586667594.754528  59
1586667594.767718  57
1586667594.780622  58
1586667594.794350  59
1586667594.808254  59
1586667594.820585  60
1586667594.835200  58
1586667594.849882  58
1586667594.862885  58
1586667594.876772  59
1586667594.889621  60
1586667594.903778  59
1586667594.918446  59
1586667594.932828  58
1586667594.946886  58
1586667594.960054  59
1586667594.974252  58
1586667594.988595  60
1586667595.001552  61
1586667595.015674  60
1586667595.029391  59
1586667595.043258  59
1586667595.058174  60
1586667595.071576  60
1586667595.086177  61
1586667595.099088  59
1586667595.113332  60
1586667595.128693  59
1586667595.143686  59
1586667595.157852  59
1586667595.172046  59
1586667595.185212  60
1586667595.198397  61
1586667595.212079  60
1586667595.225068  60
1586667595.238513  58
1586667595.251295  59
1586667595.265132  59
1586667595.279847  60
1586667595.293500  61
1586667595.307654  62
1586667595.322521  61
1586667595.337323  60
1586667595.350985  61
1586667595.365817  61
1586667595.379340  59
1586667595.392350  62
1586667595.406896  61
1586667595.421353  61
1586667595.436450  59
1586667595.450710  61
1586667595.463788  60
1586667595.477068  60
1586667595.491173  61
1586667595.505949  61
1586667595.520810  61
1586667595.534619  60
1586667595.548080  61
1586667595.563544  60
1586667595.576897  61
1586667595.590082  62
1586667595.605257  61
1586667595.620242  62
1586667595.633588  62
1586667595.647812  61
1586667595.661646  61
1586667595.675558  61
1586667595.689655  62
1586667595.703572  62
1586667595.716782  63
1586667595.731397  62
1586667595.744998  61
1586667595.759749  62
1586667595.774437  62
1586667595.788369  62
1586667595.803798  62
1586667595.817943  62
1586667595.832511  63
1586667595.847724  61
1586667595.860774  61
1586667595.874490  61
1586667595.888072  61
1586667595.901278  62
1586667595.914284  62
1586667595.929192  62
1586667595.943100  63
1586667595.956339  63
1586667595.970448  63
1586667595.984021  61
1586667595.998374  64
1586667596.011649  63
1586667596.026117  63
1586667596.040432  62
1586667596.055207  62
1586667596.069941  62
1586667596.083930  62
1586667596.098424  64
1586667596.113223  64
1586667596.127677  63
1586667596.142290  62
1586667596.157584  61
1586667596.171794  62
1586667596.186262  62
1586667596.200117  62
1586667596.214277  64
1586667596.229144  63
1586667596.244237  62
1586667596.259163  63
1586667596.273321  64
1586667596.286229  64
1586667596.300006  64
1586667596.315412  64
1586667596.329979  65
1586667596.343910  63
1586667596.356939  64
1586667596.371197  63
1586667596.384987  63
1586667596.398853  64
1586667596.412872  65
1586667596.426461  64
1586667596.441670  65
1586667596.455925  63
1586667596.470162  64
1586667596.484102  63
1586667596.497749  64
1586667596.512246  65
1586667596.525798  65
1586667596.540210  64
1586667596.553864  63
1586667596.568441  64
1586667596.582753  64
1586667596.597902  63
1586667596.612247  66
1586667596.625747  65
1586667596.640025  66
1586667596.653133  64
1586667596.668410  64
1586667596.682574  65
1586667596.697048  65
1586667596.710075  66
1586667596.723467  66
1586667596.737921  65
1586667596.752433  66
1586667596.765825  65
1586667596.778145  63
1586667596.791549  64
1586667596.804639  65
1586667596.819427  66
1586667596.833851  65
1586667596.848783  65
1586667596.863163  65
1586667596.876803  64
1586667596.890139  65
1586667596.904516  65
1586667596.917392  66
1586667596.931294  65
1586667596.946483  66
1586667596.959592  65
1586667596.972243  65
1586667596.985965  65
1586667597.000764  67
1586667597.015201  65
1586667597.030338  67
1586667597.045116  66
1586667597.058441  64
1586667597.071162  66
1586667597.084800  65
1586667597.097671  66
1586667597.112264  67
1586667597.125906  66
1586667597.139151  66
1586667597.153284  65
1586667597.167278  65
1586667597.180194  66
1586667597.193614  65
1586667597.208800  66
1586667597.221771  66
1586667597.236432  67
1586667597.250017  67
1586667597.263375  65
1586667597.275885  66
1586667597.290375  66
1586667597.303851  68
1586667597.318288  67
1586667597.332058  67
1586667597.346416  68
1586667597.360016  66
1586667597.373019  67
1586667597.387302  66
1586667597.400504  67
1586667597.413772  67
1586667597.427109  67
1586667597.439727  67
1586667597.453125  66
1586667597.466371  67
1586667597.479712  66
1586667597.492800  66
1586667597.505729  68
1586667597.519010  68
1586667597.532719  67
1586667597.546962  68
1586667597.560227  68
1586667597.574803  66
1586667597.588346  66
1586667597.601524  67
1586667597.615928  68
1586667597.630945  67
1586667597.644067  68
1586667597.658876  68
1586667597.673760  66
1586667597.687750  67
1586667597.702018  68
1586667597.716770  68
1586667597.731839  68
1586667597.746478  69
1586667597.759720  69
1586667597.774527  67
1586667597.789201  68
1586667597.804224  68
1586667597.817887  69
1586667597.830594  67
1586667597.844525  68
1586667597.859437  69
1586667597.873052  68
1586667597.886797  67
1586667597.901336  67
1586667597.916647  68
1586667597.930068  68
1586667597.942945  67
1586667597.956149  68
1586667597.969816  68
1586667597.983131  68
1586667597.997818  67
1586667598.012018  68
1586667598.026063  70
1586667598.039676  69
1586667598.052908  69
1586667598.068074  68
1586667598.081947  68
1586667598.096898  69
1586667598.111086  69
1586667598.125514  68
1586667598.139306  69
1586667598.153635  70
1586667598.168074  69
1586667598.181617  68
1586667598.194540  68
1586667598.209910  70
1586667598.223474  70
1586667598.237836  69
1586667598.251668  70
1586667598.265459  70
1586667598.279970  70
1586667598.294393  68
1586667598.309306  69
1586667598.323549  69
1586667598.339049  70
1586667598.353831  69
1586667598.366880  70
1586667598.382032  69
1586667598.397701  69
1586667598.412349  70
1586667598.426722  70
1586667598.439635  71
1586667598.454025  70
1586667598.468295  70
1586667598.482851  69
1586667598.497365  69
1586667598.511940  70
1586667598.526253  71
1586667598.540747  71
1586667598.555666  70
1586667598.570378  71
1586667598.584995  69
1586667598.598109  70
1586667598.612603  70
1586667598.626201  71
1586667598.640095  71
1586667598.654008  71
1586667598.666484  71
1586667598.681125  70
1586667598.695177  69
1586667598.709503  71
1586667598.723673  71
1586667598.738173  72
1586667598.750775  72
1586667598.765355  71
1586667598.779649  71
1586667598.794012  70
1586667598.807707  71
1586667598.821574  71
1586667598.834951  72
1586667598.849667  71
1586667598.862635  72
1586667598.876823  71
1586667598.891619  70
1586667598.904618  70
1586667598.919182  71
1586667598.933786  72
1586667598.949143  72
1586667598.963396  72
1586667598.977519  70
1586667598.992120  71
1586667599.005763  72
1586667599.019821  72
1586667599.033344  71
1586667599.046849  71
1586667599.060704  71
1586667599.074725  72
1586667599.089242  70
1586667599.102170  70
1586667599.115779  73
1586667599.130085  72
1586667599.144048  73
1586667599.157206  72
1586667599.170247  72
1586667599.182978  72
1586667599.196542  72
1586667599.210120  72
1586667599.225367  72
1586667599.239200  72
1586667599.252929  73
1586667599.266644  73
1586667599.281304  72
1586667599.296159  71
1586667599.310875  71
1586667599.325450  72
1586667599.339638  73
1586667599.353609  72
1586667599.366274  73
1586667599.381350  72
1586667599.395957  72
1586667599.409049  72
1586667599.423344  73
1586667599.436835  72
1586667599.451036  73
1586667599.463928  73
1586667599.479048  72
1586667599.493756  73
1586667599.507545  72
1586667599.522459  73
1586667599.536253  73
1586667599.549261  74
1586667599.563780  74
1586667599.576894  74
1586667599.590538  73
1586667599.603699  73
1586667599.618330  72
1586667599.633546  74
1586667599.648363  73
1586667599.662880  73
1586667599.676805  74
1586667599.690360  74
1586667599.705309  73
1586667599.718368  73
1586667599.731331  74
1586667599.746492  74
1586667599.760711  74
1586667599.775753  73
1586667599.790077  74
1586667599.804382  73
1586667599.817333  72
1586667599.832676  74
1586667599.846655  75
1586667599.859773  73
1586667599.873375  74
1586667599.887890  75
1586667599.901612  73
1586667599.916206  73
1586667599.930747  75
1586667599.945439  75
1586667599.959888  73
1586667599.975013  75
1586667599.988004  75
1586667600.002174  74
1586667600.014843  73
1586667600.029387  75
1586667600.043783  74
1586667600.058072  75
1586667600.071985  75
1586667600.087261  75
1586667600.104485  73
1586667600.119200  74
1586667600.134315  75
1586667600.148005  74
1586667600.162804  76
1586667600.176794  75
1586667600.191159  74
1586667600.205049  74
1586667600.218560  74
1586667600.233852  75
1586667600.247264  74
1586667600.261275  76
1586667600.275950  75
1586667600.289670  75
1586667600.303632  76
1586667600.316863  74
1586667600.330351  75
1586667600.343171  75
1586667600.358539  75
1586667600.373171  75
1586667600.387036  76
1586667600.402462  73
1586667600.417145  74
1586667600.431200  74
1586667600.445127  76
1586667600.458259  76
1586667600.472965  76
1586667600.487091  75
1586667600.501330  76
1586667600.515771  75
1586667600.529098  75
1586667600.541863  76
1586667600.556577  77
1586667600.569886  75
1586667600.585120  75
1586667600.600426  76
1586667600.614850  75
1586667600.629482  75
1586667600.642936  75
1586667600.657156  77
1586667600.669726  76
1586667600.683088  76
1586667600.696868  76
1586667600.711990  77
1586667600.725203  76
1586667600.740088  76
1586667600.753233  77
1586667600.766592  76
1586667600.780817  77
1586667600.794451  76
1586667600.808817  76
1586667600.821815  74
1586667600.834797  76
1586667600.849591  77
1586667600.864423  77
1586667600.878074  76
1586667600.891593  77
1586667600.904911  77
1586667600.917981  77
1586667600.933343  76
1586667600.947680  78
1586667600.960954  77
1586667600.977867  76
1586667600.992538  77
1586667601.006609  77
1586667601.020618  77
1586667601.035229  75
1586667601.050608  77
1586667601.064847  78
1586667601.077806  77
1586667601.091763  76
1586667601.104444  77
1586667601.119115  78
1586667601.132099  75
1586667601.145276  77
1586667601.159949  77
1586667601.174263  77
1586667601.189094  77
1586667601.203623  77
1586667601.217409  78
1586667601.230826  77
1586667601.245513  76
1586667601.259660  77
1586667601.273011  77
1586667601.286067  79
1586667601.301123  78
1586667601.315671  78
1586667601.330738  77
1586667601.343792  77
1586667601.356530  77
1586667601.370054  79
1586667601.383131  77
1586667601.398097  78
1586667601.412401  78
1586667601.425725  77
1586667601.440854  78
1586667601.455533  78
1586667601.469054  78
1586667601.482317  77
1586667601.494787  78
1586667601.508200  79
1586667601.521348  78
1586667601.536214  78
1586667601.550823  78
1586667601.565210  78
1586667601.579717  78
1586667601.593729  79
1586667601.608102  78
1586667601.622064  79
1586667601.637137  78
1586667601.651182  78
1586667601.663694  77
1586667601.677458  80
1586667601.693052  79
1586667601.706268  79
1586667601.720612  78
1586667601.734081  80
1586667601.746905  78
1586667601.759728  76
1586667601.773706  78
1586667601.788158  78
1586667601.803175  78
1586667601.817705  77
1586667601.832484  78
1586667601.846352  78
1586667601.859642  77
1586667601.873845  79
1586667601.888055  79
1586667601.902152  78
1586667601.915123  78
1586667601.930271  78
1586667601.943794  80
1586667601.959016  79
1586667601.973619  78
1586667601.987653  79
1586667602.000612  79
1586667602.014809  78
1586667602.028422  78
1586667602.043573  77
1586667602.058662  76
1586667602.073426  78
1586667602.088129  77
1586667602.102863  78
1586667602.117693  77
1586667602.131799  79
1586667602.146954  74
1586667602.160325  68
1586667602.173753  62
1586667602.188265  57
1586667602.202468  52
1586667602.215267  47
1586667602.228895  41
1586667602.241917  36
1586667602.254863  37
1586667602.270202  36
1586667602.283298  36
1586667602.296767  35
1586667602.309918  37
1586667602.324278  36
1586667602.336951  37
1586667602.350871  37
1586667602.365667  37
1586667602.380652  36
1586667602.394747  38
1586667602.408175  38
1586667602.422573  38
1586667602.437099  37
1586667602.452508  38
1586667602.466617  37
1586667602.479355  37
1586667602.493450  37
1586667602.508347  38
1586667602.522294  38
1586667602.535808  38
1586667602.549166  37
1586667602.563382  37
1586667602.577733  38
1586667602.591911  38
1586667602.605849  38
1586667602.620148  39
1586667602.633934  39
1586667602.648237  38
1586667602.663047  38
1586667602.676322  38
1586667602.690420  38
1586667602.704602  39
1586667602.717795  38
1586667602.732764  39
1586667602.746021  39
1586667602.759093  38
1586667602.771883  38
1586667602.786898  38
1586667602.800313  39
1586667602.813606  40
1586667602.827233  39
1586667602.841121  39
1586667602.854795  40
1586667602.870066  40
1586667602.883510  37
1586667602.898107  40
1586667602.912306  39
1586667602.926187  39
1586667602.939347  39
1586667602.952666  39
1586667602.966188  40
1586667602.980683  39
1586667602.993964  40
1586667603.007492  40
1586667603.021282  40
1586667603.034267  40
1586667603.047318  40
1586667603.060889  41
1586667603.074765  41
1586667603.089865  39
1586667603.103043  40
1586667603.116144  41
1586667603.130250  41
1586667603.144959  41
1586667603.159020  40
1586667603.172466  40
1586667603.185449  41
1586667603.199243  40
1586667603.214210  40
1586667603.227973  40
1586667603.241276  41
1586667603.254754  42
1586667603.267683  40
1586667603.282943  42
1586667603.297360  41
1586667603.312165  42
1586667603.325730  41
1586667603.340396  42
1586667603.355159  42
1586667603.369584  42
1586667603.383085  41
1586667603.397910  42
1586667603.412325  42
1586667603.426577  42
1586667603.441766  41
1586667603.456775  42
1586667603.471578  42
1586667603.486685  42
1586667603.501182  42
1586667603.515530  43
1586667603.528285  43
1586667603.542312  43
1586667603.556747  42
1586667603.570566  43
1586667603.585545  42
1586667603.600319  42
1586667603.614459  43
1586667603.628071  42
1586667603.642683  42
1586667603.657447  43
1586667603.670852  41
1586667603.686150  43
1586667603.700094  42
1586667603.714635  43
1586667603.729488  43
1586667603.743567  44
1586667603.758391  43
1586667603.773496  43
1586667603.787641  43
1586667603.801803  43
1586667603.815716  43
1586667603.829843  44
1586667603.842734  44
1586667603.857725  43
1586667603.872159  43
1586667603.886919  42
1586667603.902021  44
1586667603.915927  44
1586667603.929755  43
1586667603.942848  43
1586667603.957592  44
1586667603.971481  45
1586667603.987099  44
1586667604.000401  45
1586667604.014650  44
1586667604.029659  45
1586667604.043376  45
1586667604.056773  44
1586667604.070791  45
1586667604.083785  45
1586667604.097040  44
1586667604.111984  44
1586667604.124914  45
1586667604.139382  45
1586667604.154569  44
1586667604.169059  45
1586667604.182361  45
1586667604.195402  45
1586667604.210291  45
1586667604.225299  45
1586667604.238795  45
1586667604.251181  46
1586667604.265266  46
1586667604.279308  46
1586667604.292411  44
1586667604.306654  45
1586667604.320874  45
1586667604.334813  46
1586667604.349101  45
1586667604.362744  46
1586667604.376771  46
1586667604.389844  47
1586667604.402932  47
1586667604.416892  46
1586667604.430537  47
1586667604.444191  47
1586667604.457890  46
1586667604.471645  47
1586667604.483974  47
1586667604.498302  47
1586667604.513215  47
1586667604.526830  47
1586667604.539715  47
1586667604.553173  47
1586667604.565995  46
1586667604.579506  46
1586667604.593348  47
1586667604.607341  47
1586667604.622804  47
1586667604.636097  47
1586667604.651007  47
1586667604.664057  47
1586667604.678962  47
1586667604.692271  46
1586667604.705490  48
1586667604.719268  48
1586667604.732689  46
1586667604.745608  48
1586667604.760568  48
1586667604.773698  47
1586667604.788789  47
1586667604.803644  48
1586667604.817398  48
1586667604.830140  48
1586667604.844983  49
1586667604.858321  47
1586667604.872792  47
1586667604.886048  48
1586667604.899668  48
1586667604.913657  48
1586667604.927183  48
1586667604.941284  47
1586667604.955503  48
1586667604.968988  49
1586667604.983807  49
1586667604.997833  50
1586667605.011642  50
1586667605.024754  50
1586667605.039100  49
1586667605.052055  49
1586667605.067084  48
1586667605.081644  47
1586667605.095699  49
1586667605.109233  49
1586667605.122690  51
1586667605.137488  49
1586667605.150514  49
1586667605.165904  49
1586667605.179997  49
1586667605.195267  49
1586667605.209103  49
1586667605.224293  51
1586667605.239045  49
1586667605.252055  50
1586667605.266832  49
1586667605.279694  49
1586667605.292992  50
1586667605.307735  50
1586667605.321528  50
1586667605.335326  50
1586667605.348102  49
1586667605.362611  50
1586667605.377454  49
1586667605.391830  49
1586667605.406058  50
1586667605.420389  51
1586667605.434993  49
1586667605.448715  51
1586667605.461538  50
1586667605.474922  50
1586667605.489747  50
1586667605.503161  51
1586667605.518058  51
1586667605.531766  51
1586667605.545339  51
1586667605.559102  51
1586667605.573669  50
1586667605.587933  50
1586667605.602663  50
1586667605.616111  51
1586667605.629427  53
1586667605.642374  50
1586667605.656495  51
1586667605.670233  52
1586667605.683695  52
1586667605.698170  50
1586667605.712554  51
1586667605.727281  52
1586667605.742023  51
1586667605.756183  50
1586667605.770465  52
1586667605.783933  52
1586667605.797484  52
1586667605.810600  52
1586667605.824164  52
1586667605.837184  52
1586667605.850773  51
1586667605.864222  52
1586667605.877796  51
1586667605.891527  51
1586667605.906064  52
1586667605.919755  53
1586667605.933496  53
1586667605.947195  53
1586667605.960276  52
1586667605.973738  52
1586667605.988012  51
1586667606.001332  52
1586667606.014143  52
1586667606.028993  53
1586667606.042782  53
1586667606.057626  53
1586667606.070425  53
1586667606.085436  52
1586667606.098718  52
1586667606.111295  52
1586667606.123817  54
1586667606.139251  53
1586667606.152562  53
1586667606.167844  52
1586667606.182180  52
1586667606.195548  53
1586667606.208594  52
1586667606.223835  54
1586667606.237583  55
1586667606.250222  53
1586667606.263709  52
1586667606.277184  53
1586667606.290911  54
1586667606.304698  53
1586667606.318596  53
1586667606.332112  55
1586667606.345362  55
1586667606.358186  52
1586667606.371158  53
1586667606.385307  54
1586667606.399953  54
1586667606.413702  52
1586667606.426473  54
1586667606.439953  55
1586667606.453362  54
1586667606.468168  53
1586667606.481005  54
1586667606.494485  53
1586667606.507770  53
1586667606.520803  55
1586667606.534903  55
1586667606.549115  54
1586667606.563826  54
1586667606.576929  54
1586667606.591091  54
1586667606.605078  54
1586667606.619789  54
1586667606.633659  55
1586667606.647750  55
1586667606.662515  55
1586667606.677015  54
1586667606.691411  54
1586667606.706074  54
1586667606.719175  55
1586667606.734146  56
1586667606.748786  55
1586667606.762012  54
1586667606.776062  54
1586667606.791064  56
1586667606.805595  55
1586667606.820686  54
1586667606.835597  57
1586667606.850003  56
1586667606.864621  55
1586667606.879261  55
1586667606.892734  55
1586667606.905818  55
1586667606.919241  55
1586667606.931916  57
1586667606.945284  57
1586667606.958428  57
1586667606.973536  56
1586667606.987376  56
1586667607.001933  55
1586667607.016180  56
1586667607.030256  56
1586667607.044810  56
1586667607.058467  57
1586667607.073164  56
1586667607.087717  56
1586667607.100964  55
1586667607.113860  57
1586667607.127855  56
1586667607.142470  57
1586667607.156740  57
1586667607.171523  57
1586667607.185283  56
1586667607.197942  56
1586667607.212395  55
1586667607.226798  56
1586667607.240526  57
1586667607.255610  57
1586667607.268774  55
1586667607.281493  57
1586667607.294785  57
1586667607.308285  57
1586667607.321854  56
1586667607.335999  57
1586667607.348606  58
1586667607.362871  56
1586667607.377343  57
1586667607.391503  57
1586667607.404734  57
1586667607.418559  57
1586667607.432781  58
1586667607.447720  58
1586667607.462186  59
1586667607.475392  58
1586667607.490126  57
1586667607.504575  57
1586667607.517786  57
1586667607.531214  57
1586667607.546397  58
1586667607.559759  59
1586667607.573153  59
1586667607.586735  57
1586667607.601724  58
1586667607.614357  58
1586667607.628755  57
1586667607.643083  59
1586667607.656766  58
1586667607.671146  58
1586667607.686211  59
1586667607.700486  59
1586667607.713861  58
1586667607.728226  58
1586667607.742092  60
1586667607.755725  59
1586667607.768512  59
1586667607.783261  57
1586667607.797967  59
1586667607.810511  59
1586667607.824017  57
1586667607.837264  58
1586667607.851397  59
1586667607.866143  60
1586667607.879840  59
1586667607.892603  59
1586667607.907251  59
1586667607.920492  59
1586667607.934738  57
1586667607.947628  60
1586667607.962643  60
1586667607.976286  60
1586667607.990595  58
1586667608.005487  58
1586667608.019003  59
1586667608.033514  59
1586667608.047450  59
1586667608.060690  60
1586667608.075217  61
1586667608.090154  60
1586667608.103503  59
1586667608.117411  58
1586667608.132280  60
1586667608.145418  61
1586667608.159449  60
1586667608.173622  61
1586667608.186638  60
1586667608.200449  60
1586667608.215173  60
1586667608.229112  60
1586667608.243013  60
1586667608.256842  61
1586667608.271897  60
1586667608.285869  61
1586667608.299618  60
1586667608.313088  59
1586667608.326774  60
1586667608.339881  60
1586667608.353302  61
1586667608.367944  62
1586667608.381201  61
1586667608.395709  59
1586667608.408913  61
1586667608.423146  61
1586667608.435987  60
1586667608.450357  60
1586667608.464896  61
1586667608.479496  61
1586667608.492978  60
1586667608.508048  61
1586667608.521598  61
1586667608.535849  60
1586667608.549876  61
1586667608.563092  62
1586667608.578352  61
1586667608.593355  61
1586667608.607821  60
1586667608.622622  60
1586667608.637679  62
1586667608.652331  62
1586667608.666705  62
1586667608.681432  62
1586667608.696229  62
1586667608.710875  61
1586667608.725334  62
1586667608.740089  62
1586667608.752414  62
1586667608.767049  62
1586667608.780974  61
1586667608.795002  62
1586667608.809181  61
1586667608.822184  62
1586667608.836592  61
1586667608.850881  63
1586667608.865457  62
1586667608.879382  62
1586667608.893671  61
1586667608.908410  61
1586667608.923113  61
1586667608.937564  61
1586667608.951434  61
1586667608.966218  63
1586667608.980108  63
1586667608.994559  63
1586667609.009379  63
1586667609.024617  62
1586667609.038930  62
1586667609.053974  63
1586667609.067966  63
1586667609.082403  64
1586667609.096237  64
1586667609.110113  62
1586667609.123232  62
1586667609.135751  63
1586667609.150246  63
1586667609.164872  63
1586667609.180035  63
1586667609.193557  64
1586667609.207559  62
1586667609.220497  63
1586667609.234082  62
1586667609.246842  63
1586667609.261543  63
1586667609.275111  63
1586667609.288580  63
1586667609.303385  63
1586667609.319091  64
1586667609.333800  63
1586667609.347071  62
1586667609.361350  64
1586667609.374878  64
1586667609.388891  64
1586667609.402085  63
1586667609.415605  62
1586667609.428604  63
1586667609.444042  62
1586667609.458492  64
1586667609.471814  65
1586667609.485081  64
1586667609.498288  65
1586667609.512943  63
1586667609.527463  63
1586667609.541811  63
1586667609.554958  63
1586667609.568749  64
1586667609.581922  64
1586667609.595162  64
1586667609.609731  63
1586667609.624593  65
1586667609.639579  65
1586667609.652617  64
1586667609.666060  66
1586667609.680652  65
1586667609.694356  65
1586667609.707398  65
1586667609.722286  65
1586667609.735365  64
1586667609.748818  64
1586667609.762430  65
1586667609.775478  66
1586667609.788674  65
1586667609.801892  66
1586667609.815146  64
1586667609.830062  65
1586667609.843020  65
1586667609.856849  65
1586667609.870816  65
1586667609.884692  65
1586667609.899839  65
1586667609.914818  64
1586667609.929326  64
1586667609.944211  64
1586667609.958403  65
1586667609.973227  66
1586667609.986510  67
1586667610.000880  66
1586667610.013547  66
1586667610.026816  66
1586667610.041483  65
1586667610.054618  65
1586667610.068734  67
1586667610.082191  67
1586667610.095367  67
1586667610.110394  66
1586667610.124433  64
1586667610.139329  66
1586667610.153273  65
1586667610.166169  67
1586667610.180748  67
1586667610.194991  67
1586667610.208817  67
1586667610.223429  66
1586667610.236805  65
1586667610.250490  66
1586667610.263665  66
1586667610.276340  66
1586667610.289246  67
1586667610.303290  67
1586667610.317511  66
1586667610.331904  66
1586667610.346462  66
1586667610.359476  67
1586667610.373125  67
1586667610.387474  67
1586667610.402048  67
1586667610.416065  67
1586667610.431164  66
1586667610.444352  67
1586667610.458296  66
1586667610.471323  68
1586667610.484761  68
1586667610.498911  67
1586667610.514033  67
1586667610.526895  67
1586667610.540369  67
1586667610.554299  67
1586667610.567450  67
1586667610.580581  68
1586667610.595419  68
1586667610.610291  67
1586667610.624291  66
1586667610.638727  67
1586667610.653054  67
1586667610.665731  66
1586667610.678481  67
1586667610.692571  68
1586667610.706100  68
1586667610.720457  69
1586667610.735176  67
1586667610.749556  66
1586667610.765001  68
1586667610.779646  68
1586667610.792680  68
1586667610.807151  68
1586667610.822140  68
1586667610.836982  68
1586667610.850406  66
1586667610.862899  68
1586667610.877500  68
1586667610.891262  69
1586667610.904695  69
1586667610.918449  68
1586667610.933311  68
1586667610.946591  67
1586667610.959239  68
1586667610.973872  68
1586667610.988338  68
1586667611.001482  68
1586667611.017485  69
1586667611.030779  68
1586667611.045842  69
1586667611.060864  69
1586667611.074057  69
1586667611.086963  70
1586667611.101672  69
1586667611.115237  70
1586667611.129972  68
1586667611.143676  69
1586667611.157269  69
1586667611.171227  70
1586667611.184995  69
1586667611.199821  71
1586667611.212621  70
1586667611.225421  70
1586667611.239434  70
1586667611.252451  69
1586667611.266732  68
1586667611.280173  70
1586667611.293179  69
1586667611.307203  71
1586667611.321951  69
1586667611.335469  69
1586667611.348460  68
1586667611.361094  69
1586667611.374166  70
1586667611.388261  69
1586667611.403268  71
1586667611.416479  70
1586667611.430256  69
1586667611.445174  70
1586667611.459876  69
1586667611.474437  70
1586667611.489553  71
1586667611.503369  70
1586667611.517920  69
1586667611.532850  68
1586667611.548112  70
1586667611.561308  69
1586667611.575715  70
1586667611.588630  71
1586667611.601866  71
1586667611.615107  70
1586667611.628644  71
1586667611.643015  70
1586667611.656268  71
1586667611.670856  70
1586667611.685955  71
1586667611.700961  71
1586667611.714088  71
1586667611.729196  71
1586667611.742293  69
1586667611.755742  71
1586667611.769333  69
1586667611.782196  72
1586667611.796262  72
1586667611.811133  71
1586667611.824039  72
1586667611.838358  71
1586667611.852260  70
1586667611.865914  69
1586667611.878837  72
1586667611.893187  72
1586667611.907828  72
1586667611.922361  71
1586667611.935358  71
1586667611.949955  71
1586667611.963467  72
1586667611.976525  72
1586667611.990927  71
1586667612.004661  72
1586667612.018448  72
1586667612.033621  72
1586667612.047475  70
1586667612.061752  70
1586667612.075806  72
1586667612.089380  71
1586667612.102485  71
1586667612.115520  72
1586667612.128015  71
1586667612.141004  71
1586667612.154162  72
1586667612.167403  71
1586667612.180431  73
1586667612.195163  72
1586667612.209388  73
1586667612.224412  73
1586667612.238260  73
1586667612.252508  72
1586667612.266438  72
1586667612.280892  72
1586667612.295593  73
1586667612.308522  71
1586667612.321787  73
1586667612.335782  73
1586667612.350474  73
1586667612.364824  73
1586667612.379336  72
1586667612.393358  73
1586667612.406252  73
1586667612.420655  73
1586667612.433828  73
1586667612.447488  73
1586667612.462598  71
1586667612.477504  72
1586667612.491937  73
1586667612.505724  72
1586667612.519097  74
1586667612.533042  72
1586667612.547506  74
1586667612.561346  72
1586667612.574883  73
1586667612.589681  74
1586667612.603095  74
1586667612.616201  74
1586667612.629455  74
1586667612.642678  74
1586667612.655928  73
1586667612.670432  73
1586667612.684569  73
1586667612.699155  73
1586667612.713575  74
1586667612.728999  74
1586667612.742580  74
1586667612.755235  74
1586667612.769697  72
1586667612.783032  73
1586667612.797488  74
1586667612.812070  73
1586667612.826999  74
1586667612.841464  73
1586667612.855573  74
1586667612.870498  72
1586667612.885490  73
1586667612.900296  73
1586667612.913673  75
1586667612.926606  74
1586667612.940458  74
1586667612.955116  74
1586667612.969176  75
1586667612.982122  73
1586667612.997617  72
1586667613.010892  75
1586667613.026066  74
1586667613.039991  74
1586667613.053195  74
1586667613.066678  75
1586667613.080734  73
1586667613.095756  73
1586667613.110317  75
1586667613.123950  74
1586667613.136822  75
1586667613.151289  75
1586667613.166469  75
1586667613.180712  74
1586667613.194658  74
1586667613.209259  76
1586667613.222786  76
1586667613.236886  74
1586667613.251671  74
1586667613.265686  74
1586667613.279217  73
1586667613.294325  74
1586667613.308774  75
1586667613.321654  75
1586667613.335106  75
1586667613.348456  75
1586667613.361176  76
1586667613.375761  76
1586667613.389157  74
1586667613.402116  75
1586667613.415815  76
1586667613.431050  75
1586667613.444751  75
1586667613.459621  76
1586667613.472863  76
1586667613.487723  75
1586667613.502955  75
1586667613.517580  75
1586667613.531909  76
1586667613.544670  76
1586667613.557370  77
1586667613.570771  76
1586667613.583571  76
1586667613.597027  75
1586667613.611548  75
1586667613.625747  75
1586667613.640016  75
1586667613.654193  76
1586667613.668433  75
1586667613.682470  76
1586667613.697356  76
1586667613.712154  74
1586667613.727128  76
1586667613.741901  77
1586667613.755025  77
1586667613.769228  77
1586667613.782704  76
1586667613.797504  75
1586667613.811919  75
1586667613.826499  76
1586667613.840893  75
1586667613.855382  76
1586667613.870377  77
1586667613.884446  76
1586667613.899000  76
1586667613.913004  75
1586667613.927084  78
1586667613.941746  77
1586667613.955481  76
1586667613.969819  76
1586667613.982720  78
1586667613.997849  76
1586667614.012017  76
1586667614.025953  75
1586667614.040221  77
1586667614.053491  76
1586667614.066495  77
1586667614.081445  78
1586667614.095893  78
1586667614.110382  76
1586667614.125092  76
1586667614.139001  78
1586667614.153564  77
1586667614.167542  77
1586667614.182246  77
1586667614.195928  77
1586667614.210299  78
1586667614.224630  76
1586667614.238878  76
1586667614.253597  77
1586667614.268401  78
1586667614.281652  78
1586667614.295331  78
1586667614.308438  79
1586667614.322812  77
1586667614.337840  77
1586667614.352999  77
1586667614.367183  79
1586667614.381353  78
1586667614.395186  78
1586667614.410082  77
1586667614.424766  78
1586667614.439545  77
1586667614.453762  78
1586667614.467820  78
1586667614.482149  79
1586667614.495458  79
1586667614.510363  77
1586667614.523205  78
1586667614.538094  77
1586667614.551670  78
1586667614.564890  78
1586667614.579206  78
1586667614.592488  79
1586667614.607120  78
1586667614.621319  77
1586667614.636220  78
1586667614.649644  78
1586667614.663407  78
1586667614.678380  79
1586667614.692800  78
1586667614.705719  79
1586667614.719929  79
1586667614.734204  78
1586667614.748881  78
1586667614.761946  78
1586667614.776325  79
1586667614.790543  78
1586667614.804920  78
1586667614.819571  79
1586667614.831929  80
1586667614.847353  79
1586667614.862359  77
1586667614.876794  79
1586667614.890163  79
1586667614.904115  80
1586667614.918012  80
1586667614.932490  79
1586667614.946353  79
1586667614.960271  78
1586667614.972620  79
1586667614.986931  79
1586667615.000091  80
1586667615.014957  78
1586667615.030349  79
1586667615.045092  79
1586667615.058214  79
1586667615.072693  77
1586667615.085745  80
1586667615.099953  80
1586667615.114788  78
1586667615.128902  77
1586667615.142784  78
1586667615.154946  79
1586667615.168130  77
1586667615.180301  77
1586667615.194215  77
1586667615.208525  79
1586667615.222817  78
1586667615.236172  77
1586667615.251230  78
1586667615.266163  78
1586667615.280523  77
1586667615.295017  77
1586667615.310062  78
1586667615.325050  78
1586667615.339177  77
1586667615.354600  78
1586667615.369491  79
1586667615.384232  76
1586667615.399080  77
1586667615.413615  77
1586667615.428551  77
1586667615.442738  77
1586667615.458354  77
1586667615.472988  78
1586667615.486977  76
1586667615.501254  71
1586667615.515664  69
1586667615.528294  65
1586667615.542079  59
1586667615.555129  54
1586667615.567842  49
1586667615.582893  42
1586667615.597832  38
1586667615.611935  37
1586667615.626199  36
1586667615.640458  37
1586667615.655356  37
1586667615.670188  38
1586667615.685133  37
1586667615.700263  37
1586667615.715180  37
1586667615.730326  38
1586667615.743126  37
1586667615.755737  37
1586667615.768846  38
1586667615.783042  37
1586667615.797733  35
1586667615.812329  38
1586667615.826823  38
1586667615.841520  38
1586667615.856088  38
1586667615.871262  38
1586667615.885979  38
1586667615.900455  38
1586667615.914358  38
1586667615.928051  37
1586667615.941831  38
1586667615.956281  38
1586667615.970767  38
1586667615.985182  39
1586667616.000266  38
1586667616.014646  37
1586667616.029994  39
1586667616.044635  39
1586667616.059556  40
1586667616.074130  39
1586667616.088311  39
1586667616.102922  38
1586667616.117844  39
1586667616.132248  39
1586667616.146533  39
1586667616.161249  39
1586667616.175941  39
1586667616.188804  38
1586667616.203683  39
1586667616.218310  39
1586667616.233028  39
1586667616.246346  39
1586667616.259003  40
1586667616.272831  41
1586667616.286038  41
1586667616.300225  40
1586667616.314721  41
1586667616.328478  41
1586667616.342858  40
1586667616.357268  40
1586667616.370124  41
1586667616.385101  40
1586667616.399337  41
1586667616.411399  39
1586667616.425552  40
1586667616.440202  40
1586667616.454504  41
1586667616.468555  41
1586667616.483397  40
1586667616.496415  42
1586667616.510070  40
1586667616.524216  41
1586667616.537917  41
1586667616.552332  42
1586667616.566639  41
1586667616.581186  41
1586667616.595849  42
1586667616.610527  42
1586667616.625054  42
1586667616.639669  41
1586667616.654392  42
1586667616.668426  41
1586667616.682759  41
1586667616.697107  41
1586667616.711445  41
1586667616.726226  41
1586667616.740800  43
1586667616.755058  42
1586667616.768782  43
1586667616.782995  43
1586667616.796575  42
1586667616.810246  43
1586667616.825076  42
1586667616.839707  42
1586667616.854816  42
1586667616.869625  43
1586667616.883871  43
1586667616.897760  42
1586667616.912159  42
1586667616.926056  43
1586667616.940367  42
1586667616.954593  42
1586667616.968791  44
1586667616.983692  43
1586667616.998240  43
1586667617.013027  43
1586667617.026597  44
1586667617.042061  43
1586667617.055371  44
1586667617.069406  43
1586667617.083161  43
1586667617.096183  44
1586667617.110840  43
1586667617.125490  43
1586667617.140579  43
1586667617.155157  43
1586667617.170318  44
1586667617.185072  43
1586667617.197924  44
1586667617.211680  45
1586667617.225616  44
1586667617.239755  44
1586667617.254246  43
1586667617.269251  45
1586667617.283747  44
1586667617.298299  44
1586667617.312522  44
1586667617.327020  45
1586667617.341589  45
1586667617.356476  44
1586667617.370668  45
1586667617.384683  44
1586667617.399235  45
1586667617.413992  44
1586667617.427349  45
1586667617.441825  45
1586667617.455626  45
1586667617.468104  47
1586667617.483605  45
1586667617.498198  45
1586667617.512392  46
1586667617.526360  46
1586667617.541207  45
1586667617.555129  45
1586667617.569685  46
1586667617.584162  45
1586667617.599361  46
1586667617.613652  46
1586667617.628241  46
1586667617.642777  45
1586667617.658133  46
1586667617.672578  45
1586667617.686735  45
1586667617.701040  45
1586667617.715041  45
1586667617.729597  48
1586667617.743928  46
1586667617.757583  45
1586667617.771980  45
1586667617.784246  47
1586667617.797750  47
1586667617.810284  46
1586667617.823132  47
1586667617.837145  46
1586667617.852057  47
1586667617.866811  46
1586667617.881361  47
1586667617.895314  46
1586667617.909170  47
1586667617.923261  47
1586667617.936299  48
1586667617.950943  47
1586667617.965597  48
1586667617.979744  48
1586667617.994745  46
1586667618.008632  48
1586667618.021191  47
1586667618.033535  49
1586667618.046237  47
1586667618.058721  46
1586667618.071275  47
1586667618.083617  47
1586667618.096237  49
1586667618.109708  48
1586667618.122191  48
1586667618.136664  48
1586667618.151402  49
1586667618.164503  48
1586667618.177271  48
1586667618.189726  48
1586667618.202356  48
1586667618.214909  48
1586667618.228703  49
1586667618.243008  50
1586667618.257750  49
1586667618.271459  49
1586667618.284631  49
1586667618.297822  48
1586667618.310571  49
1586667618.324920  48
1586667618.338621  49
1586667618.351583  49
1586667618.364534  48
1586667618.378632  49
1586667618.391938  48
1586667618.407210  49
1586667618.420676  48
1586667618.433645  50
1586667618.446584  49
1586667618.459573  48
1586667618.472213  48
1586667618.484679  48
1586667618.497055  49
1586667618.509956  49
1586667618.522761  49
1586667618.535562  51
1586667618.548504  50
1586667618.561195  50
1586667618.574131  50
1586667618.586686  50
1586667618.599220  49
1586667618.612090  49
1586667618.624714  49
1586667618.638384  52
1586667618.652894  50
1586667618.666635  50
1586667618.679957  50
1586667618.692895  50
1586667618.705797  51
1586667618.718212  50
1586667618.730772  50
1586667618.743805  50
1586667618.757215  51
1586667618.770808  49
1586667618.785629  51
1586667618.800478  50
1586667618.813328  50
1586667618.828812  50
1586667618.843055  52
1586667618.857153  50
1586667618.871412  51
1586667618.885984  49
1586667618.901100  50
1586667618.915691  51
1586667618.931379  52
1586667618.945944  51
1586667618.961351  51
1586667618.975803  50
1586667618.990085  52
1586667619.004515  52
1586667619.019784  50
1586667619.033772  51
1586667619.048157  52
1586667619.062240  52
1586667619.076770  52
1586667619.090892  52
1586667619.105020  51
1586667619.118070  52
1586667619.133124  52
1586667619.146279  52
1586667619.160327  52
1586667619.175607  52
1586667619.190541  51
1586667619.204805  51
1586667619.219251  53
1586667619.233799  52
1586667619.248255  53
1586667619.262878  52
1586667619.277554  52
1586667619.291594  52
1586667619.306261  51
1586667619.320310  52
1586667619.334918  52
1586667619.348085  53
1586667619.363600  53
1586667619.378132  53
1586667619.391353  52
1586667619.405892  52
1586667619.420594  53
1586667619.435068  52
1586667619.450666  52
1586667619.465344  53
1586667619.479879  53
1586667619.494050  54
1586667619.507842  53
1586667619.522142  53
1586667619.535177  52
1586667619.550207  54
1586667619.565719  53
1586667619.580615  52
1586667619.594727  52
1586667619.608029  54
1586667619.622516  53
1586667619.636593  54
1586667619.651358  55
1586667619.665828  54
1586667619.680615  53
1586667619.694657  53
1586667619.709192  53
1586667619.722447  53
1586667619.736601  53
1586667619.750122  55
1586667619.764594  56
1586667619.779714  54
1586667619.794084  54
1586667619.807650  52
1586667619.822481  55
1586667619.837837  54
1586667619.851603  54
1586667619.866411  54
1586667619.881270  55
1586667619.896088  54
1586667619.909849  55
1586667619.924414  54
1586667619.938919  54
1586667619.953474  55
1586667619.967254  56
1586667619.980207  55
1586667619.994831  54
1586667620.009002  54
1586667620.023155  54
1586667620.037257  55
1586667620.051095  57
1586667620.065469  56
1586667620.079106  54
1586667620.093586  54
1586667620.107251  55
1586667620.121974  55
1586667620.136825  55
1586667620.151651  56
1586667620.164048  57
1586667620.176356  55
1586667620.189666  56
1586667620.203610  55
1586667620.217977  55
1586667620.232493  55
1586667620.247335  56
1586667620.261373  57
1586667620.274144  57
1586667620.287653  55
1586667620.302099  55
1586667620.316462  55
1586667620.331339  55
1586667620.345615  55
1586667620.360592  56
1586667620.374693  58
1586667620.387577  56
1586667620.401443  56
1586667620.415495  56
1586667620.428922  57
1586667620.443579  58
1586667620.456233  57
1586667620.469268  57
1586667620.483225  56
1586667620.497735  56
1586667620.512310  56
1586667620.526794  56
1586667620.541505  57
1586667620.555956  57
1586667620.570003  57
1586667620.584158  56
1586667620.598637  56
1586667620.613578  57
1586667620.627333  56
1586667620.642249  56
1586667620.656713  58
1586667620.671202  58
1586667620.685406  56
1586667620.700309  56
1586667620.713286  58
1586667620.726711  57
1586667620.741331  58
1586667620.756122  57
1586667620.769226  59
1586667620.783038  59
1586667620.797528  57
1586667620.811722  57
1586667620.825960  58
1586667620.840641  57
1586667620.854920  59
1586667620.869812  58
1586667620.884004  59
1586667620.897207  58
1586667620.911906  57
1586667620.927372  57
1586667620.941774  59
1586667620.955851  59
1586667620.968804  59
1586667620.982987  60
1586667620.995357  58
1586667621.007549  59
1586667621.020144  58
1586667621.035364  57
1586667621.050497  58
1586667621.064583  59
1586667621.078721  59
1586667621.093889  57
1586667621.107618  59
1586667621.120441  58
1586667621.132698  57
1586667621.145696  59
1586667621.159622  59
1586667621.172287  60
1586667621.185892  59
1586667621.200211  59
1586667621.214440  58
1586667621.228727  58
1586667621.241992  58
1586667621.256044  60
1586667621.269770  60
1586667621.283409  60
1586667621.297332  59
1586667621.310574  59
1586667621.323707  60
1586667621.337709  60
1586667621.352255  59
1586667621.366107  60
1586667621.379483  61
1586667621.393471  60
1586667621.408004  59
1586667621.421765  59
1586667621.436055  59
1586667621.450364  60
1586667621.465270  60
1586667621.478452  60
1586667621.493825  61
1586667621.508408  60
1586667621.522458  59
1586667621.537248  59
1586667621.551620  60
1586667621.566016  60
1586667621.581222  62
1586667621.595222  61
1586667621.609186  61
1586667621.622996  60
1586667621.637506  60
1586667621.652173  61
1586667621.666051  62
1586667621.679382  62
1586667621.694046  61
1586667621.708293  59
1586667621.722654  60
1586667621.737536  61
1586667621.752322  60
1586667621.766518  61
1586667621.780779  61
1586667621.795926  60
1586667621.810668  60
1586667621.824540  60
1586667621.838726  60
1586667621.853554  60
1586667621.867246  60
1586667621.881646  62
1586667621.896290  63
1586667621.910711  61
1586667621.924369  60
1586667621.938558  61
1586667621.952728  62
1586667621.966895  62
1586667621.980516  61
1586667621.994770  63
1586667622.007883  61
1586667622.021844  61
1586667622.037285  59
1586667622.051766  62
1586667622.066032  63
1586667622.078785  62
1586667622.092790  62
1586667622.105022  63
1586667622.119973  61
1586667622.135028  61
1586667622.150100  62
1586667622.163916  63
1586667622.178004  62
1586667622.192836  62
1586667622.206884  62
1586667622.221701  63
1586667622.236140  62
1586667622.250207  62
1586667622.264359  63
1586667622.279107  63
1586667622.293810  64
1586667622.307517  62
1586667622.321996  62
1586667622.336442  62
1586667622.351016  62
1586667622.365264  63
1586667622.380145  65
1586667622.394733  64
1586667622.409300  65
1586667622.423357  63
1586667622.437877  63
1586667622.452508  63
1586667622.466603  64
1586667622.479757  64
1586667622.495098  65
1586667622.509084  64
1586667622.524032  62
1586667622.538394  62
1586667622.553168  64
1586667622.567804  64
1586667622.581992  64
1586667622.596087  63
1586667622.610803  64
1586667622.625304  63
1586667622.639740  63
1586667622.653588  63
1586667622.668152  65
1586667622.683801  64
1586667622.698976  64
1586667622.713579  66
1586667622.728236  63
1586667622.743262  63
1586667622.757450  63
1586667622.771868  64
1586667622.785805  64
1586667622.800118  64
1586667622.814044  64
1586667622.828093  64
1586667622.841960  64
1586667622.855451  63
1586667622.868124  65
1586667622.881317  65
1586667622.895555  66
1586667622.908858  65
1586667622.923835  64
1586667622.938296  64
1586667622.952757  65
1586667622.967474  65
1586667622.983340  65
1586667622.997345  66
1586667623.010908  66
1586667623.025759  65
1586667623.040233  64
1586667623.054216  64
1586667623.068027  66
1586667623.082121  65
1586667623.095378  66
1586667623.110442  65
1586667623.125203  64
1586667623.139442  63
1586667623.154309  64
1586667623.169226  65
1586667623.183787  65
1586667623.198315  65
1586667623.212910  66
1586667623.227240  65
1586667623.242066  65
1586667623.255950  65
1586667623.269283  65
1586667623.282815  66
1586667623.296544  66
1586667623.309149  66
1586667623.323382  66
1586667623.338185  65
1586667623.353260  65
1586667623.368249  65
1586667623.383447  65
1586667623.398285  66
1586667623.413048  66
1586667623.427904  65
1586667623.442628  65
1586667623.456797  65
1586667623.471161  66
1586667623.485438  66
1586667623.500126  66
1586667623.514686  66
1586667623.529413  65
1586667623.543851  66
1586667623.558473  65
1586667623.571611  66
1586667623.585181  66
1586667623.600459  67
1586667623.615057  68
1586667623.628840  67
1586667623.642778  66
1586667623.656962  66
1586667623.671992  66
1586667623.685855  68
1586667623.699670  68
1586667623.713754  67
1586667623.727938  67
1586667623.741384  67
1586667623.755572  66
1586667623.770045  67
1586667623.783720  67
1586667623.797114  68
1586667623.811115  67
1586667623.825463  68
1586667623.839001  66
1586667623.852960  66
1586667623.866757  66
1586667623.881132  68
1586667623.894917  68
1586667623.908426  67
1586667623.921549  68
1586667623.936034  67
1586667623.949536  67
1586667623.963495  68
1586667623.978054  68
1586667623.991126  67
1586667624.006293  70
1586667624.019372  68
1586667624.034677  68
1586667624.048170  67
1586667624.062972  68
1586667624.077888  68
1586667624.091251  69
1586667624.104270  68
1586667624.116873  68
1586667624.130035  68
1586667624.143382  68
1586667624.157594  68
1586667624.172399  68
1586667624.186670  68
1586667624.201259  68
1586667624.215917  69
1586667624.229871  68
1586667624.244212  67
1586667624.258875  67
1586667624.273138  68
1586667624.287928  69
1586667624.302090  69
1586667624.316209  69
1586667624.330737  69
1586667624.345679  69
1586667624.360027  68
1586667624.374322  68
1586667624.388227  69
1586667624.401986  70
1586667624.415750  69
1586667624.429623  70
1586667624.443608  69
1586667624.455915  70
1586667624.470189  69
1586667624.484791  71
1586667624.497745  71
1586667624.511685  70
1586667624.525895  71
1586667624.539222  71
1586667624.551727  69
1586667624.565508  70
1586667624.579680  69
1586667624.593880  69
1586667624.608774  70
1586667624.623518  70
1586667624.637848  70
1586667624.650481  70
1586667624.664635  69
1586667624.679425  69
1586667624.695224  70
1586667624.709568  70
1586667624.723451  71
1586667624.737771  70
1586667624.751323  70
1586667624.766325  69
1586667624.779505  69
1586667624.793894  71
1586667624.807049  71
1586667624.822031  70
1586667624.835059  71
1586667624.849647  69
1586667624.864261  69
1586667624.878200  70
1586667624.891355  70
1586667624.904974  71
1586667624.919235  71
1586667624.933663  71
1586667624.947917  70
1586667624.963019  69
1586667624.975210  69
1586667624.988975  72
1586667625.003132  70
1586667625.015716  72
1586667625.030584  72
1586667625.045328  71
1586667625.059450  70
1586667625.074079  70
1586667625.088993  71
1586667625.103423  70
1586667625.117849  72
1586667625.132380  72
1586667625.145756  71
1586667625.160030  70
1586667625.174737  70
1586667625.189432  72
1586667625.203307  73
1586667625.216295  72
1586667625.230847  71
1586667625.243736  72
1586667625.258594  72
1586667625.273526  71
1586667625.288450  71
1586667625.303314  72
1586667625.318042  73
1586667625.330943  72
1586667625.345295  71
1586667625.359851  70
1586667625.374777  71
1586667625.389586  73
1586667625.404081  72
1586667625.418741  73
1586667625.431676  73
1586667625.444543  73
1586667625.459402  71
1586667625.473855  71
1586667625.489091  71
1586667625.504168  73
1586667625.518281  73
1586667625.531879  73
1586667625.546064  72
1586667625.560715  71
1586667625.575050  72
1586667625.589927  72
1586667625.604839  73
1586667625.618816  72
1586667625.633007  73
1586667625.647887  73
1586667625.662819  73
1586667625.677480  71
1586667625.692666  72
1586667625.706872  74
1586667625.721307  73
1586667625.733996  73
1586667625.748322  72
1586667625.761834  72
1586667625.775069  72
1586667625.790425  74
1586667625.805236  73
1586667625.819250  73
1586667625.833135  73
1586667625.847504  73
1586667625.862554  72
1586667625.876680  72
1586667625.889993  73
1586667625.904908  73
1586667625.919655  74
1586667625.934235  73
1586667625.946690  72
1586667625.960338  74
1586667625.975033  73
1586667625.989274  72
1586667626.003342  75
1586667626.017663  74
1586667626.030516  74
1586667626.045355  74
1586667626.059699  73
1586667626.074233  72
1586667626.087353  73
1586667626.100135  75
1586667626.114306  74
1586667626.128364  74
1586667626.141520  73
1586667626.156700  74
1586667626.171572  73
1586667626.186004  73
1586667626.200360  74
1586667626.213466  74
1586667626.227813  74
1586667626.240404  75
1586667626.255593  74
1586667626.270133  73
1586667626.284642  73
1586667626.299042  73
1586667626.312728  75
1586667626.326788  74
1586667626.342691  74
1586667626.356967  74
1586667626.371552  76
1586667626.385847  74
1586667626.400173  73
1586667626.415093  74
1586667626.429775  75
1586667626.443954  75
1586667626.459239  74
1586667626.474153  74
1586667626.488039  74
1586667626.502383  74
1586667626.517062  74
1586667626.531709  76
1586667626.545591  76
1586667626.557787  74
1586667626.571925  77
1586667626.586024  74
1586667626.600501  74
1586667626.614536  75
1586667626.629368  75
1586667626.643915  76
1586667626.657645  77
1586667626.669900  76
1586667626.682296  76
1586667626.696984  74
1586667626.711103  75
1586667626.724861  75
1586667626.737487  75
1586667626.750306  76
1586667626.763961  76
1586667626.777800  76
1586667626.792802  74
1586667626.806926  74
1586667626.821163  77
1586667626.836005  76
1586667626.850890  76
1586667626.864876  75
1586667626.880595  77
1586667626.894935  76
1586667626.909147  74
1586667626.922469  77
1586667626.936910  76
1586667626.950666  76
1586667626.965624  76
1586667626.980202  77
1586667626.994891  77
1586667627.009468  75
1586667627.024181  77
1586667627.038059  76
1586667627.052111  77
1586667627.066573  76
1586667627.081748  76
1586667627.096338  76
1586667627.110595  75
1586667627.124690  76
1586667627.139756  76
1586667627.153866  77
1586667627.168296  77
1586667627.183511  77
1586667627.197668  77
1586667627.211759  77
1586667627.226215  76
1586667627.240196  77
1586667627.254407  77
1586667627.268832  77
1586667627.281223  76
1586667627.295783  77
1586667627.310107  76
1586667627.323756  76
1586667627.338075  77
1586667627.350953  77
1586667627.363718  77
1586667627.377070  77
1586667627.390123  78
1586667627.402473  77
1586667627.416940  76
1586667627.431404  76
1586667627.445766  76
1586667627.460160  77
1586667627.473499  78
1586667627.487481  78
1586667627.500541  78
1586667627.514312  77
1586667627.528571  76
1586667627.542874  78
1586667627.558264  78
1586667627.573183  78
1586667627.587842  77
1586667627.602438  78
1586667627.617409  78
1586667627.631731  77
1586667627.646500  76
1586667627.661062  78
1586667627.674393  78
1586667627.689247  78
1586667627.703263  77
1586667627.717220  79
1586667627.731530  77
1586667627.746199  77
1586667627.760941  78
1586667627.775607  78
1586667627.789651  78
1586667627.803933  79
1586667627.818613  78
1586667627.831533  77
1586667627.846903  77
1586667627.860628  77
1586667627.874733  79
1586667627.889134  79
1586667627.902543  78
1586667627.917065  77
1586667627.932038  79
1586667627.946730  77
1586667627.961232  79
1586667627.973983  78
1586667627.986878  78
1586667627.999627  79
1586667628.012813  79
1586667628.026001  78
1586667628.038413  77
1586667628.053328  77
1586667628.067850  78
1586667628.082337  77
1586667628.097288  77
1586667628.111382  79
1586667628.126059  77
1586667628.140801  76
1586667628.155608  78
1586667628.170444  78
1586667628.184802  78
1586667628.199270  77
1586667628.213995  78
1586667628.228478  78
1586667628.242817  76
1586667628.257677  77
1586667628.271151  77
1586667628.285056  77
1586667628.299332  77
1586667628.312729  76
1586667628.327018  77
1586667628.340804  71
1586667628.354156  64
1586667628.366674  60
1586667628.380955  56
1586667628.394672  49
1586667628.408950  43
1586667628.423330  38
1586667628.437387  36
1586667628.451826  35
1586667628.466541  36
1586667628.481435  36
1586667628.495829  36
1586667628.511146  36
1586667628.526200  36
1586667628.540079  36
1586667628.553430  38
1586667628.567993  36
1586667628.582542  37
1586667628.596529  36
1586667628.608775  37
1586667628.621028  38
1586667628.634439  37
1586667628.648889  36
1586667628.663525  37
1586667628.678261  37
1586667628.692554  37
1586667628.705510  38
1586667628.718814  37
1586667628.731327  38
1586667628.744225  37
1586667628.757560  37
1586667628.770274  38
1586667628.782822  39
1586667628.797363  37
1586667628.811712  38
1586667628.824609  39
1586667628.839036  38
1586667628.852300  38
1586667628.866592  37
1586667628.881742  39
1586667628.895856  39
1586667628.910107  38
1586667628.923260  38
1586667628.937935  39
1586667628.952740  38
1586667628.968065  37
1586667628.982389  39
1586667628.996245  39
1586667629.008690  39
1586667629.020945  40
1586667629.033652  39
1586667629.048023  41
1586667629.062603  39
1586667629.077091  38
1586667629.090728  39
1586667629.103892  40
1586667629.117596  39
1586667629.132258  40
1586667629.146022  39
1586667629.159861  40
1586667629.174229  39
1586667629.189396  39
1586667629.204301  40
1586667629.218825  40
1586667629.232427  41
1586667629.245856  40
1586667629.259720  40
1586667629.274286  40
1586667629.288895  40
1586667629.303261  40
1586667629.317715  41
1586667629.331822  40
1586667629.346194  41
1586667629.359249  40
1586667629.371526  40
1586667629.384074  40
1586667629.396497  40
1586667629.410249  40
1586667629.423589  41
1586667629.438971  42
1586667629.453987  41
1586667629.468281  41
1586667629.482971  39
1586667629.497782  42
1586667629.512160  41
1586667629.527458  40
1586667629.541626  42
1586667629.556907  42
1586667629.571790  41
1586667629.586612  40
1586667629.601521  41
1586667629.615914  41
1586667629.630367  41
1586667629.643983  41
1586667629.657004  43
1586667629.671364  42
1586667629.685446  41
1586667629.699570  42
1586667629.712743  43
1586667629.727774  43
1586667629.740922  43
1586667629.754982  42
1586667629.769519  43
1586667629.783280  41
1586667629.798460  42
1586667629.812306  43
1586667629.827452  42
1586667629.842073  43
1586667629.854858  42
1586667629.869783  43
1586667629.884266  42
1586667629.898778  43
1586667629.913085  43
1586667629.927111  43
1586667629.941678  43
1586667629.955821  43
1586667629.970393  43
1586667629.984410  43
1586667629.999766  44
1586667630.013446  44
1586667630.028038  44
1586667630.041368  44
1586667630.055795  43
1586667630.070137  43
1586667630.084949  43
1586667630.099171  43
1586667630.112964  43
1586667630.127325  44
