37.5
34.7
134
200
196
118
103
88.0
82.8
79.2
93.2
82.7
50.2
51.2
55.0
54.8
59.4
58.0
65.9
64.4
65.0
63.3
66.6
70.2
72.2
77.9
75.0
75.4
82.5
83.4
81.3
84.2
88.8
90.3
96.6
86.6
93.4
91.3
97.4
100
98.2
97.8
100
109
105
100
105
107
106
108
107
113
113
111
116
117
112
112
117
118
113
124
123
123
122
121
124
129
128
128
130
126
128
99.3
65.7
70.0
68.1
69.3
73.5
75.4
81.0
78.0
81.0
79.8
81.8
84.6
83.9
91.3
93.7
93.1
88.2
98.0
94.2
93.3
97.5
98.0
103
98.6
101
106
106
105
113
113
107
112
107
112
114
118
114
113
118
117
116
123
124
122
119
121
123
131
126
129
128
131
138
132
99.7
67.6
68.6
69.7
69.2
76.3
73.0
77.1
77.0
77.5
79.3
85.2
83.2
87.6
83.8
90.2
95.0
88.7
94.9
96.7
94.3
94.1
99.2
102
105
108
103
108
105
112
111
110
110
111
118
109
119
115
118
121
121
118
118
124
123
120
126
127
122
130
132
131
125
135
135
126
104
71.2
66.4
72.0
70.7
74.4
74.4
79.6
79.8
76.6
81.3
84.3
87.4
87.5
89.8
90.8
91.9
94.7
92.7
94.7
96.3
96.7
101
106
102
102
107
107
107
108
107
109
107
111
114
115
114
112
115
117
120
120
120
119
124
120
128
123
131
124
130
132
132
128
98.3
65.5
62.7
68.2
72.2
72.3
73.6
80.5
81.3
78.3
84.6
84.6
84.7
88.5
87.8
93.7
88.8
93.5
91.7
96.0
97.1
99.2
95.4
98.3
99.9
101
105
103
103
110
105
105
112
110
107
111
121
115
117
118
116
122
121
127
125
123
124
128
126
124
131
128
136
132
131
84.7
68.8
69.3
69.5
69.8
75.3
74.9
77.4
76.5
78.7
88.4
81.1
86.2
86.1
87.6
88.8
92.4
90.8
98.6
95.3
91.5
103
99.9
105
97.1
101
104
105
101
107
108
106
109
111
112
117
114
118
117
115
119
120
120
121
120
126
123
125
125
127
131
130
131
131
96.8
66.8
65.9
66.5
72.1
72.9
74.3
77.1
82.6
81.2
80.8
81.9
84.8
87.0
89.3
85.8
94.6
90.7
89.2
93.2
98.8
101
98.7
97.7
102
102
108
106
104
107
110
112
110
111
112
113
116
116
114
115
117
122
120
120
117
126
123
124
130
132
136
129
130
136
129
103
64.6
72.1
69.8
74.8
72.4
73.4
81.0
77.6
79.9
81.2
78.0
85.3
86.4
87.5
92.4
88.9
88.4
89.8
95.3
93.0
100
103
96.6
99.4
103
100
108
107
110
109
107
113
113
110
143
204
232
216
195
171
171
198
211
178
188
199
233
252
211
220
180
125
129
131
132
127
128
128
130
132
132
135
104
69.3
69.3
72.0
71.5
76.4
76.2
74.7
75.7
81.9
79.5
84.2
89.4
89.3
85.3
89.3
92.0
97.5
99.1
94.5
99.7
99.1
98.1
100
98.9
101
104
107
105
108
106
112
112
113
109
114
114
115
117
117
116
119
121
117
121
123
125
127
128
127
130
130
133
131
129
98.6
64.4
36.8
37.6
40.0
44.6
44.0
51.4
52.3
58.4
54.3
58.1
65.3
61.9
64.3
65.6
68.7
71.5
69.6
72.2
74.7
80.0
74.1
83.0
85.0
86.0
82.8
83.8
86.4
88.8
90.2
90.4
92.9
95.7
95.2
96.6
100
97.7
96.6
102
104
108
107
102
104
108
115
112
113
111
113
117
116
117
117
126
124
117
126
126
128
128
125
125
131
129
131
134
129
126
78.7
71.1
71.5
