1586667373.767914, 0
1586667373.796586, 1
1586667373.811236, 0
1586667373.828324, 7
1586667373.842695, 1
1586667373.856227, 5
1586667373.874900, 3
1586667373.892298, 10
1586667373.908411, 15
1586667373.922768, 18
1586667373.938257, 21
1586667373.952372, 22
1586667373.966392, 24
1586667373.978995, 30
1586667373.993739, 34
1586667374.007967, 39
1586667374.021316, 43
1586667374.035773, 45
1586667374.050803, 49
1586667374.063313, 50
1586667374.078201, 50
1586667374.092556, 50
1586667374.106174, 49
1586667374.120790, 50
1586667374.133762, 50
1586667374.148288, 50
1586667374.162725, 50
1586667374.177155, 49
1586667374.191384, 50
1586667374.205008, 50
1586667374.217727, 50
1586667374.232047, 49
1586667374.246806, 50
1586667374.261364, 49
1586667374.275636, 50
1586667374.288681, 49
1586667374.303683, 48
1586667374.318205, 48
1586667374.331841, 48
1586667374.346799, 48
1586667374.359076, 48
1586667374.371637, 48
1586667374.386479, 48
1586667374.400851, 50
1586667374.414989, 49
1586667374.429888, 47
1586667374.442380, 49
1586667374.455995, 50
1586667374.468920, 50
1586667374.483715, 49
1586667374.498168, 49
1586667374.511016, 47
1586667374.523288, 49
1586667374.537848, 50
1586667374.551320, 49
1586667374.566878, 46
1586667374.581675, 47
1586667374.595768, 50
1586667374.609330, 50
1586667374.623721, 48
1586667374.637097, 50
1586667374.650024, 48
1586667374.662465, 47
1586667374.675937, 45
1586667374.688566, 43
1586667374.701361, 49
1586667374.714099, 46
1586667374.728204, 45
1586667374.741730, 47
1586667374.754256, 45
1586667374.767045, 44
1586667374.779752, 46
1586667374.792981, 47
1586667374.807704, 45
1586667374.822672, 47
1586667374.835246, 45
1586667374.847786, 45
1586667374.860906, 47
1586667374.874068, 47
1586667374.886498, 47
1586667374.900242, 48
1586667374.914443, 47
1586667374.928702, 44
1586667374.942840, 42
1586667374.957337, 40
1586667374.970930, 37
1586667374.983690, 37
1586667374.997186, 34
1586667375.014384, 34
1586667375.028490, 33
1586667375.041608, 33
1586667375.056050, 31
1586667375.070324, 31
1586667375.083155, 23
1586667375.096158, 22
1586667375.109177, 17
1586667375.123740, 14
1586667375.136757, 14
1586667375.150624, 13
1586667375.164578, 14
1586667375.178530, 13
1586667375.192979, 14
1586667375.206301, 15
1586667375.220488, 15
1586667375.234449, 16
1586667375.247703, 15
1586667375.262727, 16
1586667375.275665, 16
1586667375.288109, 13
1586667375.302616, 15
1586667375.317546, 17
1586667375.330323, 17
1586667375.344430, 16
1586667375.357448, 16
1586667375.372203, 15
1586667375.385028, 16
1586667375.397407, 14
1586667375.415708, 17
1586667375.429033, 17
1586667375.443957, 18
1586667375.458635, 16
1586667375.472095, 16
1586667375.488061, 17
1586667375.502964, 17
1586667375.517801, 18
1586667375.531101, 18
1586667375.545656, 18
1586667375.558585, 17
1586667375.573734, 18
1586667375.587201, 19
1586667375.601584, 18
1586667375.615680, 19
1586667375.630222, 18
1586667375.644300, 19
1586667375.658945, 18
1586667375.672229, 18
1586667375.685547, 20
1586667375.699851, 20
1586667375.714457, 21
1586667375.729392, 20
1586667375.744027, 19
1586667375.757383, 19
1586667375.771953, 19
1586667375.786762, 18
1586667375.801255, 19
1586667375.814798, 21
1586667375.827738, 21
1586667375.840248, 20
1586667375.854474, 21
1586667375.866991, 21
1586667375.881174, 20
1586667375.894486, 20
1586667375.908959, 19
1586667375.923990, 21
1586667375.938659, 21
1586667375.952635, 21
1586667375.966662, 20
1586667375.980152, 19
1586667375.995557, 19
1586667376.012293, 21
1586667376.025493, 23
1586667376.042716, 23
1586667376.057053, 22
1586667376.071298, 21
1586667376.084102, 22
1586667376.096972, 22
1586667376.111614, 22
1586667376.125565, 24
1586667376.140248, 24
1586667376.154604, 24
1586667376.169193, 24
1586667376.184106, 22
1586667376.197454, 22
1586667376.210495, 21
1586667376.223432, 22
1586667376.236346, 23
1586667376.249164, 23
1586667376.262329, 24
1586667376.275176, 23
1586667376.288175, 22
1586667376.301040, 23
1586667376.315717, 25
1586667376.330398, 24
1586667376.343819, 24
1586667376.356832, 24
1586667376.369631, 25
1586667376.382947, 24
1586667376.395967, 26
1586667376.409141, 24
1586667376.423339, 24
1586667376.435920, 25
1586667376.449087, 24
1586667376.462878, 25
1586667376.475895, 25
1586667376.489043, 25
1586667376.503929, 24
1586667376.518301, 24
1586667376.531307, 27
1586667376.544717, 27
1586667376.558055, 26
1586667376.571138, 26
1586667376.584974, 26
1586667376.599012, 25
1586667376.614967, 25
1586667376.628305, 27
1586667376.643856, 26
1586667376.656934, 26
1586667376.671358, 27
1586667376.684778, 26
1586667376.697571, 26
1586667376.711705, 26
1586667376.724922, 26
1586667376.741288, 26
1586667376.754458, 28
1586667376.768575, 27
1586667376.783096, 26
1586667376.796467, 25
1586667376.809788, 26
1586667376.823077, 26
1586667376.835755, 29
1586667376.850609, 28
1586667376.865131, 29
1586667376.878697, 29
1586667376.892130, 27
1586667376.906275, 27
1586667376.919631, 28
1586667376.934079, 28
1586667376.948457, 28
1586667376.962662, 28
1586667376.976584, 29
1586667376.991229, 27
1586667377.006009, 27
1586667377.020571, 27
1586667377.033769, 29
1586667377.048329, 27
1586667377.063894, 30
1586667377.078588, 29
1586667377.092813, 28
1586667377.107311, 28
1586667377.122264, 29
1586667377.135047, 30
1586667377.147623, 30
1586667377.162418, 29
1586667377.176196, 29
1586667377.190480, 30
1586667377.204624, 27
1586667377.221792, 28
1586667377.235789, 30
1586667377.250516, 31
1586667377.265516, 30
1586667377.280491, 30
1586667377.294884, 30
1586667377.309693, 29
1586667377.329237, 29
1586667377.343033, 31
1586667377.357953, 31
1586667377.373041, 31
1586667377.386915, 30
1586667377.400096, 31
1586667377.413248, 31
1586667377.426213, 32
1586667377.439975, 31
1586667377.453200, 32
1586667377.466023, 31
1586667377.480141, 31
1586667377.493830, 31
1586667377.507689, 30
1586667377.521295, 31
1586667377.533865, 32
1586667377.548042, 32
1586667377.560930, 33
1586667377.575793, 32
1586667377.590184, 32
1586667377.604724, 31
1586667377.620781, 31
1586667377.633259, 33
1586667377.646130, 33
1586667377.659064, 33
1586667377.673511, 32
1586667377.688085, 32
1586667377.702603, 31
1586667377.719901, 31
1586667377.732310, 33
1586667377.746988, 33
1586667377.761521, 33
1586667377.776209, 32
1586667377.791229, 33
1586667377.806513, 33
1586667377.824383, 32
1586667377.837520, 33
1586667377.852555, 34
1586667377.865562, 33
1586667377.878845, 33
1586667377.893288, 34
1586667377.906970, 34
1586667377.921189, 33
1586667377.935364, 34
1586667377.948580, 34
1586667377.963204, 34
1586667377.977515, 35
1586667377.992116, 34
1586667378.004918, 34
1586667378.018656, 34
1586667378.031387, 34
1586667378.045874, 34
1586667378.060846, 34
1586667378.074867, 35
1586667378.088819, 34
1586667378.101753, 35
1586667378.115790, 33
1586667378.129795, 35
1586667378.144476, 36
1586667378.157461, 35
1586667378.171104, 34
1586667378.185744, 35
1586667378.199379, 36
1586667378.213727, 34
1586667378.227071, 34
1586667378.241135, 36
1586667378.255155, 35
1586667378.269843, 36
1586667378.284519, 36
1586667378.299262, 35
1586667378.313201, 37
1586667378.327785, 36
1586667378.341908, 35
1586667378.355931, 36
1586667378.370000, 37
1586667378.384333, 36
1586667378.398774, 36
1586667378.413655, 37
1586667378.426504, 37
1586667378.443834, 36
1586667378.456132, 36
1586667378.470737, 36
1586667378.484268, 36
1586667378.496694, 36
1586667378.509938, 37
1586667378.524180, 35
1586667378.540633, 38
1586667378.556117, 38
1586667378.569351, 38
1586667378.583949, 38
1586667378.597085, 38
1586667378.611569, 37
1586667378.626382, 36
1586667378.640678, 38
1586667378.653369, 37
1586667378.667680, 37
1586667378.682501, 38
1586667378.696745, 37
1586667378.711263, 37
1586667378.725267, 36
1586667378.739768, 39
1586667378.753834, 39
1586667378.768199, 38
1586667378.782717, 38
1586667378.797253, 38
1586667378.812113, 39
1586667378.826512, 38
1586667378.839767, 38
1586667378.852815, 38
1586667378.867369, 38
1586667378.881561, 39
1586667378.896094, 38
1586667378.910613, 38
1586667378.925643, 39
1586667378.940338, 39
1586667378.954768, 38
1586667378.970061, 41
1586667378.984234, 40
1586667378.998670, 40
1586667379.013226, 39
1586667379.026078, 39
1586667379.043694, 40
1586667379.057783, 39
1586667379.072082, 39
1586667379.086563, 39
1586667379.101773, 39
1586667379.115993, 38
1586667379.130678, 40
1586667379.144577, 39
1586667379.158320, 40
1586667379.172659, 39
1586667379.188146, 40
1586667379.202752, 41
1586667379.217928, 41
1586667379.232905, 39
1586667379.247205, 40
1586667379.259985, 41
1586667379.274121, 40
1586667379.288857, 40
1586667379.302536, 42
1586667379.316972, 42
1586667379.329965, 41
1586667379.342878, 41
1586667379.357898, 41
1586667379.373157, 42
1586667379.387532, 42
1586667379.400254, 42
1586667379.414316, 40
1586667379.428399, 41
1586667379.441504, 40
1586667379.454993, 41
1586667379.468961, 40
1586667379.482174, 41
1586667379.495044, 41
1586667379.508032, 42
1586667379.522623, 42
1586667379.537937, 42
1586667379.552217, 42
1586667379.565979, 42
1586667379.578997, 41
1586667379.591881, 42
1586667379.606285, 42
1586667379.621657, 41
1586667379.635769, 43
1586667379.649173, 43
1586667379.663541, 43
1586667379.678123, 44
1586667379.693226, 43
1586667379.706468, 44
1586667379.719724, 44
1586667379.732826, 45
1586667379.746834, 44
1586667379.762227, 45
1586667379.777104, 45
1586667379.791265, 44
1586667379.805575, 43
1586667379.819009, 43
1586667379.832767, 42
1586667379.845696, 43
1586667379.859229, 43
1586667379.873339, 43
1586667379.886445, 43
1586667379.901182, 43
1586667379.914771, 43
1586667379.930328, 43
1586667379.944683, 44
1586667379.959323, 43
1586667379.973929, 43
1586667379.989301, 43
1586667380.003841, 43
1586667380.017074, 44
1586667380.030761, 43
1586667380.045650, 45
1586667380.059497, 44
1586667380.074518, 44
1586667380.088948, 44
1586667380.103466, 45
1586667380.116781, 45
1586667380.130937, 44
1586667380.143616, 44
1586667380.158207, 46
1586667380.171235, 44
1586667380.183967, 45
1586667380.198382, 44
1586667380.212890, 44
1586667380.227745, 44
1586667380.245120, 44
1586667380.258445, 46
1586667380.272094, 44
1586667380.286622, 45
1586667380.300907, 45
1586667380.313909, 45
1586667380.329207, 44
1586667380.343279, 44
1586667380.355832, 46
1586667380.369532, 45
1586667380.383234, 46
1586667380.396413, 45
1586667380.410411, 44
1586667380.425012, 46
1586667380.438222, 46
1586667380.451406, 46
1586667380.465955, 45
1586667380.479137, 44
1586667380.494970, 46
1586667380.509094, 45
1586667380.523110, 46
1586667380.537453, 46
1586667380.551703, 47
1586667380.566778, 47
1586667380.580294, 46
1586667380.595244, 47
1586667380.608467, 47
1586667380.623315, 47
1586667380.638069, 46
1586667380.650905, 46
1586667380.665155, 47
1586667380.678403, 47
1586667380.691362, 46
1586667380.705024, 47
1586667380.718018, 48
1586667380.731089, 46
1586667380.743542, 47
1586667380.756531, 47
1586667380.769147, 47
1586667380.781604, 46
1586667380.795034, 48
1586667380.807864, 47
1586667380.821952, 46
1586667380.834468, 45
1586667380.847086, 47
1586667380.859823, 48
1586667380.873913, 47
1586667380.886688, 47
1586667380.899809, 48
1586667380.913652, 47
1586667380.926447, 47
1586667380.942342, 48
1586667380.955599, 47
1586667380.968497, 49
1586667380.980985, 46
1586667380.993773, 47
1586667381.006475, 48
1586667381.019770, 47
1586667381.032894, 48
1586667381.045945, 47
1586667381.058759, 48
1586667381.071724, 50
1586667381.085592, 47
1586667381.098563, 47
1586667381.111882, 48
1586667381.126873, 48
1586667381.139908, 47
1586667381.153698, 47
1586667381.168941, 47
1586667381.183608, 47
1586667381.198893, 48
1586667381.211952, 47
1586667381.224745, 48
1586667381.238881, 47
1586667381.253398, 48
1586667381.267397, 49
1586667381.282245, 47
1586667381.296768, 47
1586667381.309971, 47
1586667381.322764, 42
1586667381.336700, 37
1586667381.349571, 34
1586667381.362483, 26
1586667381.378223, 23
1586667381.393046, 21
1586667381.408122, 22
1586667381.425300, 20
1586667381.441585, 20
1586667381.455692, 20
1586667381.468724, 23
1586667381.482875, 22
1586667381.496726, 22
1586667381.511144, 23
1586667381.525372, 21
1586667381.542201, 22
1586667381.556979, 21
1586667381.571439, 22
1586667381.586335, 23
1586667381.601284, 24
1586667381.613728, 24
1586667381.627716, 23
1586667381.642863, 22
1586667381.656342, 23
1586667381.669205, 23
1586667381.682472, 23
1586667381.696727, 24
1586667381.710216, 24
1586667381.724496, 22
1586667381.738887, 24
1586667381.753495, 23
1586667381.768817, 24
1586667381.782971, 25
1586667381.796270, 24
1586667381.809612, 24
1586667381.822598, 25
1586667381.837155, 23
1586667381.849575, 24
1586667381.862478, 24
1586667381.877734, 24
1586667381.892569, 25
1586667381.906548, 25
1586667381.920394, 25
1586667381.933532, 25
1586667381.947456, 24
1586667381.962174, 25
1586667381.975344, 27
1586667381.988976, 26
1586667382.002289, 25
1586667382.017606, 27
1586667382.033238, 26
1586667382.046108, 26
1586667382.060720, 26
1586667382.073330, 26
1586667382.088116, 26
1586667382.102488, 26
1586667382.116689, 27
1586667382.130216, 27
1586667382.144151, 26
1586667382.157019, 25
1586667382.170088, 25
1586667382.182950, 28
1586667382.197815, 26
1586667382.212751, 28
1586667382.225812, 28
1586667382.239252, 27
1586667382.254097, 26
1586667382.267731, 27
1586667382.281668, 28
1586667382.294257, 29
1586667382.307423, 28
1586667382.319941, 28
1586667382.334648, 27
1586667382.349342, 27
1586667382.363662, 27
1586667382.376798, 28
1586667382.391437, 28
1586667382.404729, 28
1586667382.418573, 28
1586667382.433430, 28
1586667382.447693, 28
1586667382.462397, 28
1586667382.476085, 29
1586667382.489368, 28
1586667382.503898, 28
1586667382.518232, 30
1586667382.533335, 30
1586667382.546838, 29
1586667382.560511, 29
1586667382.574509, 29
1586667382.588660, 29
1586667382.602772, 30
1586667382.617164, 30
1586667382.633704, 30
1586667382.648309, 29
1586667382.661734, 28
1586667382.675738, 30
1586667382.690262, 30
1586667382.704362, 32
1586667382.719127, 30
1586667382.733609, 31
1586667382.748860, 30
1586667382.768657, 31
1586667382.781467, 31
1586667382.794396, 31
1586667382.807304, 31
1586667382.821093, 32
1586667382.835672, 31
1586667382.848355, 32
1586667382.862567, 29
1586667382.879765, 31
1586667382.892376, 32
1586667382.906958, 32
1586667382.921992, 31
1586667382.936696, 31
1586667382.950413, 31
1586667382.963915, 31
1586667382.978437, 32
1586667382.992380, 32
1586667383.006232, 31
1586667383.019069, 32
1586667383.034017, 32
1586667383.047801, 31
1586667383.063100, 31
1586667383.077371, 32
1586667383.090511, 32
1586667383.105482, 32
1586667383.120097, 32
1586667383.133095, 33
1586667383.147729, 33
1586667383.161425, 33
1586667383.176150, 33
1586667383.191412, 33
1586667383.206459, 33
1586667383.220058, 33
1586667383.235572, 32
1586667383.248529, 33
1586667383.262901, 32
1586667383.276359, 32
1586667383.288782, 33
1586667383.302691, 33
1586667383.315363, 34
1586667383.330295, 33
1586667383.345039, 34
1586667383.359154, 33
1586667383.373540, 33
1586667383.385908, 35
1586667383.400675, 33
1586667383.414901, 34
1586667383.427393, 34
1586667383.439950, 35
1586667383.454508, 34
1586667383.471852, 33
1586667383.485242, 34
1586667383.498842, 34
1586667383.511473, 34
1586667383.524113, 35
1586667383.538765, 35
1586667383.553486, 34
1586667383.568564, 34
1586667383.583895, 37
1586667383.598404, 36
1586667383.611938, 35
1586667383.626532, 35
1586667383.639242, 35
1586667383.654010, 36
1586667383.668604, 33
1586667383.683438, 36
1586667383.697744, 35
1586667383.712270, 35
1586667383.726056, 35
1586667383.738796, 36
1586667383.752222, 35
1586667383.764881, 35
1586667383.777812, 36
1586667383.792994, 36
1586667383.806849, 37
1586667383.822657, 36
1586667383.835686, 36
1586667383.849897, 36
1586667383.864402, 35
1586667383.878549, 35
1586667383.893251, 37
1586667383.908091, 36
1586667383.922658, 37
1586667383.937102, 36
1586667383.950592, 37
1586667383.966236, 37
1586667383.980193, 37
1586667383.994019, 38
1586667384.008039, 37
1586667384.022577, 38
1586667384.036812, 38
1586667384.049470, 36
1586667384.062344, 38
1586667384.077187, 36
1586667384.091856, 37
1586667384.106372, 37
1586667384.120768, 38
1586667384.134096, 38
1586667384.148282, 38
1586667384.162944, 38
1586667384.177493, 37
1586667384.192200, 38
1586667384.206197, 39
1586667384.220676, 38
1586667384.235077, 37
1586667384.248650, 38
1586667384.262432, 38
1586667384.276969, 39
1586667384.290622, 38
1586667384.306057, 38
1586667384.320896, 39
1586667384.334264, 39
1586667384.348014, 39
1586667384.361633, 38
1586667384.376495, 39
1586667384.388872, 40
1586667384.401681, 38
1586667384.416580, 39
1586667384.434342, 39
1586667384.447169, 40
1586667384.461208, 40
1586667384.474846, 40
1586667384.487919, 39
1586667384.500824, 40
1586667384.513613, 40
1586667384.526893, 40
1586667384.542003, 39
1586667384.556562, 39
1586667384.570913, 40
1586667384.583811, 39
1586667384.598174, 39
1586667384.612190, 40
1586667384.624855, 41
1586667384.639500, 41
1586667384.653021, 41
1586667384.667349, 40
1586667384.680912, 38
1586667384.694919, 41
1586667384.708736, 40
1586667384.723448, 40
1586667384.736525, 41
1586667384.750439, 40
1586667384.763060, 41
1586667384.777715, 40
1586667384.790295, 39
1586667384.803070, 41
1586667384.816242, 41
1586667384.829810, 42
1586667384.844096, 41
1586667384.858225, 41
1586667384.871301, 42
1586667384.883874, 42
1586667384.898470, 41
1586667384.911065, 42
1586667384.923860, 42
1586667384.937261, 41
1586667384.950819, 41
1586667384.966167, 42
1586667384.979853, 42
1586667384.993934, 41
1586667385.008743, 41
1586667385.024201, 42
1586667385.039019, 41
1586667385.053768, 41
1586667385.067279, 42
1586667385.082180, 42
1586667385.096013, 42
1586667385.109093, 42
1586667385.124183, 42
1586667385.138452, 42
1586667385.151753, 43
1586667385.164448, 43
1586667385.178713, 42
1586667385.193307, 42
1586667385.207627, 43
1586667385.221932, 42
1586667385.234700, 43
1586667385.249121, 43
1586667385.262989, 43
1586667385.277781, 42
1586667385.292736, 42
1586667385.306135, 44
1586667385.319769, 43
1586667385.332567, 43
1586667385.346020, 43
1586667385.360015, 43
1586667385.374540, 44
1586667385.388668, 44
1586667385.403231, 43
1586667385.416683, 43
1586667385.431531, 44
1586667385.443832, 44
1586667385.457693, 44
1586667385.472716, 44
1586667385.487451, 43
1586667385.501612, 44
1586667385.514594, 44
1586667385.528817, 43
1586667385.542670, 45
1586667385.556493, 43
1586667385.570720, 44
1586667385.583749, 45
1586667385.598033, 45
1586667385.610937, 45
1586667385.625668, 44
1586667385.640329, 44
1586667385.654773, 44
1586667385.668715, 45
1586667385.681989, 45
1586667385.696475, 45
1586667385.710289, 45
1586667385.724044, 44
1586667385.738497, 45
1586667385.752769, 45
1586667385.767810, 45
1586667385.780795, 46
1586667385.793350, 45
1586667385.807750, 46
1586667385.822735, 45
1586667385.836847, 45
1586667385.851003, 44
1586667385.865862, 45
1586667385.879934, 46
1586667385.892943, 46
1586667385.906640, 46
1586667385.921042, 45
1586667385.934787, 46
1586667385.948567, 45
1586667385.961113, 46
1586667385.975758, 45
1586667385.990564, 45
1586667386.006010, 46
1586667386.018989, 46
1586667386.032183, 46
1586667386.046785, 47
1586667386.059963, 45
1586667386.074720, 45
1586667386.088866, 46
1586667386.103932, 48
1586667386.116581, 46
1586667386.131376, 47
1586667386.146431, 47
1586667386.159600, 47
1586667386.173663, 46
1586667386.186567, 48
1586667386.201903, 47
1586667386.215629, 46
1586667386.229700, 48
1586667386.244229, 47
1586667386.258698, 47
1586667386.273447, 46
1586667386.286216, 47
1586667386.300995, 47
1586667386.314692, 47
1586667386.328836, 48
1586667386.343503, 47
1586667386.356602, 46
1586667386.369405, 47
1586667386.384322, 48
1586667386.397505, 48
1586667386.411036, 48
1586667386.423878, 48
1586667386.437795, 48
1586667386.453151, 49
1586667386.466110, 48
1586667386.480105, 48
1586667386.494645, 47
1586667386.509978, 49
1586667386.524941, 48
1586667386.538040, 48
1586667386.551126, 48
1586667386.565787, 47
1586667386.580279, 48
1586667386.595013, 49
1586667386.609647, 49
1586667386.623749, 48
1586667386.638532, 46
1586667386.653541, 48
1586667386.666245, 48
1586667386.680909, 48
1586667386.695986, 49
1586667386.710312, 49
1586667386.723842, 49
1586667386.737860, 47
1586667386.752652, 48
1586667386.767358, 48
1586667386.781270, 49
1586667386.793983, 49
1586667386.808362, 48
1586667386.822107, 48
1586667386.836592, 48
1586667386.848942, 48
1586667386.862260, 47
1586667386.874931, 41
1586667386.887988, 36
1586667386.900995, 30
1586667386.915861, 24
1586667386.930275, 21
1586667386.943292, 20
1586667386.956909, 21
1586667386.970951, 21
1586667386.985683, 20
1586667386.999750, 21
1586667387.013496, 23
1586667387.028434, 22
1586667387.042208, 22
1586667387.056492, 22
1586667387.070042, 22
1586667387.084143, 22
1586667387.097113, 22
1586667387.112242, 24
1586667387.125052, 22
1586667387.138054, 25
1586667387.151632, 23
1586667387.166011, 23
1586667387.180169, 22
1586667387.194682, 23
1586667387.209477, 22
1586667387.223981, 23
1586667387.237028, 24
1586667387.250542, 25
1586667387.265203, 23
1586667387.278253, 23
1586667387.293162, 22
1586667387.306086, 23
1586667387.320830, 23
1586667387.334658, 25
1586667387.347688, 25
1586667387.362374, 25
1586667387.376816, 24
1586667387.390416, 23
1586667387.404346, 24
1586667387.418524, 24
1586667387.431375, 24
1586667387.444043, 26
1586667387.458465, 25
1586667387.472807, 25
1586667387.485639, 24
1586667387.499865, 24
1586667387.514368, 25
1586667387.527800, 26
1586667387.542425, 26
1586667387.555749, 25
1586667387.568281, 25
1586667387.580864, 26
1586667387.594707, 26
1586667387.609357, 25
1586667387.622819, 28
1586667387.636908, 28
1586667387.650197, 27
1586667387.663433, 28
1586667387.675775, 26
1586667387.690025, 25
1586667387.703263, 26
1586667387.717012, 27
1586667387.730155, 27
1586667387.743377, 26
1586667387.758169, 27
1586667387.772421, 27
1586667387.787120, 27
1586667387.800866, 27
1586667387.815025, 27
1586667387.829586, 27
1586667387.842717, 27
1586667387.855754, 27
1586667387.868614, 29
1586667387.882043, 27
1586667387.896198, 27
1586667387.910990, 27
1586667387.925343, 27
1586667387.938030, 29
1586667387.952460, 28
1586667387.966854, 29
1586667387.980761, 28
1586667387.995208, 28
1586667388.009908, 27
1586667388.025022, 30
1586667388.039206, 29
1586667388.052869, 28
1586667388.066486, 29
1586667388.081323, 29
1586667388.095459, 28
1586667388.110370, 28
1586667388.125085, 30
1586667388.139314, 29
1586667388.154068, 30
1586667388.168359, 29
1586667388.181461, 31
1586667388.195099, 29
1586667388.208145, 29
1586667388.222654, 30
1586667388.236878, 29
1586667388.250791, 31
1586667388.265485, 30
1586667388.280185, 30
1586667388.295149, 29
1586667388.307630, 30
1586667388.320313, 29
1586667388.334562, 30
1586667388.349727, 31
1586667388.364493, 31
1586667388.378098, 31
1586667388.392871, 30
1586667388.410025, 30
1586667388.426493, 32
1586667388.439769, 31
1586667388.453464, 32
1586667388.468373, 32
1586667388.483020, 31
1586667388.497848, 31
1586667388.510941, 30
1586667388.526220, 33
1586667388.540910, 31
1586667388.555702, 31
1586667388.569436, 31
1586667388.583203, 32
1586667388.598207, 31
1586667388.611062, 31
1586667388.624032, 32
1586667388.637746, 32
1586667388.651595, 32
1586667388.666366, 32
1586667388.681010, 32
1586667388.695731, 33
1586667388.709991, 31
1586667388.723788, 31
1586667388.737255, 34
1586667388.751940, 33
1586667388.766135, 34
1586667388.780578, 33
1586667388.793421, 33
1586667388.806451, 33
1586667388.820664, 32
1586667388.834140, 33
1586667388.848636, 34
1586667388.862273, 34
1586667388.875449, 34
1586667388.890138, 33
1586667388.903655, 33
1586667388.918956, 34
1586667388.932190, 34
1586667388.946469, 34
1586667388.961203, 33
1586667388.975993, 34
1586667388.990544, 34
1586667389.003850, 33
1586667389.018087, 35
1586667389.031176, 34
1586667389.045699, 34
1586667389.059762, 33
1586667389.074723, 35
1586667389.089030, 34
1586667389.103832, 33
1586667389.118155, 34
1586667389.131770, 36
1586667389.145070, 36
1586667389.159464, 35
1586667389.173432, 35
1586667389.187411, 35
1586667389.201830, 36
1586667389.216537, 34
1586667389.231245, 34
1586667389.246204, 36
1586667389.260324, 36
1586667389.273733, 35
1586667389.288125, 35
1586667389.302551, 35
1586667389.317048, 36
1586667389.331968, 35
1586667389.346806, 36
1586667389.361460, 36
1586667389.375915, 37
1586667389.390351, 37
1586667389.403827, 37
1586667389.418684, 37
1586667389.431773, 37
1586667389.445984, 37
1586667389.460005, 36
1586667389.473399, 36
1586667389.487791, 37
1586667389.501707, 37
1586667389.514632, 35
1586667389.528753, 37
1586667389.542063, 37
1586667389.554942, 37
1586667389.567754, 37
1586667389.582172, 37
1586667389.597027, 38
1586667389.611830, 37
1586667389.626760, 36
1586667389.640631, 37
1586667389.655030, 37
1586667389.669168, 38
1586667389.682197, 37
1586667389.696133, 37
1586667389.710665, 38
1586667389.724361, 36
1586667389.737694, 38
1586667389.752509, 38
1586667389.766920, 38
1586667389.779337, 39
1586667389.792901, 38
1586667389.807216, 38
1586667389.821624, 39
1586667389.835873, 39
1586667389.850581, 38
1586667389.865374, 38
1586667389.878280, 39
1586667389.892779, 39
1586667389.906837, 38
1586667389.921581, 39
1586667389.936132, 39
1586667389.950903, 39
1586667389.965828, 39
1586667389.979679, 40
1586667389.993432, 40
1586667390.008260, 39
1586667390.023119, 39
1586667390.036479, 40
1586667390.050893, 40
1586667390.063997, 39
1586667390.077859, 40
1586667390.093018, 40
1586667390.105835, 39
1586667390.120117, 39
1586667390.133706, 39
1586667390.147661, 40
1586667390.162608, 40
1586667390.175726, 40
1586667390.190518, 40
1586667390.203813, 41
1586667390.217714, 40
1586667390.231747, 39
1586667390.246355, 40
1586667390.260695, 40
1586667390.274847, 41
1586667390.287476, 41
1586667390.302215, 40
1586667390.316991, 41
1586667390.331503, 40
1586667390.346246, 40
1586667390.360931, 40
1586667390.375029, 41
1586667390.387697, 41
1586667390.402293, 41
1586667390.415948, 41
1586667390.428878, 41
1586667390.441668, 42
1586667390.456408, 41
1586667390.469183, 41
1586667390.482126, 42
1586667390.495247, 41
1586667390.507821, 42
1586667390.521261, 41
1586667390.535839, 41
1586667390.549147, 43
1586667390.563961, 42
1586667390.578293, 42
1586667390.593034, 42
1586667390.606148, 40
1586667390.619152, 41
1586667390.631895, 43
1586667390.645643, 42
1586667390.659166, 42
1586667390.671989, 42
1586667390.685302, 41
1586667390.699808, 42
1586667390.712969, 43
1586667390.726184, 42
1586667390.739244, 43
1586667390.751965, 43
1586667390.766122, 43
1586667390.780220, 42
1586667390.794520, 44
1586667390.809006, 43
1586667390.823879, 43
1586667390.838739, 43
1586667390.853420, 42
1586667390.867779, 43
1586667390.883080, 43
1586667390.897721, 44
1586667390.912787, 43
1586667390.927731, 43
1586667390.941598, 44
1586667390.955030, 44
1586667390.969002, 43
1586667390.983186, 44
1586667390.997784, 43
1586667391.012543, 44
1586667391.027176, 43
1586667391.042217, 44
1586667391.057582, 44
1586667391.071727, 43
1586667391.084922, 43
1586667391.098792, 44
1586667391.112307, 45
1586667391.125790, 44
1586667391.140557, 44
1586667391.154089, 45
1586667391.169206, 44
1586667391.183492, 43
1586667391.198183, 44
1586667391.212675, 44
1586667391.227310, 44
1586667391.241692, 45
1586667391.256548, 45
1586667391.271409, 44
1586667391.285899, 44
1586667391.299773, 44
1586667391.314648, 45
1586667391.329582, 44
1586667391.344262, 45
1586667391.358969, 45
1586667391.371988, 45
1586667391.385267, 45
1586667391.397987, 44
1586667391.410715, 46
1586667391.423892, 45
1586667391.436549, 45
1586667391.449029, 47
1586667391.462036, 46
1586667391.475493, 46
1586667391.488295, 46
1586667391.501050, 46
1586667391.514682, 45
1586667391.527463, 45
1586667391.540372, 46
1586667391.554647, 47
1586667391.567580, 45
1586667391.580132, 45
1586667391.593014, 47
1586667391.605858, 46
1586667391.618884, 46
1586667391.631766, 47
1586667391.645127, 46
1586667391.658915, 46
1586667391.671646, 46
1586667391.685274, 46
1586667391.699646, 46
1586667391.713157, 47
1586667391.726146, 47
1586667391.739656, 47
1586667391.752968, 47
1586667391.766373, 47
1586667391.780445, 47
1586667391.795047, 46
1586667391.809824, 47
1586667391.823219, 46
1586667391.837553, 47
1586667391.850889, 49
1586667391.865623, 49
1586667391.878366, 47
1586667391.891223, 48
1586667391.904359, 49
1586667391.917067, 48
1586667391.931936, 47
1586667391.945511, 48
1586667391.960295, 49
1586667391.973212, 47
1586667391.986553, 48
1586667392.000172, 48
1586667392.012798, 48
1586667392.025687, 47
1586667392.038798, 48
1586667392.051657, 47
1586667392.065170, 48
1586667392.078634, 47
1586667392.091608, 48
1586667392.105339, 49
1586667392.120460, 48
1586667392.133926, 48
1586667392.148378, 48
1586667392.162787, 48
1586667392.177502, 48
1586667392.191949, 48
1586667392.206796, 48
1586667392.221285, 48
1586667392.236010, 48
1586667392.250276, 49
1586667392.264608, 50
1586667392.279106, 48
1586667392.293533, 47
1586667392.308497, 47
1586667392.322364, 48
1586667392.337073, 47
1586667392.351361, 47
1586667392.365897, 50
1586667392.380310, 48
1586667392.394503, 48
1586667392.408816, 49
1586667392.423990, 49
1586667392.438888, 48
1586667392.454842, 48
1586667392.469301, 49
1586667392.482486, 48
1586667392.496015, 47
1586667392.510095, 47
1586667392.523103, 44
1586667392.537026, 38
1586667392.551119, 33
1586667392.565887, 28
1586667392.580012, 24
1586667392.594280, 21
1586667392.608866, 21
1586667392.623217, 21
1586667392.637889, 20
1586667392.650223, 19
1586667392.662406, 22
1586667392.675679, 23
1586667392.687984, 23
1586667392.702032, 22
1586667392.715814, 21
1586667392.728177, 21
1586667392.741170, 22
1586667392.754126, 23
1586667392.768640, 23
1586667392.782875, 23
1586667392.797494, 23
1586667392.809593, 23
1586667392.823672, 23
1586667392.837263, 23
1586667392.851937, 22
1586667392.866367, 24
1586667392.880899, 24
1586667392.895195, 24
1586667392.909675, 24
1586667392.924213, 24
1586667392.937306, 24
1586667392.951593, 23
1586667392.966557, 24
1586667392.980670, 25
1586667392.994800, 25
1586667393.009575, 24
1586667393.024414, 24
1586667393.038417, 25
1586667393.052297, 24
1586667393.065437, 26
1586667393.079626, 26
1586667393.093480, 25
1586667393.107716, 25
1586667393.121778, 24
1586667393.135219, 25
1586667393.149758, 26
1586667393.163049, 25
1586667393.177249, 26
1586667393.191254, 27
1586667393.205692, 26
1586667393.219742, 26
1586667393.233037, 25
1586667393.248048, 25
1586667393.262605, 26
1586667393.277336, 27
1586667393.291698, 26
1586667393.305072, 26
1586667393.318965, 27
1586667393.331885, 26
1586667393.345833, 26
1586667393.360178, 26
1586667393.375620, 27
1586667393.388191, 27
1586667393.401878, 27
1586667393.414474, 27
1586667393.428562, 27
1586667393.442041, 26
1586667393.455061, 27
1586667393.468233, 27
1586667393.481781, 29
1586667393.495880, 28
1586667393.509426, 28
1586667393.522225, 29
1586667393.536491, 28
1586667393.549543, 26
1586667393.562255, 28
1586667393.576471, 28
1586667393.590408, 29
1586667393.603327, 30
1586667393.616746, 29
1586667393.630813, 29
1586667393.643969, 28
1586667393.658637, 28
1586667393.672065, 29
1586667393.684971, 30
1586667393.698193, 29
1586667393.711366, 29
1586667393.724178, 28
1586667393.737867, 29
1586667393.751908, 30
1586667393.765873, 29
1586667393.780703, 30
1586667393.794771, 30
1586667393.807768, 30
1586667393.820482, 31
1586667393.834600, 29
1586667393.849873, 30
1586667393.862500, 29
1586667393.877637, 30
1586667393.891067, 31
1586667393.904146, 31
1586667393.917225, 31
1586667393.931959, 31
1586667393.946214, 30
1586667393.961148, 29
1586667393.975685, 31
1586667393.988517, 32
1586667394.002232, 31
1586667394.016507, 30
1586667394.030243, 31
1586667394.044433, 32
1586667394.058497, 30
1586667394.076123, 31
1586667394.090270, 31
1586667394.105125, 32
1586667394.119066, 31
1586667394.133375, 32
1586667394.145945, 32
1586667394.158699, 32
1586667394.175673, 31
1586667394.188477, 32
1586667394.202939, 32
1586667394.217130, 33
1586667394.231601, 32
1586667394.245814, 32
1586667394.259829, 31
1586667394.274054, 32
1586667394.287216, 32
1586667394.301236, 33
1586667394.316474, 33
1586667394.330377, 34
1586667394.344189, 33
1586667394.358820, 32
1586667394.373792, 32
1586667394.387227, 33
1586667394.401398, 33
1586667394.415966, 33
1586667394.430382, 34
1586667394.443829, 33
1586667394.457912, 33
1586667394.471939, 32
1586667394.484414, 33
1586667394.499294, 35
1586667394.513525, 34
1586667394.528181, 33
1586667394.542990, 35
1586667394.557932, 32
1586667394.572418, 33
1586667394.585458, 33
1586667394.600298, 34
1586667394.613274, 35
1586667394.627938, 34
1586667394.641606, 35
1586667394.655200, 33
1586667394.671074, 34
1586667394.683712, 33
1586667394.697952, 36
1586667394.712620, 36
1586667394.726101, 35
1586667394.741245, 34
1586667394.755663, 35
1586667394.769865, 36
1586667394.784575, 35
1586667394.798549, 34
1586667394.813923, 36
1586667394.828806, 36
1586667394.843321, 35
1586667394.858395, 36
1586667394.872815, 34
1586667394.887154, 35
1586667394.901769, 36
1586667394.916025, 35
1586667394.930310, 37
1586667394.944817, 36
1586667394.959566, 36
1586667394.973122, 34
1586667394.987797, 37
1586667395.002303, 37
1586667395.015590, 35
1586667395.028613, 37
1586667395.043312, 36
1586667395.055979, 37
1586667395.070520, 35
1586667395.083720, 36
1586667395.097809, 38
1586667395.112382, 37
1586667395.126606, 38
1586667395.139620, 37
1586667395.154329, 37
1586667395.169037, 37
1586667395.183751, 37
1586667395.197363, 36
1586667395.210034, 37
1586667395.223068, 38
1586667395.235651, 37
1586667395.248265, 37
1586667395.263046, 37
1586667395.277328, 38
1586667395.292397, 37
1586667395.306368, 37
1586667395.319932, 38
1586667395.334460, 38
1586667395.347439, 38
1586667395.361955, 38
1586667395.375112, 38
1586667395.390136, 38
1586667395.402961, 38
1586667395.417176, 38
1586667395.431991, 39
1586667395.445540, 39
1586667395.460046, 38
1586667395.474051, 38
1586667395.487155, 39
1586667395.501930, 38
1586667395.516417, 38
1586667395.531075, 39
1586667395.544028, 40
1586667395.558269, 40
1586667395.572462, 39
1586667395.585333, 38
1586667395.598756, 39
1586667395.612318, 39
1586667395.626411, 39
1586667395.639378, 38
1586667395.652087, 40
1586667395.666127, 40
1586667395.681083, 38
1586667395.694664, 39
1586667395.708604, 39
1586667395.722524, 39
1586667395.737210, 39
1586667395.751324, 40
1586667395.764171, 41
1586667395.777446, 40
1586667395.791412, 41
1586667395.805204, 40
1586667395.818663, 41
1586667395.832989, 41
1586667395.846597, 41
1586667395.859849, 40
1586667395.874190, 41
1586667395.887873, 40
1586667395.901634, 40
1586667395.915080, 41
1586667395.928290, 41
1586667395.943373, 40
1586667395.957820, 41
1586667395.972312, 41
1586667395.986950, 40
1586667396.001511, 42
1586667396.015276, 41
1586667396.030103, 41
1586667396.044393, 41
1586667396.058606, 41
1586667396.071190, 42
1586667396.084431, 42
1586667396.097945, 42
1586667396.112582, 41
1586667396.127064, 40
1586667396.141795, 42
1586667396.156445, 41
1586667396.170922, 42
1586667396.183744, 41
1586667396.196900, 42
1586667396.211111, 43
1586667396.226112, 42
1586667396.239923, 42
1586667396.254298, 43
1586667396.269269, 43
1586667396.283688, 42
1586667396.297313, 42
1586667396.311819, 43
1586667396.325765, 42
1586667396.341780, 42
1586667396.355151, 42
1586667396.369420, 42
1586667396.383960, 43
1586667396.396567, 43
1586667396.410784, 42
1586667396.424267, 43
1586667396.438094, 44
1586667396.452379, 44
1586667396.465470, 43
1586667396.479694, 43
1586667396.494485, 42
1586667396.509188, 45
1586667396.523813, 43
1586667396.538101, 44
1586667396.552669, 43
1586667396.567184, 43
1586667396.582193, 44
1586667396.597054, 45
1586667396.611786, 43
1586667396.626354, 44
1586667396.640340, 44
1586667396.655503, 43
1586667396.670204, 44
1586667396.685444, 44
1586667396.700375, 44
1586667396.715219, 45
1586667396.729537, 45
1586667396.743881, 44
1586667396.758548, 43
1586667396.772223, 44
1586667396.786255, 45
1586667396.800353, 43
1586667396.814333, 44
1586667396.828351, 44
1586667396.842441, 44
1586667396.856952, 45
1586667396.870459, 45
1586667396.885234, 45
1586667396.899646, 44
1586667396.914927, 45
1586667396.929542, 46
1586667396.943708, 45
1586667396.958605, 46
1586667396.973563, 45
1586667396.987798, 45
1586667397.001935, 47
1586667397.015078, 45
1586667397.029259, 45
1586667397.043083, 45
1586667397.057199, 46
1586667397.071695, 45
1586667397.085736, 46
1586667397.099073, 47
1586667397.113167, 45
1586667397.126197, 46
1586667397.140686, 46
1586667397.155933, 45
1586667397.170790, 47
1586667397.185695, 46
1586667397.200631, 47
1586667397.214672, 47
1586667397.228239, 46
1586667397.240700, 47
1586667397.255333, 47
1586667397.267993, 46
1586667397.281202, 47
1586667397.295713, 46
1586667397.310403, 47
1586667397.323932, 46
1586667397.337724, 47
1586667397.351673, 47
1586667397.364925, 48
1586667397.378433, 47
1586667397.393199, 48
1586667397.406317, 48
1586667397.419424, 48
1586667397.434094, 47
1586667397.448466, 47
1586667397.461808, 48
1586667397.475805, 47
1586667397.489931, 47
1586667397.503893, 48
1586667397.516975, 48
1586667397.530254, 47
1586667397.543583, 48
1586667397.557894, 47
1586667397.572857, 48
1586667397.586072, 48
1586667397.599374, 47
1586667397.612583, 49
1586667397.626542, 47
1586667397.641958, 48
1586667397.656378, 47
1586667397.670554, 48
1586667397.683699, 49
1586667397.697374, 49
1586667397.712642, 49
1586667397.726953, 48
1586667397.741166, 47
1586667397.755191, 47
1586667397.769166, 48
1586667397.783750, 47
1586667397.798229, 48
1586667397.812759, 48
1586667397.826779, 48
1586667397.841196, 47
1586667397.855572, 47
1586667397.870500, 47
1586667397.884901, 48
1586667397.898739, 48
1586667397.911675, 49
1586667397.924917, 47
1586667397.939686, 47
1586667397.954039, 46
1586667397.969040, 40
1586667397.981966, 37
1586667397.994608, 30
1586667398.009156, 25
1586667398.023500, 23
1586667398.036703, 21
1586667398.049781, 22
1586667398.062474, 21
1586667398.076261, 20
1586667398.089972, 20
1586667398.103021, 21
1586667398.116899, 22
1586667398.131929, 22
1586667398.146080, 23
1586667398.159219, 21
1586667398.173072, 22
1586667398.185953, 22
1586667398.199686, 22
1586667398.214165, 23
1586667398.227739, 23
1586667398.241902, 23
1586667398.256076, 23
1586667398.270930, 22
1586667398.284882, 23
1586667398.297456, 23
1586667398.310912, 24
1586667398.325696, 24
1586667398.340433, 23
1586667398.355168, 23
1586667398.369271, 23
1586667398.382930, 23
1586667398.395711, 24
1586667398.408933, 23
1586667398.423450, 24
1586667398.436874, 24
1586667398.449713, 23
1586667398.462817, 24
1586667398.475985, 25
1586667398.490035, 25
1586667398.504744, 23
1586667398.518713, 24
1586667398.531724, 26
1586667398.545907, 25
1586667398.559034, 26
1586667398.572222, 25
1586667398.587060, 24
1586667398.600971, 24
1586667398.614354, 24
1586667398.627204, 26
1586667398.642061, 27
1586667398.655191, 26
1586667398.668405, 26
1586667398.681586, 24
1586667398.694716, 26
1586667398.708011, 26
1586667398.721855, 27
1586667398.735786, 26
1586667398.749063, 27
1586667398.761815, 27
1586667398.775728, 27
1586667398.789013, 25
1586667398.804162, 26
1586667398.817247, 27
1586667398.832411, 26
1586667398.845830, 28
1586667398.858967, 28
1586667398.872152, 26
1586667398.884858, 26
1586667398.899927, 26
1586667398.913053, 27
1586667398.927204, 28
1586667398.939892, 28
1586667398.953055, 28
1586667398.967879, 27
1586667398.982366, 28
1586667398.997324, 28
1586667399.011473, 28
1586667399.024975, 29
1586667399.039673, 28
1586667399.052581, 27
1586667399.065191, 28
1586667399.078342, 29
1586667399.091467, 27
1586667399.104310, 27
1586667399.117269, 26
1586667399.130548, 28
1586667399.143348, 30
1586667399.158133, 29
1586667399.171462, 29
1586667399.184377, 30
1586667399.197928, 29
1586667399.212926, 28
1586667399.226752, 29
1586667399.239813, 30
1586667399.254223, 30
1586667399.266736, 30
1586667399.281485, 30
1586667399.296239, 28
1586667399.310694, 30
1586667399.325351, 29
1586667399.340280, 29
1586667399.354130, 29
1586667399.367822, 31
1586667399.382536, 30
1586667399.396620, 29
1586667399.411238, 30
1586667399.425877, 30
1586667399.440840, 30
1586667399.455372, 30
1586667399.469449, 32
1586667399.484185, 32
1586667399.498470, 30
1586667399.515012, 29
1586667399.531196, 31
1586667399.545710, 31
1586667399.560804, 31
1586667399.574876, 32
1586667399.588202, 31
1586667399.602011, 30
1586667399.616477, 30
1586667399.630641, 32
1586667399.645209, 32
1586667399.658088, 32
1586667399.671906, 33
1586667399.686834, 31
1586667399.701501, 31
1586667399.717636, 31
1586667399.732326, 32
1586667399.747338, 32
1586667399.761888, 32
1586667399.776146, 33
1586667399.790353, 31
1586667399.804676, 32
1586667399.821910, 32
1586667399.835315, 32
1586667399.848289, 32
1586667399.860961, 33
1586667399.874156, 34
1586667399.888464, 33
1586667399.902736, 33
1586667399.917283, 33
1586667399.932984, 34
1586667399.947794, 33
1586667399.962468, 34
1586667399.975993, 33
1586667399.989216, 34
1586667400.003863, 33
1586667400.018177, 33
1586667400.034035, 32
1586667400.047554, 34
1586667400.061330, 34
1586667400.074352, 34
1586667400.088998, 33
1586667400.103516, 34
1586667400.117027, 34
1586667400.132176, 34
1586667400.145762, 35
1586667400.158713, 35
1586667400.171785, 34
1586667400.186623, 34
1586667400.200677, 34
1586667400.214188, 35
1586667400.228729, 36
1586667400.241001, 35
1586667400.254439, 35
1586667400.267620, 35
1586667400.281259, 36
1586667400.295563, 35
1586667400.309433, 35
1586667400.322662, 34
1586667400.336305, 35
1586667400.349608, 35
1586667400.361832, 34
1586667400.374736, 36
1586667400.387303, 35
1586667400.400413, 35
1586667400.413548, 34
1586667400.427911, 37
1586667400.441405, 37
1586667400.455869, 36
1586667400.470036, 36
1586667400.484830, 36
1586667400.499440, 36
1586667400.513470, 34
1586667400.526500, 37
1586667400.540988, 36
1586667400.553679, 37
1586667400.566880, 36
1586667400.580915, 35
1586667400.594935, 37
1586667400.608368, 38
1586667400.623494, 36
1586667400.637697, 37
1586667400.652931, 37
1586667400.667639, 37
1586667400.680879, 37
1586667400.694659, 36
1586667400.708913, 38
1586667400.723639, 36
1586667400.737381, 37
1586667400.751859, 38
1586667400.766233, 37
1586667400.780614, 37
1586667400.794535, 37
1586667400.808840, 37
1586667400.823354, 38
1586667400.836359, 39
1586667400.849189, 38
1586667400.864099, 38
1586667400.878766, 40
1586667400.893915, 39
1586667400.908709, 38
1586667400.923468, 38
1586667400.937664, 38
1586667400.952568, 37
1586667400.967024, 38
1586667400.981383, 39
1586667400.995748, 39
1586667401.009452, 39
1586667401.022324, 37
1586667401.036103, 39
1586667401.050312, 39
1586667401.064438, 40
1586667401.078254, 39
1586667401.093104, 40
1586667401.108459, 39
1586667401.121509, 40
1586667401.135208, 40
1586667401.149879, 39
1586667401.164351, 39
1586667401.177289, 39
1586667401.191916, 39
1586667401.205483, 40
1586667401.220461, 39
1586667401.234208, 39
1586667401.247480, 39
1586667401.262273, 41
1586667401.276881, 41
1586667401.290031, 40
1586667401.302360, 40
1586667401.316497, 41
1586667401.330493, 39
1586667401.346024, 39
1586667401.361493, 40
1586667401.375400, 40
1586667401.389627, 41
1586667401.403996, 40
1586667401.418445, 40
1586667401.433176, 40
1586667401.447936, 41
1586667401.461060, 40
1586667401.475625, 40
1586667401.489575, 42
1586667401.503856, 42
1586667401.516613, 42
1586667401.530989, 41
1586667401.543601, 41
1586667401.556748, 42
1586667401.569659, 42
1586667401.584455, 42
1586667401.597537, 41
1586667401.612676, 41
1586667401.627655, 41
1586667401.642095, 42
1586667401.654776, 42
1586667401.669205, 42
1586667401.682401, 41
1586667401.697606, 43
1586667401.710665, 41
1586667401.725732, 42
1586667401.740177, 41
1586667401.754599, 42
1586667401.769128, 42
1586667401.784201, 43
1586667401.798590, 42
1586667401.813023, 41
1586667401.826808, 42
1586667401.841933, 42
1586667401.856653, 42
1586667401.869182, 42
1586667401.882695, 42
1586667401.896602, 43
1586667401.911653, 41
1586667401.926216, 42
1586667401.940008, 43
1586667401.954210, 43
1586667401.968771, 43
1586667401.983087, 43
1586667401.998364, 43
1586667402.013113, 43
1586667402.027870, 43
1586667402.042204, 44
1586667402.056711, 43
1586667402.070709, 44
1586667402.085379, 44
1586667402.099945, 44
1586667402.115255, 44
1586667402.130157, 43
1586667402.144357, 44
1586667402.159556, 43
1586667402.174202, 44
1586667402.187934, 44
1586667402.202410, 44
1586667402.217195, 45
1586667402.231447, 44
1586667402.245684, 45
1586667402.260348, 44
1586667402.274863, 45
1586667402.289816, 44
1586667402.304469, 45
1586667402.317871, 45
1586667402.332921, 44
1586667402.347162, 45
1586667402.361554, 45
1586667402.374354, 45
1586667402.388648, 44
1586667402.403412, 45
1586667402.416945, 44
1586667402.431865, 45
1586667402.446250, 45
1586667402.460728, 47
1586667402.475944, 44
1586667402.491451, 44
1586667402.506187, 46
1586667402.519646, 46
1586667402.534218, 45
1586667402.547923, 45
1586667402.563011, 46
1586667402.577675, 45
1586667402.593061, 45
1586667402.606545, 44
1586667402.619510, 45
1586667402.633233, 45
1586667402.646224, 47
1586667402.660580, 46
1586667402.675590, 46
1586667402.689401, 47
1586667402.703550, 46
1586667402.718210, 46
1586667402.733166, 47
1586667402.748052, 46
1586667402.762682, 47
1586667402.777257, 46
1586667402.791629, 46
1586667402.804333, 47
1586667402.818219, 47
1586667402.831749, 46
1586667402.845961, 47
1586667402.859964, 48
1586667402.874576, 46
1586667402.889136, 46
1586667402.902140, 46
1586667402.916232, 46
1586667402.929262, 47
1586667402.942906, 48
1586667402.955044, 47
1586667402.967442, 48
1586667402.980965, 47
1586667402.993948, 48
1586667403.007130, 48
1586667403.020085, 48
1586667403.034695, 47
1586667403.048638, 47
1586667403.062748, 48
1586667403.077268, 47
1586667403.091094, 48
1586667403.104591, 48
1586667403.118768, 47
1586667403.132404, 47
1586667403.146572, 49
1586667403.161577, 49
1586667403.175263, 48
1586667403.188190, 47
1586667403.203297, 49
1586667403.217851, 49
1586667403.230854, 50
1586667403.244661, 48
1586667403.257445, 49
1586667403.270305, 49
1586667403.284989, 48
1586667403.299509, 47
1586667403.312946, 48
1586667403.325667, 48
1586667403.339026, 47
1586667403.354106, 47
1586667403.368660, 48
1586667403.382095, 47
1586667403.396778, 48
1586667403.409760, 47
1586667403.422332, 47
1586667403.435410, 46
1586667403.447921, 46
1586667403.461234, 46
1586667403.474308, 46
1586667403.487407, 46
1586667403.500830, 39
1586667403.513832, 40
1586667403.527070, 36
1586667403.541443, 29
1586667403.555513, 26
1586667403.569878, 22
1586667403.584223, 21
1586667403.598799, 21
1586667403.612137, 22
1586667403.625854, 21
1586667403.639523, 21
1586667403.652917, 21
1586667403.666288, 22
1586667403.679748, 23
1586667403.693416, 23
1586667403.707244, 22
1586667403.722165, 21
1586667403.735458, 21
1586667403.749317, 21
1586667403.762539, 22
1586667403.777111, 23
1586667403.791742, 23
1586667403.806620, 23
1586667403.821114, 23
1586667403.836003, 21
1586667403.850984, 23
1586667403.865279, 22
1586667403.878671, 24
1586667403.891822, 23
1586667403.904818, 24
1586667403.919652, 22
1586667403.933494, 22
1586667403.946283, 24
1586667403.958687, 23
1586667403.972007, 25
1586667403.986073, 24
1586667404.000247, 24
1586667404.014554, 24
1586667404.029364, 23
1586667404.044240, 23
1586667404.059150, 24
1586667404.073770, 24
1586667404.087924, 25
1586667404.101086, 26
1586667404.115334, 25
1586667404.128578, 24
1586667404.141726, 25
1586667404.154919, 25
1586667404.168732, 26
1586667404.181102, 25
1586667404.193800, 26
1586667404.207788, 25
1586667404.220785, 26
1586667404.234730, 25
1586667404.248840, 25
1586667404.262142, 25
1586667404.274740, 26
1586667404.287428, 25
1586667404.302836, 26
1586667404.315714, 27
1586667404.330423, 27
1586667404.343654, 26
1586667404.356865, 25
1586667404.370288, 25
1586667404.383205, 27
1586667404.395870, 26
1586667404.408681, 28
1586667404.423059, 27
1586667404.436397, 26
1586667404.449172, 26
1586667404.463329, 25
1586667404.476419, 28
1586667404.491676, 28
1586667404.506211, 28
1586667404.519724, 28
1586667404.534133, 27
1586667404.546959, 26
1586667404.559899, 28
1586667404.573110, 27
1586667404.586163, 27
1586667404.598868, 28
1586667404.613674, 28
1586667404.627182, 28
1586667404.641275, 27
1586667404.654677, 28
1586667404.669440, 29
1586667404.683611, 29
1586667404.697093, 28
1586667404.709989, 29
1586667404.723227, 30
1586667404.737295, 29
1586667404.750881, 29
1586667404.765979, 29
1586667404.779680, 30
1586667404.794137, 29
1586667404.808192, 30
1586667404.822310, 30
1586667404.835238, 30
1586667404.848196, 29
1586667404.861452, 29
1586667404.874858, 28
1586667404.888066, 30
1586667404.900960, 31
1586667404.913999, 29
1586667404.927269, 31
1586667404.941128, 30
1586667404.955106, 30
1586667404.969666, 28
1586667404.984141, 30
1586667404.998569, 30
1586667405.011626, 31
1586667405.024464, 30
1586667405.037686, 31
1586667405.050895, 31
1586667405.063917, 30
1586667405.076917, 30
1586667405.090540, 30
1586667405.103770, 31
1586667405.117258, 32
1586667405.129841, 31
1586667405.145051, 32
1586667405.159375, 31
1586667405.173125, 30
1586667405.186073, 32
1586667405.199863, 32
1586667405.213554, 31
1586667405.226338, 33
1586667405.239658, 33
1586667405.253278, 31
1586667405.268926, 31
1586667405.284532, 32
1586667405.297819, 32
1586667405.311926, 32
1586667405.325097, 32
1586667405.338167, 33
1586667405.353163, 33
1586667405.367279, 32
1586667405.380931, 33
1586667405.396205, 33
1586667405.411117, 32
1586667405.425713, 33
1586667405.440111, 32
1586667405.454367, 34
1586667405.469049, 32
1586667405.484447, 34
1586667405.498821, 33
1586667405.512319, 34
1586667405.526068, 33
1586667405.539986, 33
1586667405.554153, 32
1586667405.570362, 34
1586667405.583684, 33
1586667405.597435, 33
1586667405.611741, 34
1586667405.626209, 34
1586667405.640342, 34
1586667405.654857, 34
1586667405.669546, 33
1586667405.684383, 35
1586667405.699089, 34
1586667405.713742, 35
1586667405.727836, 34
1586667405.742910, 34
1586667405.757305, 34
1586667405.772488, 33
1586667405.787180, 35
1586667405.801707, 36
1586667405.816085, 34
1586667405.830869, 35
1586667405.846343, 35
1586667405.861046, 35
1586667405.875468, 34
1586667405.889524, 36
1586667405.903698, 35
1586667405.917794, 36
1586667405.931312, 35
1586667405.944871, 36
1586667405.959164, 35
1586667405.973519, 36
1586667405.986959, 36
1586667406.000581, 36
1586667406.013880, 37
1586667406.028217, 36
1586667406.043151, 36
1586667406.056654, 35
1586667406.071352, 36
1586667406.085850, 37
1586667406.100792, 37
1586667406.113969, 37
1586667406.127754, 37
1586667406.143098, 36
1586667406.156493, 37
1586667406.171259, 36
1586667406.185562, 37
1586667406.198967, 38
1586667406.214114, 37
1586667406.227852, 38
1586667406.241474, 38
1586667406.256112, 38
1586667406.270045, 37
1586667406.284895, 37
1586667406.299327, 37
1586667406.313641, 37
1586667406.326852, 36
1586667406.339687, 37
1586667406.353787, 37
1586667406.368505, 37
1586667406.382066, 36
1586667406.395133, 39
1586667406.409924, 38
1586667406.423852, 38
1586667406.436505, 39
1586667406.449738, 39
1586667406.462780, 38
1586667406.476009, 39
1586667406.488769, 38
1586667406.503723, 38
1586667406.517829, 38
1586667406.532224, 39
1586667406.545085, 38
1586667406.558589, 39
1586667406.574540, 39
1586667406.589330, 38
1586667406.603488, 39
1586667406.618257, 39
1586667406.633413, 39
1586667406.647505, 39
1586667406.661789, 38
1586667406.676646, 40
1586667406.690729, 40
1586667406.705230, 39
1586667406.719524, 38
1586667406.734523, 39
1586667406.748557, 39
1586667406.762531, 39
1586667406.777756, 39
1586667406.792891, 40
1586667406.807621, 39
1586667406.822084, 40
1586667406.835407, 41
1586667406.849744, 40
1586667406.863594, 41
1586667406.876866, 40
1586667406.891262, 39
1586667406.905414, 41
1586667406.919682, 40
1586667406.933883, 39
1586667406.948344, 40
1586667406.962134, 41
1586667406.977281, 41
1586667406.990630, 39
1586667407.004319, 41
1586667407.018636, 40
1586667407.032789, 41
1586667407.047341, 41
1586667407.061611, 41
1586667407.076033, 41
1586667407.090124, 41
1586667407.104336, 41
1586667407.118746, 41
1586667407.132484, 41
1586667407.147066, 42
1586667407.159588, 41
1586667407.172203, 42
1586667407.185216, 42
1586667407.199410, 41
1586667407.212731, 41
1586667407.226858, 42
1586667407.241671, 42
1586667407.256311, 41
1586667407.270845, 41
1586667407.285112, 42
1586667407.299889, 43
1586667407.314408, 43
1586667407.329045, 42
1586667407.343607, 42
1586667407.357363, 42
1586667407.371690, 42
1586667407.386272, 42
1586667407.400411, 42
1586667407.414901, 42
1586667407.428650, 42
1586667407.442143, 43
1586667407.457000, 42
1586667407.469768, 43
1586667407.482965, 42
1586667407.497188, 43
1586667407.510645, 43
1586667407.524629, 44
1586667407.537986, 44
1586667407.552780, 43
1586667407.567142, 44
1586667407.580856, 44
1586667407.594866, 43
1586667407.609022, 43
1586667407.623206, 43
1586667407.635632, 44
1586667407.649595, 43
1586667407.664393, 43
1586667407.678885, 44
1586667407.693616, 44
1586667407.708135, 44
1586667407.721636, 44
1586667407.736108, 43
1586667407.750544, 44
1586667407.764278, 44
1586667407.778196, 44
1586667407.791602, 44
1586667407.804644, 45
1586667407.819137, 44
1586667407.833700, 44
1586667407.847004, 45
1586667407.862342, 43
1586667407.877011, 44
1586667407.890861, 45
1586667407.903972, 45
1586667407.916772, 45
1586667407.930009, 45
1586667407.943375, 45
1586667407.956601, 45
1586667407.969487, 45
1586667407.982295, 44
1586667407.996183, 44
1586667408.008912, 46
1586667408.022606, 45
1586667408.037872, 46
1586667408.052654, 45
1586667408.067235, 45
1586667408.081267, 46
1586667408.094605, 45
1586667408.108505, 46
1586667408.122205, 45
1586667408.135008, 45
1586667408.148945, 46
1586667408.162196, 46
1586667408.175301, 46
1586667408.190194, 45
1586667408.204838, 47
1586667408.217780, 46
1586667408.231073, 46
1586667408.244938, 46
1586667408.258833, 47
1586667408.271958, 46
1586667408.286304, 47
1586667408.300021, 46
1586667408.315093, 46
1586667408.329398, 46
1586667408.342898, 46
1586667408.356962, 46
1586667408.369904, 47
1586667408.383476, 47
1586667408.398346, 46
1586667408.411810, 46
1586667408.426144, 47
1586667408.439619, 47
1586667408.453227, 46
1586667408.467537, 46
1586667408.481934, 46
1586667408.496156, 47
1586667408.509975, 48
1586667408.524139, 48
1586667408.537633, 48
1586667408.552206, 47
1586667408.565879, 48
1586667408.580934, 47
1586667408.595833, 47
1586667408.609194, 47
1586667408.622057, 49
1586667408.635360, 48
1586667408.648850, 48
1586667408.662566, 48
1586667408.676061, 47
1586667408.690004, 48
1586667408.703127, 48
1586667408.717609, 48
1586667408.731411, 47
1586667408.745709, 48
1586667408.760062, 47
1586667408.774016, 48
1586667408.789340, 47
1586667408.804357, 47
1586667408.819111, 49
1586667408.834253, 47
1586667408.848231, 47
1586667408.862570, 47
1586667408.877413, 46
1586667408.892076, 47
1586667408.907266, 47
1586667408.922136, 48
1586667408.936421, 47
1586667408.951660, 46
1586667408.966635, 44
1586667408.981018, 36
1586667408.995216, 29
1586667409.010074, 25
1586667409.022631, 22
1586667409.036815, 22
1586667409.051085, 21
1586667409.066194, 21
1586667409.081340, 21
1586667409.095883, 21
1586667409.110205, 21
1586667409.123584, 23
1586667409.137644, 22
1586667409.152377, 23
1586667409.166910, 21
1586667409.180903, 21
1586667409.195507, 21
1586667409.210233, 21
1586667409.224907, 23
1586667409.238284, 22
1586667409.252314, 23
1586667409.266833, 22
1586667409.281433, 22
1586667409.295993, 22
1586667409.309405, 23
1586667409.324097, 23
1586667409.338251, 24
1586667409.351417, 24
1586667409.365231, 24
1586667409.377522, 23
1586667409.390848, 22
1586667409.405694, 23
1586667409.419354, 26
1586667409.431822, 25
1586667409.446662, 24
1586667409.461283, 24
1586667409.474540, 23
1586667409.488875, 24
1586667409.503623, 24
1586667409.516183, 24
1586667409.530812, 24
1586667409.545133, 26
1586667409.559830, 24
1586667409.573717, 26
1586667409.588208, 24
1586667409.603227, 25
1586667409.617010, 25
1586667409.631413, 25
1586667409.646454, 25
1586667409.660874, 26
1586667409.675534, 25
1586667409.690543, 26
1586667409.705238, 26
1586667409.719731, 26
1586667409.734818, 27
1586667409.747579, 26
1586667409.762395, 27
1586667409.775209, 27
1586667409.790166, 26
1586667409.805414, 26
1586667409.818846, 26
1586667409.834139, 28
1586667409.848606, 27
1586667409.861721, 28
1586667409.876301, 28
1586667409.890198, 27
1586667409.904955, 27
1586667409.917703, 27
1586667409.932296, 27
1586667409.947021, 28
1586667409.962852, 28
1586667409.977969, 28
1586667409.991126, 27
1586667410.005669, 27
1586667410.020014, 27
1586667410.035216, 28
1586667410.049201, 28
1586667410.062569, 29
1586667410.076933, 28
1586667410.091111, 27
1586667410.104763, 29
1586667410.118331, 29
1586667410.132482, 30
1586667410.145724, 29
1586667410.160024, 28
1586667410.174187, 30
1586667410.188117, 29
1586667410.202539, 29
1586667410.215802, 28
1586667410.228360, 29
1586667410.241120, 30
1586667410.254618, 29
1586667410.267704, 30
1586667410.282444, 31
1586667410.296368, 29
1586667410.310312, 29
1586667410.323671, 30
1586667410.337690, 31
1586667410.350165, 30
1586667410.363908, 31
1586667410.376764, 31
1586667410.390492, 30
1586667410.404432, 29
1586667410.418745, 30
1586667410.434069, 30
1586667410.448966, 31
1586667410.462949, 31
1586667410.476076, 31
1586667410.490810, 30
1586667410.505999, 31
1586667410.520835, 30
1586667410.533617, 31
1586667410.546966, 32
1586667410.559788, 31
1586667410.572715, 31
1586667410.585709, 31
1586667410.601340, 31
1586667410.614646, 31
1586667410.631612, 31
1586667410.644449, 32
1586667410.657487, 32
1586667410.670654, 32
1586667410.683879, 33
1586667410.696497, 32
1586667410.711090, 30
1586667410.724838, 32
1586667410.737377, 31
1586667410.750359, 31
1586667410.763327, 33
1586667410.776658, 33
1586667410.790058, 32
1586667410.804506, 31
1586667410.817362, 32
1586667410.830151, 33
1586667410.843071, 34
1586667410.856120, 33
1586667410.870724, 32
1586667410.885070, 33
1586667410.899252, 34
1586667410.912959, 32
1586667410.926079, 32
1586667410.940512, 32
1586667410.953502, 33
1586667410.966165, 33
1586667410.979872, 33
1586667410.994766, 34
1586667411.008022, 35
1586667411.022414, 34
1586667411.035834, 34
1586667411.048912, 35
1586667411.062134, 34
1586667411.076356, 34
1586667411.089479, 34
1586667411.103466, 34
1586667411.118115, 33
1586667411.132452, 34
1586667411.145801, 34
1586667411.159176, 35
1586667411.172073, 34
1586667411.187152, 34
1586667411.201415, 35
1586667411.215056, 35
1586667411.229717, 35
1586667411.244315, 35
1586667411.258097, 34
1586667411.271636, 36
1586667411.285075, 36
1586667411.299467, 35
1586667411.312956, 33
1586667411.326084, 34
1586667411.338986, 36
1586667411.353048, 34
1586667411.367855, 35
1586667411.382534, 35
1586667411.397174, 36
1586667411.411571, 36
1586667411.425058, 35
1586667411.438143, 37
1586667411.452415, 37
1586667411.465034, 36
1586667411.478062, 36
1586667411.492157, 36
1586667411.507080, 36
1586667411.521518, 36
1586667411.536182, 35
1586667411.550097, 37
1586667411.564330, 36
1586667411.578318, 38
1586667411.593186, 36
1586667411.606901, 36
1586667411.621581, 38
1586667411.635870, 36
1586667411.650750, 37
1586667411.663202, 37
1586667411.678093, 38
1586667411.692403, 38
1586667411.705510, 38
1586667411.719619, 37
1586667411.733821, 36
1586667411.748206, 38
1586667411.763073, 36
1586667411.777443, 37
1586667411.791748, 37
1586667411.805238, 38
1586667411.819772, 38
1586667411.833176, 38
1586667411.847995, 38
1586667411.862665, 37
1586667411.877551, 37
1586667411.891574, 39
1586667411.906490, 38
1586667411.920298, 38
1586667411.934543, 37
1586667411.948922, 39
1586667411.963304, 39
1586667411.977641, 38
1586667411.991494, 38
1586667412.006568, 38
1586667412.021028, 38
1586667412.035353, 38
1586667412.049379, 39
1586667412.064586, 39
1586667412.079463, 40
1586667412.094052, 40
1586667412.109044, 39
1586667412.123087, 39
1586667412.137718, 40
1586667412.151986, 38
1586667412.166722, 40
1586667412.181002, 39
1586667412.195152, 39
1586667412.209724, 38
1586667412.224585, 40
1586667412.240025, 40
1586667412.254974, 39
1586667412.269907, 39
1586667412.284885, 42
1586667412.299223, 40
1586667412.313491, 40
1586667412.328044, 39
1586667412.342900, 40
1586667412.357679, 40
1586667412.373178, 40
1586667412.388247, 40
1586667412.402973, 40
1586667412.417547, 41
1586667412.431508, 39
1586667412.445060, 41
1586667412.459099, 40
1586667412.473262, 41
1586667412.486292, 42
1586667412.500020, 42
1586667412.514343, 41
1586667412.526759, 41
1586667412.541878, 41
1586667412.555781, 42
1586667412.568662, 42
1586667412.582391, 42
1586667412.595414, 41
1586667412.610111, 41
1586667412.623959, 41
1586667412.636903, 42
1586667412.651801, 40
1586667412.666988, 41
1586667412.681173, 41
1586667412.695487, 41
1586667412.710426, 40
1586667412.724945, 43
1586667412.739742, 43
1586667412.753194, 43
1586667412.767456, 42
1586667412.780307, 43
1586667412.794634, 43
1586667412.809471, 43
1586667412.823069, 42
1586667412.836028, 43
1586667412.848508, 43
1586667412.861712, 42
1586667412.874720, 41
1586667412.887296, 43
1586667412.901330, 42
1586667412.914136, 42
1586667412.926885, 42
1586667412.939741, 42
1586667412.954829, 44
1586667412.969292, 43
1586667412.982029, 43
1586667412.996378, 44
1586667413.011081, 43
1586667413.025671, 43
1586667413.040142, 43
1586667413.054407, 44
1586667413.067720, 44
1586667413.082410, 44
1586667413.095822, 43
1586667413.110159, 44
1586667413.124461, 43
1586667413.138748, 44
1586667413.151490, 44
1586667413.165895, 43
1586667413.179762, 44
1586667413.193673, 44
1586667413.207772, 44
1586667413.222891, 43
1586667413.237777, 45
1586667413.251831, 44
1586667413.264078, 44
1586667413.277114, 44
1586667413.291298, 44
1586667413.305581, 45
1586667413.318240, 44
1586667413.331732, 45
1586667413.346322, 44
1586667413.358859, 43
1586667413.371562, 44
1586667413.386251, 45
1586667413.401507, 44
1586667413.417052, 44
1586667413.431033, 45
1586667413.444331, 45
1586667413.457795, 46
1586667413.470682, 47
1586667413.483760, 46
1586667413.496777, 46
1586667413.509949, 47
1586667413.522370, 47
1586667413.535328, 47
1586667413.550318, 46
1586667413.565015, 46
1586667413.578756, 46
1586667413.591333, 45
1586667413.603882, 46
1586667413.618527, 45
1586667413.633343, 45
1586667413.648142, 44
1586667413.664377, 46
1586667413.678880, 45
1586667413.693135, 46
1586667413.707606, 46
1586667413.721624, 45
1586667413.736449, 47
1586667413.749090, 47
1586667413.762224, 46
1586667413.776296, 46
1586667413.790371, 46
1586667413.806111, 46
1586667413.819735, 46
1586667413.832902, 48
1586667413.846702, 47
1586667413.861148, 48
1586667413.874682, 46
1586667413.887275, 47
1586667413.901472, 47
1586667413.914528, 46
1586667413.927051, 47
1586667413.941576, 47
1586667413.956354, 48
1586667413.968973, 48
1586667413.983609, 48
1586667413.997029, 47
1586667414.010782, 46
1586667414.025643, 47
1586667414.040726, 48
1586667414.054078, 46
1586667414.068695, 49
1586667414.082732, 47
1586667414.096997, 48
1586667414.110163, 48
1586667414.123933, 48
1586667414.139407, 48
1586667414.153369, 47
1586667414.166135, 49
1586667414.181665, 47
1586667414.196405, 47
1586667414.210480, 49
1586667414.225119, 48
1586667414.238849, 48
1586667414.253019, 49
1586667414.267787, 50
1586667414.282622, 48
1586667414.295808, 48
1586667414.309977, 48
1586667414.324900, 49
1586667414.337687, 48
1586667414.351128, 48
1586667414.364062, 48
1586667414.378178, 48
1586667414.391233, 49
1586667414.404106, 48
1586667414.418858, 48
1586667414.431335, 49
1586667414.445745, 48
1586667414.460132, 47
1586667414.472990, 49
1586667414.486444, 48
1586667414.499435, 46
1586667414.514122, 47
1586667414.527429, 45
1586667414.542421, 41
1586667414.555351, 34
1586667414.569592, 30
1586667414.583646, 24
1586667414.598144, 22
1586667414.610860, 20
1586667414.623403, 20
1586667414.637336, 22
1586667414.652145, 21
1586667414.665709, 22
1586667414.679541, 22
1586667414.692298, 22
1586667414.705136, 22
1586667414.720436, 22
1586667414.734640, 20
1586667414.749502, 22
1586667414.764094, 23
1586667414.778875, 23
1586667414.793601, 22
1586667414.808176, 23
1586667414.823020, 23
1586667414.837401, 22
1586667414.852067, 22
1586667414.866987, 23
1586667414.881176, 24
1586667414.893634, 24
1586667414.907255, 25
1586667414.920335, 24
1586667414.934100, 22
1586667414.947904, 23
1586667414.961778, 23
1586667414.975767, 26
1586667414.990650, 25
1586667415.003881, 25
1586667415.017995, 24
1586667415.031639, 23
1586667415.046302, 23
1586667415.060794, 23
1586667415.074931, 25
1586667415.089447, 24
1586667415.103746, 24
1586667415.117668, 27
1586667415.132508, 24
1586667415.147513, 23
1586667415.160487, 25
1586667415.172928, 26
1586667415.185658, 26
1586667415.199205, 27
1586667415.212382, 26
1586667415.227140, 25
1586667415.242046, 25
1586667415.257803, 26
1586667415.272561, 27
1586667415.285379, 27
1586667415.299734, 26
1586667415.314485, 25
1586667415.328922, 26
1586667415.343380, 25
1586667415.358055, 26
1586667415.372825, 27
1586667415.387158, 27
1586667415.401956, 27
1586667415.415218, 28
1586667415.427926, 27
1586667415.441696, 27
1586667415.455901, 27
1586667415.468393, 26
1586667415.481309, 27
1586667415.496122, 28
1586667415.509555, 28
1586667415.524173, 29
1586667415.538327, 27
1586667415.552712, 27
1586667415.566327, 27
1586667415.580159, 29
1586667415.592800, 28
1586667415.607363, 28
1586667415.621713, 29
1586667415.636288, 27
1586667415.650971, 27
1586667415.665285, 28
1586667415.679327, 30
1586667415.693965, 29
1586667415.708347, 28
1586667415.722784, 28
1586667415.737436, 30
1586667415.752480, 28
1586667415.767206, 29
1586667415.781306, 30
1586667415.793872, 30
1586667415.807867, 29
1586667415.821665, 30
1586667415.836545, 30
1586667415.849973, 29
1586667415.864915, 29
1586667415.879678, 30
1586667415.894150, 29
1586667415.908734, 31
1586667415.921977, 30
1586667415.935796, 31
1586667415.949521, 29
1586667415.963316, 29
1586667415.977537, 31
1586667415.990946, 31
1586667416.005193, 30
1586667416.019224, 33
1586667416.033958, 31
1586667416.048676, 31
1586667416.063824, 31
1586667416.080949, 31
1586667416.094380, 31
1586667416.108200, 33
1586667416.122496, 32
1586667416.135703, 31
1586667416.150309, 30
1586667416.164366, 31
1586667416.178828, 32
1586667416.191420, 31
1586667416.205853, 32
1586667416.220002, 30
1586667416.232773, 33
1586667416.246826, 32
1586667416.259753, 32
1586667416.272727, 30
1586667416.285251, 31
1586667416.298419, 33
1586667416.312994, 32
1586667416.325705, 33
1586667416.339708, 33
1586667416.352891, 31
1586667416.365400, 31
1586667416.379055, 32
1586667416.391718, 33
1586667416.406020, 33
1586667416.420175, 33
1586667416.434578, 32
1586667416.449389, 32
1586667416.461928, 32
1586667416.475700, 32
1586667416.488466, 33
1586667416.502230, 33
1586667416.515923, 34
1586667416.530184, 33
1586667416.543213, 33
1586667416.556838, 32
1586667416.571825, 34
1586667416.584806, 34
1586667416.599027, 35
1586667416.613571, 33
1586667416.627678, 34
1586667416.642551, 35
1586667416.657497, 34
1586667416.672435, 34
1586667416.686538, 35
1586667416.699403, 35
1586667416.714055, 34
1586667416.728714, 35
1586667416.742141, 34
1586667416.755777, 36
1586667416.768947, 33
1586667416.783915, 34
1586667416.798848, 36
1586667416.813119, 35
1586667416.827712, 35
1586667416.841486, 34
1586667416.855440, 35
1586667416.869820, 34
1586667416.883146, 35
1586667416.897075, 36
1586667416.912024, 36
1586667416.925049, 36
1586667416.938171, 35
1586667416.952827, 35
1586667416.966111, 35
1586667416.980482, 37
1586667416.994872, 36
1586667417.008995, 36
1586667417.021725, 37
1586667417.036511, 35
1586667417.050749, 37
1586667417.065537, 35
1586667417.080738, 35
1586667417.095028, 36
1586667417.109366, 37
1586667417.123759, 36
1586667417.138597, 37
1586667417.152411, 36
1586667417.166689, 35
1586667417.180879, 38
1586667417.195968, 38
1586667417.210510, 37
1586667417.224829, 37
1586667417.239829, 37
1586667417.254376, 37
1586667417.269169, 38
1586667417.284267, 36
1586667417.298969, 37
1586667417.313226, 38
1586667417.326780, 37
1586667417.340437, 38
1586667417.354202, 37
1586667417.367968, 38
1586667417.382644, 36
1586667417.397095, 38
1586667417.412051, 39
1586667417.426702, 38
1586667417.440893, 39
1586667417.453441, 37
1586667417.466538, 39
1586667417.479161, 40
1586667417.493871, 38
1586667417.508983, 38
1586667417.523131, 37
1586667417.538053, 40
1586667417.552398, 39
1586667417.566919, 38
1586667417.581738, 38
1586667417.595775, 39
1586667417.608487, 40
1586667417.622930, 39
1586667417.636051, 39
1586667417.650868, 38
1586667417.665848, 39
1586667417.678256, 39
1586667417.692522, 39
1586667417.706655, 40
1586667417.721518, 38
1586667417.735948, 39
1586667417.751343, 39
1586667417.765851, 39
1586667417.780343, 39
1586667417.794677, 39
1586667417.809588, 39
1586667417.823854, 39
1586667417.838247, 40
1586667417.853034, 39
1586667417.867438, 41
1586667417.881472, 40
1586667417.896458, 40
1586667417.910237, 41
1586667417.924990, 40
1586667417.939379, 40
1586667417.953999, 40
1586667417.968139, 41
1586667417.982039, 41
1586667417.995863, 40
1586667418.009408, 39
1586667418.024832, 40
1586667418.039817, 41
1586667418.053871, 41
1586667418.071497, 41
1586667418.087370, 41
1586667418.107344, 43
1586667418.126751, 43
1586667418.140775, 42
1586667418.157197, 42
1586667418.172501, 42
1586667418.187473, 40
1586667418.207296, 42
1586667418.228637, 44
1586667418.246617, 43
1586667418.260131, 42
1586667418.272776, 43
1586667418.287648, 42
1586667418.300386, 43
1586667418.317378, 44
1586667418.337320, 44
1586667418.357520, 44
1586667418.373408, 44
1586667418.386965, 43
1586667418.407189, 43
1586667418.429456, 44
1586667418.447714, 43
1586667418.462035, 42
1586667418.475773, 42
1586667418.492821, 44
1586667418.507641, 44
1586667418.522933, 43
1586667418.537241, 44
1586667418.557514, 45
1586667418.574374, 44
1586667418.587943, 43
1586667418.603429, 44
1586667418.617958, 44
1586667418.633428, 44
1586667418.646265, 43
1586667418.663109, 44
1586667418.677831, 43
1586667418.693350, 42
1586667418.711227, 43
1586667418.728118, 43
1586667418.741264, 45
1586667418.758022, 44
1586667418.771252, 43
1586667418.785096, 42
1586667418.797377, 42
1586667418.811282, 41
1586667418.827654, 43
1586667418.843476, 45
1586667418.857717, 45
1586667418.873686, 46
1586667418.888026, 45
1586667418.907238, 44
1586667418.927238, 46
1586667418.947294, 46
1586667418.960672, 45
1586667418.977244, 44
1586667418.990102, 45
1586667419.012580, 45
1586667419.028134, 44
1586667419.043105, 44
1586667419.057240, 43
1586667419.070102, 45
1586667419.087784, 45
1586667419.102047, 45
1586667419.116319, 42
1586667419.129221, 44
1586667419.147610, 43
1586667419.168020, 45
1586667419.187328, 46
1586667419.207664, 46
1586667419.221088, 45
1586667419.237593, 44
1586667419.257562, 44
1586667419.274175, 46
1586667419.288128, 46
1586667419.302498, 45
1586667419.317521, 46
1586667419.334186, 45
1586667419.348384, 43
1586667419.368075, 46
1586667419.387372, 47
1586667419.407994, 45
1586667419.427177, 47
1586667419.447495, 47
1586667419.467769, 46
1586667419.488415, 47
1586667419.507472, 48
1586667419.522289, 48
1586667419.537714, 46
1586667419.552238, 46
1586667419.567967, 46
1586667419.582256, 45
1586667419.597896, 49
1586667419.612374, 48
1586667419.627213, 46
1586667419.643458, 47
1586667419.658339, 47
1586667419.673568, 47
1586667419.687672, 48
1586667419.707919, 47
1586667419.727539, 47
1586667419.747616, 48
1586667419.767687, 48
1586667419.785825, 47
1586667419.798427, 45
1586667419.813188, 45
1586667419.827699, 47
1586667419.840262, 46
1586667419.854560, 45
1586667419.868390, 44
1586667419.883197, 46
1586667419.896314, 46
1586667419.910327, 45
1586667419.924387, 45
1586667419.937779, 46
1586667419.952507, 46
1586667419.965336, 46
1586667419.978532, 45
1586667419.992430, 47
1586667420.007502, 45
1586667420.022224, 46
1586667420.037143, 47
1586667420.049562, 46
1586667420.063808, 47
1586667420.078339, 46
1586667420.092412, 47
1586667420.107200, 47
1586667420.123804, 47
1586667420.137621, 46
1586667420.152277, 48
1586667420.167062, 47
1586667420.182119, 47
1586667420.195156, 47
1586667420.210121, 47
1586667420.224400, 46
1586667420.237257, 46
1586667420.252408, 46
1586667420.267101, 47
1586667420.281912, 48
1586667420.296739, 47
1586667420.310948, 49
1586667420.325623, 47
1586667420.339419, 47
1586667420.353940, 48
1586667420.368325, 48
1586667420.381448, 48
1586667420.395374, 49
1586667420.408227, 47
1586667420.421721, 47
1586667420.434204, 48
1586667420.446818, 48
1586667420.459734, 48
1586667420.474189, 48
1586667420.487914, 49
1586667420.502131, 49
1586667420.516006, 47
1586667420.529678, 48
1586667420.545890, 49
1586667420.560909, 49
1586667420.575453, 48
1586667420.589928, 49
1586667420.604648, 49
1586667420.617797, 48
1586667420.632362, 49
1586667420.646802, 49
1586667420.659398, 49
1586667420.673071, 49
1586667420.686367, 49
1586667420.701197, 49
1586667420.716344, 48
1586667420.731130, 48
1586667420.745950, 47
1586667420.760359, 48
1586667420.775382, 48
1586667420.788252, 48
1586667420.800860, 49
1586667420.813750, 49
1586667420.826626, 48
1586667420.841380, 49
1586667420.854033, 49
1586667420.867694, 48
1586667420.882360, 49
1586667420.896930, 49
1586667420.909824, 49
1586667420.923486, 49
1586667420.936437, 48
1586667420.951372, 48
1586667420.964323, 45
1586667420.978619, 39
1586667420.991843, 33
1586667421.005436, 28
1586667421.019337, 22
1586667421.033414, 21
1586667421.047937, 21
1586667421.062029, 22
1586667421.077013, 21
1586667421.091628, 22
1586667421.104385, 23
1586667421.116715, 23
1586667421.131954, 21
1586667421.146779, 23
1586667421.161426, 20
1586667421.176043, 22
1586667421.189159, 22
1586667421.203853, 23
1586667421.217919, 22
1586667421.232565, 24
1586667421.244855, 24
1586667421.259688, 22
1586667421.273642, 23
1586667421.288241, 22
1586667421.303507, 24
1586667421.317738, 23
1586667421.332407, 24
1586667421.346458, 24
1586667421.360980, 24
1586667421.375132, 23
1586667421.389520, 23
1586667421.403806, 24
1586667421.418092, 25
1586667421.432514, 25
1586667421.446184, 25
1586667421.461080, 23
1586667421.475464, 24
1586667421.487713, 25
1586667421.502185, 24
1586667421.516955, 25
1586667421.529664, 26
1586667421.542433, 26
1586667421.556623, 26
1586667421.571934, 24
1586667421.584890, 24
1586667421.598854, 24
1586667421.613465, 26
1586667421.627860, 26
1586667421.642718, 26
1586667421.657277, 26
1586667421.671496, 25
1586667421.685758, 26
1586667421.698465, 25
1586667421.711921, 27
1586667421.727014, 27
1586667421.740213, 27
1586667421.754901, 26
1586667421.769980, 26
1586667421.784011, 26
1586667421.798203, 27
1586667421.813253, 27
1586667421.828195, 27
1586667421.841529, 27
1586667421.854444, 28
1586667421.868449, 28
1586667421.881447, 28
1586667421.896296, 27
1586667421.910370, 27
1586667421.924983, 27
1586667421.939217, 28
1586667421.951686, 28
1586667421.964172, 28
1586667421.977267, 27
1586667421.992399, 27
1586667422.005814, 27
1586667422.018301, 29
1586667422.031757, 29
1586667422.045938, 29
1586667422.059872, 29
1586667422.074363, 29
1586667422.087591, 28
1586667422.101148, 28
1586667422.115346, 29
1586667422.129437, 29
1586667422.143781, 30
1586667422.157911, 29
1586667422.172106, 29
1586667422.184901, 29
1586667422.199617, 28
1586667422.212064, 31
1586667422.226886, 30
1586667422.240734, 29
1586667422.255256, 30
1586667422.270357, 30
1586667422.284855, 29
1586667422.299322, 28
1586667422.312241, 31
1586667422.326505, 30
1586667422.339994, 31
1586667422.353705, 31
1586667422.367736, 30
1586667422.382491, 30
1586667422.396185, 30
1586667422.410822, 30
1586667422.425108, 30
1586667422.437726, 31
1586667422.451917, 31
1586667422.465333, 30
1586667422.479437, 32
1586667422.494534, 30
1586667422.509361, 31
1586667422.524116, 31
1586667422.538515, 32
1586667422.551062, 32
1586667422.565983, 32
1586667422.579168, 31
1586667422.592932, 33
1586667422.608439, 32
1586667422.621183, 31
1586667422.635104, 32
1586667422.647805, 31
1586667422.663293, 32
1586667422.677784, 32
1586667422.691833, 32
1586667422.706112, 32
1586667422.718684, 33
1586667422.731959, 32
1586667422.745755, 33
1586667422.759103, 33
1586667422.773385, 33
1586667422.786960, 34
1586667422.799808, 31
1586667422.814746, 32
1586667422.827944, 34
1586667422.841838, 33
1586667422.854522, 33
1586667422.868280, 33
1586667422.881079, 33
1586667422.894258, 32
1586667422.908504, 32
1586667422.921696, 35
1586667422.935685, 35
1586667422.948929, 35
1586667422.962475, 34
1586667422.974717, 34
1586667422.989424, 35
1586667423.002930, 33
1586667423.017192, 34
1586667423.030773, 34
1586667423.045340, 34
1586667423.059159, 34
1586667423.074647, 34
1586667423.087492, 35
1586667423.102016, 33
1586667423.115072, 34
1586667423.127841, 34
1586667423.140653, 35
1586667423.155379, 36
1586667423.169284, 35
1586667423.182064, 36
1586667423.195764, 35
1586667423.208435, 34
1586667423.223560, 36
1586667423.237458, 35
1586667423.250891, 35
1586667423.264157, 35
1586667423.277792, 36
1586667423.292446, 36
1586667423.307313, 34
1586667423.320113, 35
1586667423.333947, 37
1586667423.347210, 36
1586667423.361947, 36
1586667423.376335, 36
1586667423.391330, 36
1586667423.406242, 35
1586667423.419220, 36
1586667423.433314, 36
1586667423.446233, 36
1586667423.460163, 36
1586667423.474641, 36
1586667423.488689, 36
1586667423.503195, 36
1586667423.515809, 36
1586667423.530199, 36
1586667423.544074, 37
1586667423.558072, 38
1586667423.571774, 37
1586667423.586343, 37
1586667423.601188, 37
1586667423.614875, 36
1586667423.628632, 37
1586667423.641688, 37
1586667423.656278, 38
1586667423.670507, 38
1586667423.685285, 38
1586667423.697539, 37
1586667423.711781, 36
1586667423.724248, 39
1586667423.738693, 39
1586667423.751924, 39
1586667423.764229, 39
1586667423.779405, 40
1586667423.792749, 39
1586667423.805167, 38
1586667423.819498, 38
1586667423.835150, 38
1586667423.849474, 38
1586667423.862501, 38
1586667423.875427, 39
1586667423.888268, 39
1586667423.901854, 38
1586667423.916267, 37
1586667423.929189, 38
1586667423.944415, 38
1586667423.958397, 38
1586667423.972868, 39
1586667423.985364, 40
1586667423.998659, 39
1586667424.013855, 39
1586667424.028298, 39
1586667424.041066, 40
1586667424.054932, 41
1586667424.067597, 40
1586667424.082421, 39
1586667424.097154, 39
1586667424.111775, 40
1586667424.125547, 40
1586667424.140448, 40
1586667424.153526, 39
1586667424.167803, 39
1586667424.180993, 39
1586667424.194023, 40
1586667424.207686, 41
1586667424.221573, 40
1586667424.236458, 41
1586667424.249213, 40
1586667424.263612, 39
1586667424.276128, 41
1586667424.290207, 41
1586667424.304273, 41
1586667424.318269, 39
1586667424.332477, 40
1586667424.345963, 41
1586667424.360472, 40
1586667424.374657, 40
1586667424.389429, 40
1586667424.403685, 40
1586667424.418787, 40
1586667424.433203, 42
1586667424.446702, 41
1586667424.460832, 42
1586667424.475182, 41
1586667424.489692, 41
1586667424.502617, 42
1586667424.517545, 41
1586667424.532864, 43
1586667424.547407, 41
1586667424.562079, 42
1586667424.576931, 42
1586667424.590469, 42
1586667424.605357, 42
1586667424.618184, 41
1586667424.632792, 41
1586667424.645631, 42
1586667424.659139, 42
1586667424.673307, 43
1586667424.687729, 43
1586667424.700822, 42
1586667424.713654, 42
1586667424.728227, 42
1586667424.743367, 42
1586667424.756086, 41
1586667424.768685, 43
1586667424.781655, 43
1586667424.795419, 42
1586667424.809013, 43
1586667424.823630, 43
1586667424.837752, 42
1586667424.851837, 41
1586667424.864178, 43
1586667424.878793, 43
1586667424.893296, 44
1586667424.907697, 45
1586667424.920291, 43
1586667424.934753, 43
1586667424.949098, 44
1586667424.962869, 43
1586667424.976423, 43
1586667424.990024, 43
1586667425.004291, 43
1586667425.018654, 43
1586667425.033616, 44
1586667425.046406, 43
1586667425.060042, 44
1586667425.075040, 43
1586667425.089258, 44
1586667425.102938, 44
1586667425.117354, 44
1586667425.132021, 45
1586667425.145143, 44
1586667425.157422, 45
1586667425.170635, 45
1586667425.186099, 44
1586667425.200214, 44
1586667425.214937, 45
1586667425.228806, 44
1586667425.243165, 44
1586667425.257164, 45
1586667425.269880, 44
1586667425.284532, 45
1586667425.298410, 45
1586667425.311575, 45
1586667425.325545, 45
1586667425.339104, 45
1586667425.353912, 46
1586667425.366609, 45
1586667425.380017, 45
1586667425.395117, 45
1586667425.408941, 45
1586667425.421408, 45
1586667425.433560, 46
1586667425.447763, 45
1586667425.462847, 46
1586667425.475257, 46
1586667425.489550, 45
1586667425.504281, 46
1586667425.518477, 45
1586667425.533600, 46
1586667425.548952, 45
1586667425.562413, 46
1586667425.576681, 46
1586667425.590604, 46
1586667425.604610, 47
1586667425.619039, 46
1586667425.632668, 47
1586667425.646364, 47
1586667425.660902, 46
1586667425.673464, 47
1586667425.687965, 46
1586667425.702559, 46
1586667425.715785, 47
1586667425.730647, 47
1586667425.744551, 47
1586667425.759211, 47
1586667425.771832, 46
1586667425.785489, 47
1586667425.799107, 47
1586667425.811635, 47
1586667425.825645, 46
1586667425.840244, 47
1586667425.853678, 47
1586667425.866293, 48
1586667425.879306, 47
1586667425.893198, 48
1586667425.907206, 48
1586667425.920047, 48
1586667425.932863, 46
1586667425.946257, 49
1586667425.960332, 48
1586667425.973576, 46
1586667425.986395, 48
1586667425.999275, 48
1586667426.012039, 48
1586667426.025080, 49
1586667426.039331, 48
1586667426.054329, 49
1586667426.068596, 47
1586667426.083107, 49
1586667426.096042, 48
1586667426.110637, 47
1586667426.125075, 49
1586667426.139131, 48
1586667426.153605, 49
1586667426.166266, 49
1586667426.178798, 49
1586667426.193826, 49
1586667426.208399, 48
1586667426.221821, 48
1586667426.236487, 48
1586667426.250270, 49
1586667426.264015, 48
1586667426.279214, 47
1586667426.291607, 48
1586667426.304803, 49
1586667426.319447, 47
1586667426.334529, 48
1586667426.348634, 47
1586667426.362093, 49
1586667426.375410, 48
1586667426.387767, 49
1586667426.400763, 48
1586667426.416836, 48
1586667426.429809, 49
1586667426.443302, 49
1586667426.457778, 49
1586667426.470375, 47
1586667426.485518, 46
1586667426.500570, 45
1586667426.513542, 38
1586667426.527398, 35
1586667426.542333, 27
1586667426.558279, 22
1586667426.572105, 21
1586667426.586438, 21
1586667426.600591, 20
1586667426.614091, 15
1586667426.628189, 10
1586667426.641039, 8
1586667426.655988, 8
1586667426.670863, 8
1586667426.685539, 8
1586667426.700115, 8
1586667426.714783, 7
1586667426.728925, 8
1586667426.742791, 10
1586667426.757678, 11
1586667426.770271, 11
1586667426.783656, 9
1586667426.797490, 10
1586667426.810254, 10
1586667426.825288, 9
1586667426.839931, 9
1586667426.853602, 9
1586667426.866571, 12
1586667426.880273, 10
1586667426.894333, 10
1586667426.909246, 10
1586667426.923577, 10
1586667426.937640, 11
1586667426.951582, 11
1586667426.964947, 13
1586667426.979464, 12
1586667426.993496, 11
1586667427.008365, 12
1586667427.022900, 12
1586667427.037143, 12
1586667427.052002, 12
1586667427.064588, 14
1586667427.079167, 13
1586667427.092925, 12
1586667427.106222, 14
1586667427.119969, 13
1586667427.133757, 14
1586667427.148135, 13
1586667427.161882, 14
1586667427.175263, 15
1586667427.189328, 14
1586667427.204020, 13
1586667427.219373, 14
1586667427.232635, 15
1586667427.246791, 14
1586667427.261024, 15
1586667427.275147, 15
1586667427.290453, 14
1586667427.305469, 14
1586667427.320012, 15
1586667427.334969, 16
1586667427.349345, 16
1586667427.364723, 16
1586667427.379127, 16
1586667427.393424, 18
1586667427.408010, 16
1586667427.422726, 16
1586667427.437590, 17
1586667427.453001, 16
1586667427.467366, 17
1586667427.481654, 17
1586667427.496371, 17
1586667427.510640, 16
1586667427.525097, 16
1586667427.539759, 17
1586667427.554639, 17
1586667427.568683, 19
1586667427.582058, 19
1586667427.597092, 18
1586667427.612021, 18
1586667427.626850, 17
1586667427.641698, 18
1586667427.656893, 19
1586667427.671398, 19
1586667427.686380, 19
1586667427.701062, 19
1586667427.716484, 18
1586667427.731047, 19
1586667427.745264, 18
1586667427.760390, 18
1586667427.775137, 19
1586667427.790539, 21
1586667427.805505, 20
1586667427.818829, 20
1586667427.833232, 18
1586667427.847812, 20
1586667427.860443, 19
1586667427.875024, 20
1586667427.887924, 20
1586667427.902506, 21
1586667427.917239, 21
1586667427.930802, 20
1586667427.944796, 20
1586667427.959610, 19
1586667427.974678, 21
1586667427.987931, 22
1586667428.002031, 20
1586667428.016086, 20
1586667428.030724, 21
1586667428.045163, 22
1586667428.059319, 21
1586667428.074312, 21
1586667428.089141, 23
1586667428.103912, 22
1586667428.118442, 22
1586667428.133888, 21
1586667428.148140, 22
1586667428.160722, 21
1586667428.175100, 23
1586667428.189372, 23
1586667428.203704, 23
1586667428.218105, 24
1586667428.232742, 22
1586667428.246318, 22
1586667428.260268, 23
1586667428.273461, 23
1586667428.288056, 24
1586667428.301526, 23
1586667428.316056, 23
1586667428.330484, 23
1586667428.345019, 23
1586667428.358736, 23
1586667428.371664, 24
1586667428.386632, 25
1586667428.400554, 25
1586667428.413473, 25
1586667428.426777, 23
1586667428.440409, 23
1586667428.455219, 24
1586667428.469913, 25
1586667428.483975, 25
1586667428.498594, 26
1586667428.512025, 25
1586667428.526785, 25
1586667428.541108, 25
1586667428.555094, 26
1586667428.569284, 25
1586667428.583843, 25
1586667428.598430, 26
1586667428.611635, 27
1586667428.624884, 26
1586667428.639398, 26
1586667428.652974, 26
1586667428.665265, 25
1586667428.679348, 26
1586667428.693989, 26
1586667428.708225, 27
1586667428.721788, 28
1586667428.735751, 25
1586667428.750295, 25
1586667428.765156, 26
1586667428.779514, 27
1586667428.793152, 27
1586667428.807692, 28
1586667428.822283, 27
1586667428.836433, 28
1586667428.850459, 26
1586667428.865419, 27
1586667428.879875, 27
1586667428.893557, 29
1586667428.907407, 28
1586667428.922853, 28
1586667428.936948, 28
1586667428.951172, 28
1586667428.965646, 27
1586667428.980120, 28
1586667428.994228, 29
1586667429.008956, 29
1586667429.022145, 28
1586667429.035121, 28
1586667429.047745, 27
1586667429.062260, 28
1586667429.076844, 29
1586667429.091438, 28
1586667429.106202, 28
1586667429.120934, 29
1586667429.135187, 29
1586667429.149047, 29
1586667429.162107, 29
1586667429.175862, 28
1586667429.190482, 29
1586667429.204160, 30
1586667429.217388, 31
1586667429.231526, 30
1586667429.245456, 29
1586667429.259969, 28
1586667429.274772, 30
1586667429.289164, 30
1586667429.302421, 31
1586667429.317514, 30
1586667429.331795, 30
1586667429.345629, 29
1586667429.359709, 30
1586667429.374273, 29
1586667429.386922, 32
1586667429.401624, 31
1586667429.415682, 30
1586667429.430415, 30
1586667429.443940, 32
1586667429.458506, 30
1586667429.471556, 31
1586667429.484079, 32
1586667429.498500, 32
1586667429.512053, 31
1586667429.525473, 32
1586667429.539701, 32
1586667429.553094, 32
1586667429.569290, 31
1586667429.582034, 31
1586667429.597450, 32
1586667429.611504, 32
1586667429.624940, 32
1586667429.639732, 32
1586667429.654134, 31
1586667429.669112, 31
1586667429.681588, 30
1586667429.694514, 32
1586667429.709128, 32
1586667429.722373, 33
1586667429.736588, 32
1586667429.751040, 31
1586667429.768783, 33
1586667429.784198, 33
1586667429.798469, 34
1586667429.812012, 33
1586667429.825998, 34
1586667429.840943, 33
1586667429.855511, 32
1586667429.873574, 33
1586667429.886584, 33
1586667429.901492, 33
1586667429.915170, 33
1586667429.928549, 33
1586667429.941488, 34
1586667429.956248, 35
1586667429.970102, 33
1586667429.986534, 35
1586667430.000832, 35
1586667430.015473, 34
1586667430.029724, 33
1586667430.043945, 34
1586667430.058566, 35
1586667430.072001, 34
1586667430.087418, 34
1586667430.102313, 34
1586667430.116611, 35
1586667430.130842, 34
1586667430.145359, 35
1586667430.159272, 35
1586667430.173363, 34
1586667430.187340, 34
1586667430.199827, 34
1586667430.212419, 35
1586667430.227233, 35
1586667430.241258, 34
1586667430.254753, 36
1586667430.269898, 34
1586667430.285972, 36
1586667430.299009, 35
1586667430.312218, 35
1586667430.325145, 35
1586667430.338116, 36
1586667430.351225, 36
1586667430.364265, 35
1586667430.377132, 36
1586667430.390265, 36
1586667430.403357, 36
1586667430.418118, 36
1586667430.431459, 37
1586667430.445030, 37
1586667430.458405, 37
1586667430.471708, 35
1586667430.484802, 36
1586667430.498211, 36
1586667430.511579, 37
1586667430.524741, 36
1586667430.539218, 38
1586667430.552454, 38
1586667430.566138, 37
1586667430.579800, 36
1586667430.592523, 37
1586667430.605550, 38
1586667430.618731, 37
1586667430.631419, 38
1586667430.644718, 36
1586667430.657728, 37
1586667430.670699, 37
1586667430.683821, 37
1586667430.698748, 37
1586667430.712819, 37
1586667430.727403, 37
1586667430.740583, 37
1586667430.753130, 38
1586667430.766508, 38
1586667430.779450, 37
1586667430.793615, 38
1586667430.807854, 38
1586667430.820992, 39
1586667430.835671, 38
1586667430.848272, 38
1586667430.860916, 38
1586667430.874639, 38
1586667430.888787, 39
1586667430.902654, 38
1586667430.915868, 37
1586667430.928478, 39
1586667430.942461, 38
1586667430.956752, 40
1586667430.969755, 38
1586667430.982624, 39
1586667430.995608, 40
1586667431.008263, 40
1586667431.022912, 39
1586667431.035865, 39
1586667431.048652, 39
1586667431.061748, 40
1586667431.074657, 39
1586667431.089069, 38
1586667431.102094, 40
1586667431.115191, 40
1586667431.128486, 40
1586667431.143071, 39
1586667431.156229, 40
1586667431.171144, 39
1586667431.184288, 41
1586667431.197428, 40
1586667431.211591, 41
1586667431.225864, 41
1586667431.240416, 40
1586667431.253069, 40
1586667431.265566, 41
1586667431.279229, 40
1586667431.294462, 41
1586667431.308965, 41
1586667431.322561, 40
1586667431.337806, 40
1586667431.351207, 41
1586667431.365596, 41
1586667431.378517, 41
1586667431.391565, 40
1586667431.404982, 41
1586667431.418697, 41
1586667431.431991,