38.9
37.6
87.5
48.4
47.8
37.9
47.3
48.2
51.3
50.8
50.4
58.7
63.0
60.3
60.1
42.3
33.9
38.4
40.3
41.3
46.9
54.4
54.2
54.4
56.1
56.6
63.7
48.4
31.3
37.9
36.8
42.9
46.5
47.0
49.3
52.8
53.4
62.7
59.1
59.4
63.9
42.9
36.4
36.8
41.3
42.4
49.6
50.1
52.9
54.6
51.1
61.8
62.6
63.6
52.6
23.2
23.7
28.2
29.5
30.6
37.9
40.1
45.1
47.1
47.8
57.3
56.8
56.2
59.3
60.0
61.5
32.9
33.6
37.0
42.0
44.0
45.4
48.5
50.7
56.3
57.7
57.2
61.7
48.2
35.2
39.7
42.9
43.4
47.1
44.1
50.8
58.0
50.1
59.7
58.9
61.8
43.4
34.9
34.7
41.2
41.7
45.0
48.4
51.6
52.5
54.9
62.8
60.1
57.7
34.7
34.7
39.2
38.6
43.9
47.0
53.6
50.5
55.1
60.0
62.1
59.9
65.4
47.2
22.5
22.7
27.3
31.1
35.4
40.3
40.6
44.1
48.4
49.0
47.0
57.9
53.6
56.2
62.4
47.2
33.5
38.8
40.0
42.4
48.1
49.0
50.9
54.6
58.7
57.7
60.0
52.2
30.8
36.1
35.2
41.4
49.6
45.1
55.5
53.4
59.0
58.2
59.6
60.8
50.7
35.1
34.4
41.0
40.3
49.8
47.9
51.0
55.2
58.7
56.2
56.5
65.1
59.7
32.8
39.1
38.7
44.6
43.0
49.3
47.8
50.0
54.6
55.7
59.6
63.1
67.1
43.3
36.5
33.9
40.5
45.1
46.4
50.0
49.7
56.1
58.7
59.7
58.2
67.2
50.3
31.2
39.0
38.9
45.3
42.8
51.1
53.9
55.3
57.2
57.5
57.8
65.8
46.9
31.8
35.8
41.9
42.3
43.8
48.8
52.6
54.0
52.6
55.2
60.2
65.7
54.1
31.4
35.2
40.9
41.3
47.3
51.5
48.5
53.3
52.5
55.1
59.6
62.1
44.9
33.8
37.4
37.2
44.2
45.6
48.8
53.4
54.0
55.7
61.6
61.6
64.2
63.8
24.3
23.0
21.5
26.8
34.6
34.6
41.7
47.1
46.0
50.0
51.9
55.8
54.1
61.7
61.4
64.7
44.2
34.5
42.1
42.4
45.7
45.5
53.0
54.6
52.7
55.0
64.6
59.7
56.6
33.1
41.0
41.3
42.1
43.7
53.5
50.4
47.9
51.7
56.2
58.1
57.8
43.7
34.0
38.3
38.8
42.6
45.0
51.8
52.6
51.0
56.7
60.0
61.2
57.2
23.6
23.6
26.6
29.5
32.4
34.3
40.5
43.9
46.6
52.1
53.7
54.7
58.3
57.2
61.4
62.2
61.1
29.4
35.6
36.5
45.3
48.2
43.4
49.4
51.4
52.8
53.0
57.4
63.8
60.9
33.3
34.6
38.5
41.8
45.6
49.6
55.8
52.7
54.4
55.6
61.4
60.5
62.3
43.5
36.5
37.1
43.8
41.6
45.3
49.1
49.6
56.0
59.1
58.6
62.4
61.6
45.6
35.3
38.3
46.3
42.4
47.6
49.1
50.8
53.9
59.3
59.3
61.2
56.8
32.2
38.8
38.3
42.9
46.3
47.0
50.6
55.7
55.1
65.0
41.4
29.8
35.6
39.9
42.1
47.1
47.7
51.0
55.1
57.7
58.7
62.8
61.6
45.4
35.4
38.6
44.2
44.8
49.3
51.5
54.6
57.5
57.2
61.1
56.7
63.1
54.7
35.0
37.4
41.3
44.9
51.1
48.9
53.0
56.1
59.2
62.2
59.2
61.0
48.6
36.8
38.1
44.3
44.7
44.2
58.7
52.2
54.7
52.3
55.8
58.9
60.1
62.3
39.2
36.9
40.7
42.4
45.5
43.8
51.3
53.5
52.8
53.4
57.4
60.7
60.7
46.1
36.5
37.5
39.3
46.1
49.0
47.7
53.2
54.5
55.2
56.6
63.8
61.7
62.7
42.1
40.6
37.7
41.2
43.8
49.8
48.7
47.8
50.4
55.7
60.9
61.4
62.1
23.0
29.4
23.2
28.0
36.0
36.4
37.0
45.4
47.1
49.4
54.6
54.9
53.9
59.1
57.1
64.2
46.1
33.1
37.9
41.9
44.4
45.8
48.8
51.6
53.2
54.5
58.6
60.6
58.8
34.9
35.5
41.4
40.5
45.1
46.5
51.9
54.7
54.3
56.0
58.4
63.1
41.4
35.0
37.0
39.6
43.4
44.3
47.2
49.5
52.6
54.8
58.3
64.3
53.1
31.7
36.0
37.2
42.1
44.1
49.3
48.7
53.0
54.6
60.3
61.0
63.5
46.4
36.5
36.2
41.5
42.9
48.1
49.0
53.1
50.8
54.1
57.2
58.2
49.2
32.7
33.1
36.7
43.1
46.4
47.3
50.2
51.6
58.7
61.6
57.5
63.4
54.5
31.6
33.2
40.1
42.1
45.1
49.6
51.2
54.9
55.9
56.0
60.4
57.6
27.6
39.2
34.1
41.7
45.1
55.3
