1586667171.380112, 0
1586667171.399097, 1
1586667171.413390, 0
1586667171.430049, 0
1586667171.443671, 1
1586667171.462321, 8
1586667171.476419, 4
1586667171.498320, 11
1586667171.513693, 19
1586667171.527896, 20
1586667171.541858, 19
1586667171.556000, 20
1586667171.570883, 20
1586667171.585717, 19
1586667171.599477, 19
1586667171.614464, 19
1586667171.628804, 19
1586667171.643228, 20
1586667171.657493, 19
1586667171.671837, 19
1586667171.685664, 18
1586667171.700015, 20
1586667171.713805, 18
1586667171.728989, 19
1586667171.741238, 18
1586667171.755459, 20
1586667171.769640, 19
1586667171.783608, 18
1586667171.798050, 18
1586667171.812206, 18
1586667171.826048, 19
1586667171.840790, 19
1586667171.857850, 17
1586667171.873204, 17
1586667171.887289, 18
1586667171.901476, 18
1586667171.914357, 16
1586667171.927224, 16
1586667171.942518, 14
1586667171.956360, 10
1586667171.970690, 16
1586667171.983718, 13
1586667171.997402, 10
1586667172.011210, 13
1586667172.025352, 10
1586667172.039816, 11
1586667172.053542, 12
1586667172.067893, 12
1586667172.082319, 11
1586667172.097308, 13
1586667172.112229, 14
1586667172.125231, 13
1586667172.139786, 12
1586667172.154125, 11
1586667172.167882, 11
1586667172.182311, 11
1586667172.195958, 13
1586667172.211017, 14
1586667172.226019, 13
1586667172.239821, 12
1586667172.252691, 12
1586667172.266752, 13
1586667172.280484, 12
1586667172.294413, 13
1586667172.309105, 15
1586667172.323279, 13
1586667172.338118, 15
1586667172.353452, 13
1586667172.368474, 13
1586667172.382763, 14
1586667172.396921, 14
1586667172.410960, 15
1586667172.425817, 14
1586667172.441123, 13
1586667172.457808, 14
1586667172.473643, 15
1586667172.489036, 15
1586667172.502770, 14
1586667172.517138, 16
1586667172.531957, 16
1586667172.546479, 16
1586667172.561131, 15
1586667172.575480, 15
1586667172.589822, 17
1586667172.603519, 16
1586667172.617806, 18
1586667172.632368, 16
1586667172.647259, 17
1586667172.661981, 16
1586667172.676048, 17
1586667172.690903, 16
1586667172.705601, 17
1586667172.720287, 18
1586667172.735128, 19
1586667172.749990, 19
1586667172.764323, 17
1586667172.778573, 18
1586667172.793652, 18
1586667172.808325, 18
1586667172.823869, 18
1586667172.839074, 18
1586667172.853411, 19
1586667172.868291, 18
1586667172.883168, 18
1586667172.898072, 18
1586667172.912383, 18
1586667172.925496, 20
1586667172.939045, 19
1586667172.953894, 19
1586667172.969323, 18
1586667172.983858, 16
1586667172.998904, 16
1586667173.013150, 16
1586667173.027889, 17
1586667173.042439, 9
1586667173.059627, 10
1586667173.075818, 6
1586667173.088430, 7
1586667173.102981, 6
1586667173.117654, 6
1586667173.131779, 9
1586667173.146399, 7
1586667173.161241, 7
1586667173.175482, 8
1586667173.189247, 8
1586667173.204272, 6
1586667173.219335, 7
1586667173.233478, 9
1586667173.247940, 8
1586667173.262252, 8
1586667173.277124, 9
1586667173.292030, 10
1586667173.306238, 10
1586667173.320155, 9
1586667173.334542, 11
1586667173.349486, 9
1586667173.364435, 11
1586667173.379186, 11
1586667173.393842, 9
1586667173.408812, 11
1586667173.423716, 11
1586667173.438097, 12
1586667173.452953, 11
1586667173.467209, 10
1586667173.481902, 11
1586667173.496227, 12
1586667173.509935, 11
1586667173.523833, 14
1586667173.539064, 13
1586667173.553365, 12
1586667173.568097, 14
1586667173.582733, 13
1586667173.596945, 12
1586667173.611158, 13
1586667173.624024, 15
1586667173.638748, 15
1586667173.653980, 15
1586667173.666872, 13
1586667173.680712, 14
1586667173.694543, 13
1586667173.708720, 14
1586667173.722808, 14
1586667173.737495, 14
1586667173.751321, 16
1586667173.766727, 14
1586667173.781797, 14
1586667173.795710, 14
1586667173.809474, 14
1586667173.823691, 16
1586667173.839968, 16
1586667173.854805, 17
1586667173.869307, 15
1586667173.883675, 15
1586667173.897761, 15
1586667173.912062, 15
1586667173.926492, 16
1586667173.941244, 17
1586667173.955601, 17
1586667173.970062, 16
1586667173.984124, 16
1586667173.997417, 17
1586667174.011596, 16
1586667174.024839, 18
1586667174.038367, 19
1586667174.051941, 18
1586667174.066670, 17
1586667174.080976, 17
1586667174.096079, 17
1586667174.110321, 18
1586667174.125182, 17
1586667174.139908, 19
1586667174.155567, 18
1586667174.170166, 18
1586667174.184796, 17
1586667174.199900, 17
1586667174.214709, 17
1586667174.228305, 17
1586667174.242123, 19
1586667174.256676, 18
1586667174.270180, 11
1586667174.284951, 7
1586667174.298855, 6
1586667174.313657, 6
1586667174.328902, 8
1586667174.343972, 5
1586667174.358842, 7
1586667174.373529, 6
1586667174.388372, 7
1586667174.402863, 7
1586667174.416620, 7
1586667174.430666, 10
1586667174.445885, 9
1586667174.460875, 8
1586667174.475852, 8
1586667174.490731, 8
1586667174.505326, 9
1586667174.519826, 9
1586667174.534664, 9
1586667174.549345, 11
1586667174.563355, 9
1586667174.578383, 9
1586667174.593315, 9
1586667174.607607, 10
1586667174.621977, 10
1586667174.635216, 11
1586667174.649430, 11
1586667174.663896, 11
1586667174.678677, 10
1586667174.693160, 12
1586667174.708000, 11
1586667174.722223, 10
1586667174.737445, 13
1586667174.751782, 12
1586667174.767334, 13
1586667174.781404, 12
1586667174.796038, 12
1586667174.810413, 12
1586667174.825065, 13
1586667174.841768, 12
1586667174.856224, 13
1586667174.869209, 14
1586667174.883215, 13
1586667174.897773, 14
1586667174.912983, 13
1586667174.927267, 13
1586667174.942898, 15
1586667174.957197, 15
1586667174.971858, 14
1586667174.986896, 15
1586667175.001271, 15
1586667175.014406, 14
1586667175.028906, 15
1586667175.043507, 15
1586667175.058492, 17
1586667175.073349, 15
1586667175.088552, 16
1586667175.103214, 15
1586667175.118088, 16
1586667175.133222, 15
1586667175.146742, 17
1586667175.161238, 18
1586667175.174818, 16
1586667175.189365, 16
1586667175.203557, 16
1586667175.217147, 16
1586667175.231845, 16
1586667175.245730, 18
1586667175.259989, 18
1586667175.274974, 18
1586667175.289754, 16
1586667175.304313, 16
1586667175.319675, 18
1586667175.333553, 17
1586667175.347241, 18
1586667175.360009, 19
1586667175.374511, 19
1586667175.388137, 18
1586667175.402232, 18
1586667175.415447, 17
1586667175.431124, 17
1586667175.445137, 19
1586667175.459571, 19
1586667175.474480, 20
1586667175.488274, 19
1586667175.503516, 18
1586667175.518123, 19
1586667175.531328, 20
1586667175.545443, 20
1586667175.559359, 19
1586667175.574376, 18
1586667175.587468, 20
1586667175.602009, 19
1586667175.615186, 18
1586667175.630127, 18
1586667175.644263, 19
1586667175.658498, 14
1586667175.672733, 11
1586667175.686185, 12
1586667175.701221, 8
1586667175.715675, 7
1586667175.730154, 7
1586667175.744485, 8
1586667175.758002, 8
1586667175.772222, 8
1586667175.786566, 7
1586667175.801165, 8
1586667175.815530, 7
1586667175.829553, 9
1586667175.843957, 9
1586667175.858596, 9
1586667175.872864, 9
1586667175.887593, 10
1586667175.902269, 9
1586667175.916462, 9
1586667175.931060, 9
1586667175.945683, 11
1586667175.960144, 11
1586667175.974436, 10
1586667175.989496, 11
1586667176.003659, 9
1586667176.018427, 10
1586667176.033204, 10
1586667176.047316, 12
1586667176.062547, 12
1586667176.076517, 11
1586667176.091919, 11
1586667176.106016, 11
1586667176.121111, 12
1586667176.135453, 12
1586667176.150067, 14
1586667176.164323, 14
1586667176.178388, 12
1586667176.193006, 12
1586667176.208105, 13
1586667176.222848, 14
1586667176.236898, 14
1586667176.250592, 14
1586667176.265658, 14
1586667176.279925, 13
1586667176.294687, 14
1586667176.307856, 12
1586667176.320830, 15
1586667176.335148, 14
1586667176.349716, 15
1586667176.362831, 14
1586667176.378676, 16
1586667176.393210, 14
1586667176.407840, 14
1586667176.422121, 15
1586667176.436076, 15
1586667176.450463, 16
1586667176.464954, 17
1586667176.479059, 16
1586667176.493505, 15
1586667176.506248, 16
1586667176.521046, 16
1586667176.535370, 15
1586667176.549214, 17
1586667176.563302, 17
1586667176.577533, 17
1586667176.591337, 17
1586667176.605559, 16
1586667176.620163, 16
1586667176.634850, 16
1586667176.648499, 18
1586667176.663515, 18
1586667176.677337, 19
1586667176.693662, 19
1586667176.708554, 19
1586667176.722790, 18
1586667176.736961, 19
1586667176.751014, 18
1586667176.765598, 18
1586667176.779723, 19
1586667176.794717, 17
1586667176.809574, 18
1586667176.823754, 19
1586667176.836679, 18
1586667176.851237, 19
1586667176.866527, 20
1586667176.881301, 20
1586667176.896130, 18
1586667176.911596, 17
1586667176.926316, 19
1586667176.940441, 19
1586667176.954983, 19
1586667176.969133, 19
1586667176.983747, 17
1586667176.997711, 10
1586667177.011904, 6
1586667177.025839, 4
1586667177.039812, 2
1586667177.054445, 2
1586667177.067720, 2
1586667177.082558, 2
1586667177.097548, 2
1586667177.111368, 4
1586667177.125991, 1
1586667177.140471, 3
1586667177.154546, 3
1586667177.168139, 2
1586667177.183267, 2
1586667177.197692, 3
1586667177.212050, 4
1586667177.225522, 4
1586667177.239488, 5
1586667177.254571, 5
1586667177.269601, 5
1586667177.283873, 4
1586667177.298027, 4
1586667177.312105, 4
1586667177.326934, 5
1586667177.343360, 5
1586667177.357244, 7
1586667177.370965, 7
1586667177.385769, 5
1586667177.400370, 7
1586667177.414643, 6
1586667177.429800, 6
1586667177.443380, 7
1586667177.458152, 8
1586667177.472891, 8
1586667177.487248, 8
1586667177.501537, 9
1586667177.515956, 8
1586667177.530305, 9
1586667177.544541, 8
1586667177.558341, 11
1586667177.572863, 10
1586667177.586481, 10
1586667177.600861, 10
1586667177.614911, 9
1586667177.629101, 9
1586667177.643082, 10
1586667177.656781, 10
1586667177.670972, 11
1586667177.685451, 10
1586667177.700614, 11
1586667177.715266, 11
1586667177.730195, 11
1586667177.744916, 11
1586667177.759667, 13
1586667177.773766, 13
1586667177.789070, 11
1586667177.802836, 12
1586667177.817615, 13
1586667177.831259, 13
1586667177.845779, 13
1586667177.860574, 12
1586667177.876384, 13
1586667177.893411, 14
1586667177.908173, 13
1586667177.922995, 14
1586667177.938493, 14
1586667177.953055, 14
1586667177.966277, 15
1586667177.980705, 15
1586667177.995183, 14
1586667178.008171, 15
1586667178.022158, 14
1586667178.036623, 14
1586667178.051324, 14
1586667178.065393, 15
1586667178.080253, 16
1586667178.095044, 15
1586667178.109886, 15
1586667178.122754, 15
1586667178.137256, 15
1586667178.151094, 15
1586667178.165655, 16
1586667178.180131, 16
1586667178.194835, 16
1586667178.209630, 17
1586667178.223959, 16
1586667178.238708, 16
1586667178.252964, 16
1586667178.266830, 18
1586667178.280185, 17
1586667178.294581, 17
1586667178.308732, 18
1586667178.322552, 17
1586667178.337733, 18
1586667178.352376, 17
1586667178.365962, 18
1586667178.379800, 18
1586667178.394047, 19
1586667178.406837, 17
1586667178.420629, 17
1586667178.435234, 17
1586667178.449221, 17
1586667178.462890, 19
1586667178.478426, 19
1586667178.494765, 20
1586667178.509572, 17
1586667178.524445, 17
1586667178.537159, 19
1586667178.551188, 18
1586667178.565653, 19
1586667178.579571, 18
1586667178.592668, 18
1586667178.607803, 17
1586667178.622553, 11
1586667178.636156, 7
1586667178.649628, 6
1586667178.664681, 7
1586667178.678001, 7
1586667178.690744, 7
1586667178.705115, 6
1586667178.719658, 8
1586667178.734270, 8
1586667178.747792, 7
1586667178.762118, 8
1586667178.775873, 9
1586667178.790579, 9
1586667178.805091, 8
1586667178.819741, 8
1586667178.833889, 10
1586667178.847366, 10
1586667178.862055, 8
1586667178.878047, 11
1586667178.893081, 9
1586667178.907459, 11
1586667178.921274, 10
1586667178.936041, 11
1586667178.950245, 10
1586667178.964819, 11
1586667178.979647, 10
1586667178.994063, 11
1586667179.007612, 11
1586667179.021045, 11
1586667179.034953, 12
1586667179.049561, 12
1586667179.063949, 12
1586667179.078689, 13
1586667179.094882, 11
1586667179.109571, 12
1586667179.123813, 13
1586667179.139884, 11
1586667179.154495, 12
1586667179.168870, 14
1586667179.183325, 15
1586667179.197394, 13
1586667179.212154, 14
1586667179.226333, 13
1586667179.241323, 13
1586667179.254319, 13
1586667179.267581, 15
1586667179.282245, 16
1586667179.296367, 14
1586667179.311073, 14
1586667179.325265, 14
1586667179.339889, 14
1586667179.354298, 14
1586667179.368075, 14
1586667179.383025, 17
1586667179.396062, 17
1586667179.409919, 16
1586667179.424984, 15
1586667179.437923, 15
1586667179.453470, 16
1586667179.468300, 16
1586667179.482813, 17
1586667179.496706, 18
1586667179.510944, 17
1586667179.524921, 16
1586667179.538425, 16
1586667179.551885, 16
1586667179.566529, 16
1586667179.579934, 17
1586667179.594919, 17
1586667179.609579, 17
1586667179.623701, 19
1586667179.638289, 17
1586667179.653034, 17
1586667179.667566, 18
1586667179.680488, 19
1586667179.695263, 18
1586667179.710486, 18
1586667179.725415, 19
1586667179.740026, 18
1586667179.753048, 18
1586667179.767176, 19
1586667179.782525, 19
1586667179.797313, 18
1586667179.811936, 18
1586667179.826079, 17
1586667179.840707, 19
1586667179.855467, 18
1586667179.869315, 18
1586667179.883900, 19
1586667179.898588, 16
1586667179.912655, 10
1586667179.926175, 7
1586667179.940855, 7
1586667179.956044, 6
1586667179.970304, 6
1586667179.984531, 7
1586667179.998640, 6
1586667180.013706, 8
1586667180.028736, 7
1586667180.043313, 9
1586667180.058028, 7
1586667180.072400, 10
1586667180.087924, 10
1586667180.104283, 8
1586667180.118924, 9
1586667180.132369, 10
1586667180.146702, 8
1586667180.161177, 9
1586667180.176096, 10
1586667180.190883, 11
1586667180.205206, 11
1586667180.218900, 10
1586667180.231932, 10
1586667180.246145, 10
1586667180.261478, 10
1586667180.277302, 10
1586667180.293222, 12
1586667180.307424, 11
1586667180.322121, 11
1586667180.336870, 11
1586667180.351440, 12
1586667180.366767, 11
1586667180.381570, 12
1586667180.395803, 13
1586667180.410306, 13
1586667180.424651, 12
1586667180.439866, 12
1586667180.455090, 12
1586667180.469189, 13
1586667180.483569, 15
1586667180.497096, 14
1586667180.511672, 13
1586667180.526087, 13
1586667180.539876, 15
1586667180.554624, 13
1586667180.569612, 14
1586667180.584971, 16
1586667180.598160, 15
1586667180.611346, 14
1586667180.625778, 14
1586667180.639950, 15
1586667180.654255, 14
1586667180.668109, 15
1586667180.683373, 16
1586667180.698136, 16
1586667180.713594, 17
1586667180.728163, 15
1586667180.743454, 15
1586667180.758141, 15
1586667180.772806, 14
1586667180.787660, 16
1586667180.802854, 18
1586667180.817331, 16
1586667180.832301, 16
1586667180.846721, 16
1586667180.862704, 16
1586667180.882727, 18
1586667180.896528, 19
1586667180.911540, 19
1586667180.926049, 17
1586667180.941573, 18
1586667180.955957, 17
1586667180.971222, 17
1586667180.986199, 19
1586667181.001064, 18
1586667181.015270, 19
1586667181.030736, 18
1586667181.044025, 19
1586667181.059049, 19
1586667181.073686, 19
1586667181.088625, 18
1586667181.103296, 18
1586667181.117928, 17
1586667181.132935, 18
1586667181.147311, 19
1586667181.162033, 19
1586667181.176902, 17
1586667181.191727, 18
1586667181.206553, 11
1586667181.219432, 7
1586667181.231976, 7
1586667181.246510, 6
1586667181.261475, 6
1586667181.276368, 5
1586667181.290447, 7
1586667181.305005, 7
1586667181.319439, 8
1586667181.334838, 7
1586667181.349515, 8
1586667181.362650, 8
1586667181.377557, 8
1586667181.392008, 9
1586667181.406668, 8
1586667181.421087, 9
1586667181.434545, 10
1586667181.449129, 9
1586667181.463480, 9
1586667181.481027, 9
1586667181.495363, 12
1586667181.509850, 10
1586667181.524032, 10
1586667181.539719, 10
1586667181.554100, 11
1586667181.567754, 10
1586667181.581620, 11
1586667181.596348, 12
1586667181.609996, 13
1586667181.623037, 11
1586667181.637625, 11
1586667181.651064, 11
1586667181.665292, 11
1586667181.678459, 12
1586667181.692731, 13
1586667181.707413, 13
1586667181.722268, 13
1586667181.736440, 12
1586667181.750406, 11
1586667181.765344, 14
1586667181.778959, 14
1586667181.793449, 14
1586667181.807418, 15
1586667181.821885, 13
1586667181.836054, 14
1586667181.849481, 13
1586667181.863554, 14
1586667181.877520, 14
1586667181.892142, 15
1586667181.905879, 15
1586667181.920279, 15
1586667181.933981, 15
1586667181.947746, 14
1586667181.962010, 15
1586667181.976747, 16
1586667181.990366, 16
1586667182.004725, 17
1586667182.017819, 16
1586667182.031732, 15
1586667182.045555, 15
1586667182.059730, 15
1586667182.074797, 17
1586667182.089358, 17
1586667182.104029, 17
1586667182.119099, 16
1586667182.134368, 17
1586667182.148699, 16
1586667182.164137, 17
1586667182.178307, 17
1586667182.192008, 17
1586667182.204922, 19
1586667182.220143, 18
1586667182.235227, 18
1586667182.248909, 17
1586667182.262780, 17
1586667182.277186, 17
1586667182.291514, 19
1586667182.306272, 19
1586667182.320787, 19
1586667182.335392, 17
1586667182.350407, 18
1586667182.364134, 18
1586667182.379154, 17
1586667182.393773, 19
1586667182.407362, 18
1586667182.422851, 18
1586667182.437732, 16
1586667182.452556, 9
1586667182.466875, 5
1586667182.482421, 7
1586667182.496751, 7
1586667182.510192, 8
1586667182.524640, 7
1586667182.538162, 6
1586667182.552037, 9
1586667182.566594, 8
1586667182.579794, 7
1586667182.594096, 8
1586667182.607938, 8
1586667182.621873, 9
1586667182.636713, 8
1586667182.650888, 7
1586667182.665601, 8
1586667182.679794, 9
1586667182.693538, 8
1586667182.707862, 10
1586667182.721871, 10
1586667182.735614, 11
1586667182.750060, 10
1586667182.764206, 9
1586667182.779092, 10
1586667182.794006, 10
1586667182.808143, 11
1586667182.822687, 10
1586667182.837312, 11
1586667182.851752, 11
1586667182.866025, 11
1586667182.880277, 11
1586667182.897022, 12
1586667182.909934, 13
1586667182.923859, 12
1586667182.938870, 12
1586667182.953626, 12
1586667182.967580, 13
1586667182.982096, 12
1586667182.996853, 12
1586667183.009597, 14
1586667183.023926, 14
1586667183.038940, 12
1586667183.053106, 14
1586667183.067226, 13
1586667183.080219, 13
1586667183.094373, 13
1586667183.109011, 16
1586667183.123234, 15
1586667183.138787, 14
1586667183.153662, 13
1586667183.168198, 14
1586667183.183018, 15
1586667183.197345, 14
1586667183.210644, 16
1586667183.225027, 17
1586667183.238512, 15
1586667183.252627, 15
1586667183.266754, 15
1586667183.281587, 16
1586667183.296081, 15
1586667183.310728, 17
1586667183.325308, 18
1586667183.339342, 16
1586667183.354761, 17
1586667183.368537, 16
1586667183.383316, 16
1586667183.397507, 16
1586667183.410133, 18
1586667183.424768, 17
1586667183.439938, 19
1586667183.454278, 17
1586667183.468966, 17
1586667183.483085, 18
1586667183.497660, 17
1586667183.512407, 19
1586667183.527083, 18
1586667183.541343, 18
1586667183.555918, 20
1586667183.570805, 19
1586667183.584781, 19
1586667183.598930, 17
1586667183.613348, 20
1586667183.628150, 19
1586667183.643349, 20
1586667183.658557, 18
1586667183.673333, 20
1586667183.687638, 19
1586667183.702393, 20
1586667183.717399, 19
1586667183.732677, 19
1586667183.747402, 19
1586667183.762135, 19
1586667183.775941, 19
1586667183.790302, 20
1586667183.803904, 19
1586667183.818485, 17
1586667183.832725, 13
1586667183.847258, 7
1586667183.860642, 7
1586667183.874891, 2
1586667183.889028, 3
1586667183.905002, 3
1586667183.919112, 3
1586667183.933025, 1
1586667183.947675, 4
1586667183.962861, 2
1586667183.977430, 2
1586667183.991431, 3
1586667184.006048, 3
1586667184.019975, 3
1586667184.033973, 2
1586667184.048132, 4
1586667184.062444, 4
1586667184.077203, 3
1586667184.092044, 3
1586667184.106392, 6
1586667184.120001, 4
1586667184.134277, 4
1586667184.147972, 5
1586667184.162743, 5
1586667184.177504, 4
1586667184.192412, 6
1586667184.206869, 7
1586667184.221095, 8
1586667184.235205, 6
1586667184.250741, 6
1586667184.265135, 6
1586667184.277935, 7
1586667184.293495, 7
1586667184.307685, 7
1586667184.321289, 10
1586667184.334986, 8
1586667184.349365, 9
1586667184.364989, 9
1586667184.380015, 9
1586667184.394747, 9
1586667184.409516, 10
1586667184.422701, 10
1586667184.436007, 9
1586667184.450342, 8
1586667184.465221, 9
1586667184.479215, 10
1586667184.493828, 11
1586667184.508016, 10
1586667184.521848, 12
1586667184.536290, 11
1586667184.550464, 10
1586667184.565341, 11
1586667184.580103, 10
1586667184.595551, 11
1586667184.610061, 12
1586667184.623879, 12
1586667184.638487, 11
1586667184.653331, 13
1586667184.667817, 12
1586667184.682186, 12
1586667184.695829, 12
1586667184.710206, 13
1586667184.725000, 13
1586667184.739043, 14
1586667184.753873, 13
1586667184.768476, 13
1586667184.782314, 13
1586667184.797020, 13
1586667184.810468, 13
1586667184.824471, 14
1586667184.838593, 15
1586667184.853022, 14
1586667184.867751, 15
1586667184.881175, 14
1586667184.895298, 15
1586667184.908753, 14
1586667184.923968, 15
1586667184.938101, 16
1586667184.952728, 16
1586667184.966903, 15
1586667184.980740, 16
1586667184.995951, 15
1586667185.010278, 15
1586667185.024866, 17
1586667185.039973, 16
1586667185.054944, 17
1586667185.069469, 16
1586667185.084217, 16
1586667185.098670, 17
1586667185.113709, 18
1586667185.127627, 17
1586667185.141187, 17
1586667185.155296, 16
1586667185.169285, 18
1586667185.181839, 17
1586667185.195838, 16
1586667185.210894, 17
1586667185.225117, 19
1586667185.239930, 18
1586667185.253060, 19
1586667185.266202, 17
1586667185.280643, 18
1586667185.294905, 18
1586667185.308748, 19
1586667185.322698, 20
1586667185.337629, 18
1586667185.351966, 18
1586667185.366883, 17
1586667185.381949, 17
1586667185.396063, 18
1586667185.410729, 17
1586667185.426835, 18
1586667185.440260, 18
1586667185.454007, 10
1586667185.468136, 7
1586667185.480838, 7
1586667185.494675, 6
1586667185.508918, 6
1586667185.523096, 8
1586667185.537266, 6
1586667185.552059, 8
1586667185.566798, 7
1586667185.581162, 7
1586667185.596123, 8
1586667185.611617, 7
1586667185.626502, 9
1586667185.640666, 9
1586667185.654596, 8
1586667185.668955, 10
1586667185.683740, 9
1586667185.697747, 8
1586667185.712423, 9
1586667185.726509, 11
1586667185.739961, 12
1586667185.754958, 10
1586667185.769076, 10
1586667185.782965, 11
1586667185.797605, 10
1586667185.811960, 10
1586667185.825994, 11
1586667185.840248, 12
1586667185.855779, 11
1586667185.869869, 11
1586667185.883680, 12
1586667185.897845, 11
1586667185.911474, 12
1586667185.925391, 13
1586667185.940018, 13
1586667185.954688, 13
1586667185.969383, 12
1586667185.983781, 12
1586667185.998512, 14
1586667186.012962, 14
1586667186.027432, 14
1586667186.041558, 13
1586667186.055874, 15
1586667186.069484, 14
1586667186.084450, 14
1586667186.098539, 13
1586667186.113403, 14
1586667186.127691, 16
1586667186.141273, 15
1586667186.155451, 15
1586667186.169701, 15
1586667186.183714, 14
1586667186.198284, 14
1586667186.211936, 15
1586667186.226859, 17
1586667186.240653, 16
1586667186.255139, 16
1586667186.269830, 16
1586667186.283405, 16
1586667186.297891, 15
1586667186.312084, 17
1586667186.327324, 17
1586667186.342042, 17
1586667186.356685, 17
1586667186.370551, 16
1586667186.383982, 17
1586667186.398571, 16
1586667186.412028, 17
1586667186.426054, 17
1586667186.439810, 18
1586667186.453794, 18
1586667186.468497, 17
1586667186.483541, 19
1586667186.498636, 17
1586667186.513496, 17
1586667186.528134, 17
1586667186.543342, 19
1586667186.558029, 19
1586667186.572004, 17
1586667186.587058, 16
1586667186.601254, 17
1586667186.616053, 18
1586667186.630869, 19
1586667186.643812, 18
1586667186.657991, 17
1586667186.673148, 10
1586667186.687401, 7
1586667186.701318, 6
1586667186.715669, 5
1586667186.729658, 8
1586667186.745511, 6
1586667186.760419, 7
1586667186.774843, 7
1586667186.789019, 7
1586667186.803705, 8
1586667186.816452, 9
1586667186.830544, 8
1586667186.845797, 9
1586667186.860327, 8
1586667186.875112, 8
1586667186.889529, 8
1586667186.903915, 10
1586667186.918253, 9
1586667186.934268, 10
1586667186.949522, 9
1586667186.964139, 10
1586667186.977425, 10
1586667186.991918, 10
1586667187.006601, 10
1586667187.021408, 11
1586667187.035693, 11
1586667187.050431, 11
1586667187.065394, 11
1586667187.079487, 11
1586667187.093068, 10
1586667187.107209, 12
1586667187.122240, 12
1586667187.136896, 14
1586667187.151326, 12
1586667187.166278, 12
1586667187.180396, 12
1586667187.194175, 12
1586667187.208048, 12
1586667187.221313, 12
1586667187.236081, 14
1586667187.250551, 14
1586667187.265113, 13
1586667187.279711, 14
1586667187.293907, 14
1586667187.308768, 13
1586667187.323618, 15
1586667187.338679, 16
1586667187.352842, 16
1586667187.366759, 16
1586667187.381664, 14
1586667187.395400, 14
1586667187.409804, 15
1586667187.424125, 16
1586667187.439565, 16
1586667187.453828, 16
1586667187.468303, 17
1586667187.481783, 16
1586667187.495942, 15
1586667187.510539, 15
1586667187.524878, 16
1586667187.539908, 17
1586667187.554604, 17
1586667187.568972, 17
1586667187.582786, 17
1586667187.596619, 16
1586667187.610199, 16
1586667187.622584, 17
1586667187.636825, 17
1586667187.650785, 18
1586667187.664683, 17
1586667187.677758, 18
1586667187.691557, 17
1586667187.705789, 18
1586667187.719933, 18
1586667187.733952, 17
1586667187.747960, 18
1586667187.762130, 20
1586667187.775849, 20
1586667187.789343, 19
1586667187.803295, 18
1586667187.817881, 18
1586667187.832470, 19
1586667187.847622, 20
1586667187.862381, 18
1586667187.876859, 18
1586667187.890964, 17
1586667187.905731, 18
1586667187.920452, 18
1586667187.935022, 18
1586667187.949146, 20
1586667187.963372, 19
1586667187.978198, 12
1586667187.992045, 7
1586667188.006199, 7
1586667188.020744, 6
1586667188.034325, 7
1586667188.049050, 7
1586667188.063767, 6
1586667188.078031, 8
1586667188.093437, 7
1586667188.108508, 7
1586667188.122404, 7
1586667188.136101, 7
1586667188.150656, 9
1586667188.165454, 8
1586667188.180357, 8
1586667188.195243, 9
1586667188.209084, 9
1586667188.223915, 9
1586667188.237665, 9
1586667188.251234, 10
1586667188.265817, 13
1586667188.280436, 9
1586667188.295514, 10
1586667188.309895, 10
1586667188.324353, 10
1586667188.339095, 10
1586667188.353622, 11
1586667188.368293, 11
1586667188.383089, 12
1586667188.398114, 11
1586667188.412113, 12
1586667188.426623, 11
1586667188.441882, 12
1586667188.455872, 13
1586667188.470280, 14
1586667188.485045, 13
1586667188.499349, 12
1586667188.512834, 12
1586667188.526456, 13
1586667188.539276, 13
1586667188.553324, 15
1586667188.567667, 14
1586667188.582219, 13
1586667188.595715, 13
1586667188.609523, 13
1586667188.623012, 12
1586667188.637303, 14
1586667188.651959, 15
1586667188.666165, 15
1586667188.680323, 15
1586667188.693820, 14
1586667188.707959, 14
1586667188.721890, 14
1586667188.736197, 14
1586667188.750580, 17
1586667188.765439, 17
1586667188.779694, 17
1586667188.793034, 16
1586667188.806990, 15
1586667188.821769, 16
1586667188.836251, 15
1586667188.850879, 17
1586667188.865812, 18
1586667188.881356, 17
1586667188.895694, 16
1586667188.910328, 17
1586667188.924713, 16
1586667188.939191, 17
1586667188.951763, 17
1586667188.965782, 19
1586667188.981584, 19
1586667188.995400, 18
1586667189.010092, 17
1586667189.024012, 17
1586667189.038279, 18
1586667189.051931, 18
1586667189.066372, 18
1586667189.080081, 19
1586667189.095318, 19
1586667189.110615, 18
1586667189.124997, 18
1586667189.138936, 19
1586667189.152283, 19
1586667189.167438, 20
1586667189.181967, 19
1586667189.196365, 19
1586667189.210358, 19
1586667189.225487, 18
1586667189.239337, 18
1586667189.254299, 20
1586667189.266920, 20
1586667189.281570, 20
1586667189.295647, 17
1586667189.309772, 12
1586667189.322807, 7
1586667189.338016, 7
1586667189.352483, 7
1586667189.366956, 7
1586667189.381616, 6
1586667189.396321, 7
1586667189.411473, 7
1586667189.425896, 7
1586667189.440163, 7
1586667189.456016, 9
1586667189.470830, 9
1586667189.484954, 9
1586667189.499077, 8
1586667189.513572, 9
1586667189.528138, 9
1586667189.543146, 8
1586667189.558318, 11
1586667189.571904, 11
1586667189.586516, 9
1586667189.601101, 9
1586667189.615416, 10
1586667189.630140, 11
1586667189.645118, 9
1586667189.659525, 11
1586667189.673981, 11
1586667189.688213, 11
1586667189.702678, 10
1586667189.717084, 12
1586667189.731378, 11
1586667189.746407, 11
1586667189.761260, 12
1586667189.775820, 13
1586667189.790751, 12
1586667189.805963, 12
1586667189.819832, 12
1586667189.833791, 12
1586667189.848417, 13
1586667189.863026, 13
1586667189.877448, 14
1586667189.892208, 13
1586667189.906475, 13
1586667189.920883, 13
1586667189.935773, 14
1586667189.950406, 13
1586667189.964800, 14
1586667189.979391, 14
1586667189.994724, 15
1586667190.008720, 14
1586667190.023432, 13
1586667190.037908, 13
1586667190.051402, 15
1586667190.066000, 16
1586667190.080745, 16
1586667190.095855, 15
1586667190.109982, 15
1586667190.124947, 15
1586667190.139542, 15
1586667190.152874, 16
1586667190.167356, 16
1586667190.182037, 17
1586667190.196687, 17
1586667190.211965, 16
1586667190.226898, 16
1586667190.241386, 17
1586667190.255910, 15
1586667190.271261, 18
1586667190.286922, 18
1586667190.302486, 16
1586667190.317701, 17
1586667190.333153, 17
1586667190.347824, 17
1586667190.361821, 17
1586667190.375612, 18
1586667190.389831, 18
1586667190.404857, 19
1586667190.419433, 18
1586667190.434416, 18
1586667190.450692, 18
1586667190.465121, 19
1586667190.479636, 20
1586667190.492963, 19
1586667190.507171, 18
1586667190.521621, 18
1586667190.536079, 19
1586667190.551121, 20
1586667190.565798, 20
1586667190.580218, 18
1586667190.594015, 19
1586667190.608942, 18
1586667190.623913, 18
1586667190.638791, 17
1586667190.652144, 18
1586667190.666903, 18
1586667190.681534, 14
1586667190.695893, 9
1586667190.709942, 7
1586667190.724059, 5
1586667190.739204, 7
1586667190.753727, 7
1586667190.768366, 8
1586667190.783169, 8
1586667190.798555, 8
1586667190.813182, 7
1586667190.827642, 8
1586667190.842120, 8
1586667190.855862, 9
1586667190.870913, 10
1586667190.884841, 8
1586667190.899054, 10
1586667190.913208, 10
1586667190.927630, 8
1586667190.941986, 10
1586667190.954408, 10
1586667190.966822, 12
1586667190.981093, 11
1586667190.994902, 11
1586667191.009281, 11
1586667191.022597, 10
1586667191.036624, 12
1586667191.051450, 10
1586667191.065223, 11
1586667191.079626, 12
1586667191.093154, 12
1586667191.106006, 12
1586667191.120223, 12
1586667191.134895, 12
1586667191.149277, 12
1586667191.163515, 12
1586667191.177982, 14
1586667191.192055, 14
1586667191.206508, 13
1586667191.221534, 14
1586667191.235444, 14
1586667191.249482, 14
1586667191.262786, 13
1586667191.278036, 13
1586667191.293258, 14
1586667191.306888, 14
1586667191.321339, 13
1586667191.336102, 13
1586667191.351081, 16
1586667191.366017, 14
1586667191.380215, 15
1586667191.393928, 16
1586667191.408422, 14
1586667191.422300, 15
1586667191.436348, 16
1586667191.451728, 15
1586667191.465674, 16
1586667191.479886, 16
1586667191.493581, 15
1586667191.506669, 17
1586667191.520878, 16
1586667191.534689, 16
1586667191.549058, 16
1586667191.562378, 17
1586667191.577379, 18
1586667191.591802, 17
1586667191.605123, 18
1586667191.619836, 17
1586667191.634885, 17
1586667191.649413, 17
1586667191.663973, 16
1586667191.679100, 19
1586667191.693491, 18
1586667191.707916, 18
1586667191.722378, 17
1586667191.736048, 17
1586667191.748716, 17
1586667191.760758, 19
1586667191.772616, 18
1586667191.784914, 20
1586667191.799624, 19
1586667191.812696, 20
1586667191.827449, 18
1586667191.842695, 19
1586667191.857580, 19
1586667191.871247, 18
1586667191.885104, 20
1586667191.899367, 19
1586667191.912362, 19
1586667191.925493, 20
1586667191.937906, 17
1586667191.950388, 19
1586667191.964015, 19
1586667191.978351, 19
1586667191.993460, 19
1586667192.007926, 14
1586667192.022081, 8
1586667192.036345, 6
1586667192.050802, 7
1586667192.064607, 6
1586667192.078957, 8
1586667192.093236, 8
1586667192.106250, 6
1586667192.120214, 8
1586667192.132645, 8
1586667192.145864, 8
1586667192.160423, 8
1586667192.175437, 8
1586667192.189837, 10
1586667192.204278, 9
1586667192.218876, 9
1586667192.233074, 9
1586667192.246727, 10
1586667192.261464, 9
1586667192.274709, 10
1586667192.288836, 10
1586667192.303413, 10
1586667192.318345, 11
1586667192.332465, 10
1586667192.346138, 12
1586667192.361410, 11
1586667192.375294, 10
1586667192.390860, 13
1586667192.405447, 12
1586667192.418890, 12
1586667192.433311, 11
1586667192.447038, 12
1586667192.462611, 12
1586667192.476746, 12
1586667192.491246, 13
1586667192.504983, 14
1586667192.518180, 13
1586667192.533070, 13
1586667192.548143, 12
1586667192.561482, 13
1586667192.574129, 13
1586667192.588181, 14
1586667192.602859, 14
1586667192.617817, 14
1586667192.631905, 14
1586667192.645073, 15
1586667192.659477, 14
1586667192.672769, 14
1586667192.686250, 16
1586667192.700083, 15
1586667192.714818, 15
1586667192.730095, 14
1586667192.745241, 15
1586667192.758782, 16
1586667192.772772, 14
1586667192.787644, 17
1586667192.802153, 17
1586667192.816970, 17
1586667192.831765, 15
1586667192.846369, 16
1586667192.861265, 16
1586667192.876085, 17
1586667192.890935, 17
1586667192.904422, 17
1586667192.919520, 17
1586667192.934700, 15
1586667192.949640, 17
1586667192.965475, 17
1586667192.979001, 17
1586667192.992934, 18
1586667193.006678, 19
1586667193.021876, 18
1586667193.035494, 17
1586667193.049990, 17
1586667193.064559, 17
1586667193.080065, 18
1586667193.094675, 19
1586667193.109125, 19
1586667193.123543, 19
1586667193.137568, 19
1586667193.151694, 18
1586667193.166128, 18
1586667193.180581, 20
1586667193.193940, 19
1586667193.207916, 20
1586667193.222849, 18
1586667193.236486, 18
1586667193.250813, 18
1586667193.265778, 17
1586667193.279867, 16
1586667193.295009, 19
1586667193.309400, 15
1586667193.323799, 12
1586667193.336785, 9
1586667193.351764, 6
1586667193.365128, 7
1586667193.378622, 6
1586667193.393485, 7
1586667193.408282, 6
1586667193.422374, 6
1586667193.435807, 7
1586667193.451387, 7
1586667193.465840, 7
1586667193.480771, 8
1586667193.495169, 9
1586667193.509777, 8
1586667193.523290, 9
1586667193.537721, 10
1586667193.552093, 8
1586667193.566786, 8
1586667193.581850, 10
1586667193.596663, 10
1586667193.610892, 11
1586667193.624218, 10
1586667193.637361, 9
1586667193.651191, 10
1586667193.665038, 10
1586667193.678067, 10
1586667193.691940, 12
1586667193.706514, 13
1586667193.721011, 11
1586667193.735217, 10
1586667193.749346, 11
1586667193.763623, 11
1586667193.778641, 12
1586667193.793726, 12
1586667193.807523, 14
1586667193.821748, 12
1586667193.835659, 13
1586667193.850894, 12
1586667193.865899, 13
1586667193.879568, 14
1586667193.893924, 13
1586667193.909100, 14
1586667193.922950, 14
1586667193.937757, 13
1586667193.952244, 14
1586667193.966897, 13
1586667193.981738, 15
1586667193.995573, 16
1586667194.009745, 15
1586667194.024053, 15
1586667194.037746, 14
1586667194.051901, 14
1586667194.066449, 14
1586667194.081688, 16
1586667194.095664, 17
1586667194.109760, 16
1586667194.123997, 16
1586667194.138041, 16
1586667194.152007, 16
1586667194.165838, 15
1586667194.180812, 16
1586667194.195186, 17
1586667194.209778, 17
1586667194.224522, 17
1586667194.239063, 16
1586667194.253179, 16
1586667194.267296, 17
1586667194.282210, 15
1586667194.297255, 17
1586667194.311217, 18
1586667194.326174, 18
1586667194.341251, 17
1586667194.355510, 17
1586667194.370906, 17
1586667194.385493, 18
1586667194.399955, 18
1586667194.413616, 18
1586667194.428634, 20
1586667194.443024, 18
1586667194.457869, 18
1586667194.472720, 18
1586667194.486746, 18
1586667194.500715, 20
1586667194.515647, 19
1586667194.530455, 19
1586667194.544340, 18
1586667194.558893, 19
1586667194.573107, 18
1586667194.585741, 18
1586667194.599995, 20
1586667194.614272, 19
1586667194.628073, 18
1586667194.643459, 10
1586667194.658439, 8
1586667194.672953, 7
1586667194.687073, 5
1586667194.700791, 8
1586667194.714944, 7
1586667194.729193, 8
1586667194.743765, 7
1586667194.757149, 8
1586667194.771625, 8
1586667194.786534, 8
1586667194.801077, 9
1586667194.815632, 10
1586667194.829603, 9
1586667194.843934, 9
1586667194.858738, 8
1586667194.873447, 8
1586667194.886000, 10
1586667194.900008, 11
1586667194.914888, 11
1586667194.927236, 10
1586667194.941188, 10
1586667194.953339, 11
1586667194.967990, 11
1586667194.982672, 12
1586667194.995769, 11
1586667195.009414, 11
1586667195.024018, 11
1586667195.038657, 11
1586667195.053766, 11
1586667195.068822, 11
1586667195.083089, 11
1586667195.096834, 11
1586667195.111015, 15
1586667195.125540, 14
1586667195.139313, 12
1586667195.153845, 12
1586667195.169939, 13
1586667195.185492, 11
1586667195.200441, 15
1586667195.215548, 14
1586667195.230720, 14
1586667195.246201, 13
1586667195.260447, 11
1586667195.275047, 13
1586667195.288920, 14
1586667195.303729, 15
1586667195.317717, 14
1586667195.332072, 15
1586667195.346355, 15
1586667195.361883, 14
1586667195.376667, 14
1586667195.390274, 14
1586667195.404475, 16
1586667195.418053, 16
1586667195.431994, 17
1586667195.445853, 15
1586667195.460032, 16
1586667195.475380, 15
1586667195.489811, 16
1586667195.504014, 18
1586667195.517735, 17
1586667195.531920, 17
1586667195.545464, 16
1586667195.559482, 16
1586667195.574120, 16
1586667195.588880, 16
1586667195.603796, 17
1586667195.617720, 17
1586667195.631671, 19
1586667195.644917, 17
1586667195.659497, 17
1586667195.673534, 17
1586667195.687023, 16
1586667195.701155, 18
1586667195.715312, 19
1586667195.730046, 19
1586667195.744642, 17
1586667195.759410, 19
1586667195.773644, 18
1586667195.788123, 18
1586667195.802507, 18
1586667195.815270, 18
1586667195.830133, 19
1586667195.844924, 18
1586667195.859847, 18
1586667195.874212, 18
1586667195.888435, 19
1586667195.902911, 19
1586667195.917966, 16
1586667195.932033, 12
1586667195.945236, 6
1586667195.959661, 7
1586667195.973938, 6
1586667195.988680, 6
1586667196.002747, 8
1586667196.015857, 9
1586667196.030353, 8
1586667196.045391, 7
1586667196.060262, 7
1586667196.074811, 8
1586667196.089749, 8
1586667196.104086, 9
1586667196.117310, 10
1586667196.131702, 8
1586667196.145665, 9
1586667196.159908, 8
1586667196.174903, 9
1586667196.189395, 9
1586667196.203887, 9
1586667196.217311, 10
1586667196.231397, 10
1586667196.246013, 11
1586667196.260495, 9
1586667196.274620, 11
1586667196.290587, 10
1586667196.304936, 11
1586667196.318149, 12
1586667196.332236, 13
1586667196.345759, 11
1586667196.360445, 11
1586667196.374365, 11
1586667196.388724, 12
1586667196.403299, 13
1586667196.416810, 13
1586667196.430855, 13
1586667196.444898, 12
1586667196.459814, 13
1586667196.474093, 12
1586667196.489037, 14
1586667196.504134, 13
1586667196.519062, 15
1586667196.533778, 14
1586667196.548189, 13
1586667196.562914, 13
1586667196.577354, 15
1586667196.591639, 14
1586667196.605017, 14
1586667196.620228, 15
1586667196.635224, 15
1586667196.650377, 14
1586667196.665567, 14
1586667196.680211, 15
1586667196.694967, 15
1586667196.709996, 16
1586667196.724200, 16
1586667196.738376, 16
1586667196.752461, 16
1586667196.766787, 15
1586667196.781933, 15
1586667196.796736, 16
1586667196.811196, 17
1586667196.825438, 16
1586667196.839409, 18
1586667196.853660, 16
1586667196.868440, 16
1586667196.881825, 17
1586667196.895659, 16
1586667196.910753, 19
1586667196.925719, 18
1586667196.940925, 19
1586667196.955185, 19
1586667196.968833, 17
1586667196.982764, 18
1586667196.997647, 19
1586667197.012849, 19
1586667197.028146, 19
1586667197.043149, 19
1586667197.058146, 18
1586667197.073165, 18
1586667197.087272, 18
1586667197.102229, 18
1586667197.116396, 19
1586667197.131468, 19
1586667197.146224, 19
1586667197.160214, 19
1586667197.175770, 18
1586667197.191144, 19
1586667197.205090, 18
1586667197.218581, 19
1586667197.232898, 20
1586667197.246636, 20
1586667197.261439, 17
1586667197.275959, 10
1586667197.289886, 6
1586667197.304269, 5
1586667197.317988, 3
1586667197.332465, 2
1586667197.347560, 2
1586667197.361994, 2
1586667197.376591, 3
1586667197.392221, 1
1586667197.406696, 2
1586667197.420955, 3
1586667197.434964, 2
1586667197.449854, 2
1586667197.463874, 3
1586667197.478494, 2
1586667197.493255, 3
1586667197.507310, 2
1586667197.521723, 5
1586667197.536381, 3
1586667197.550003, 4
1586667197.564190, 3
1586667197.578858, 5
1586667197.593811, 4
1586667197.607650, 4
1586667197.621826, 5
1586667197.636092, 5
1586667197.650630, 5
1586667197.665357, 5
1586667197.679219, 5
1586667197.693843, 7
1586667197.707827, 6
1586667197.722179, 8
1586667197.736548, 7
1586667197.751588, 7
1586667197.766241, 7
1586667197.780326, 7
1586667197.795057, 8
1586667197.809443, 8
1586667197.823785, 8
1586667197.838527, 10
1586667197.851493, 8
1586667197.866651, 9
1586667197.881029, 8
1586667197.895157, 10
1586667197.910076, 10
1586667197.924182, 10
1586667197.938132, 10
1586667197.952644, 10
1586667197.966999, 10
1586667197.980447, 10
1586667197.994878, 10
1586667198.007939, 11
1586667198.022184, 12
1586667198.036857, 12
1586667198.051968, 10
1586667198.066899, 12
1586667198.081588, 11
1586667198.096202, 11
1586667198.110942, 11
1586667198.125678, 13
1586667198.139881, 13
1586667198.153910, 12
1586667198.168201, 13
1586667198.182639, 12
1586667198.197276, 12
1586667198.211337, 13
1586667198.225818, 14
1586667198.240379, 14
1586667198.254948, 15
1586667198.267650, 13
1586667198.280723, 14
1586667198.293509, 13
1586667198.306628, 15
1586667198.319258, 15
1586667198.333089, 15
1586667198.346160, 16
1586667198.359669, 15
1586667198.371966, 15
1586667198.385194, 13
1586667198.398414, 15
1586667198.411335, 15
1586667198.423686, 16
1586667198.436124, 16
1586667198.448853, 16
1586667198.461474, 16
1586667198.474491, 16
1586667198.487535, 16
1586667198.499678, 15
1586667198.512125, 17
1586667198.524710, 18
1586667198.538418, 16
1586667198.550864, 18
1586667198.563651, 16
1586667198.576689, 17
1586667198.589725, 16
1586667198.602729, 17
1586667198.617598, 17
1586667198.631588, 18
1586667198.646162, 18
1586667198.659894, 17
1586667198.675278, 17
1586667198.690107, 18
1586667198.704125, 17
1586667198.717476, 17
1586667198.731990, 18
1586667198.747633, 19
1586667198.762347, 19
1586667198.774887, 19
1586667198.788869, 18
1586667198.802835, 19
1586667198.817584, 18
1586667198.831501, 18
1586667198.845673, 19
1586667198.859005, 19
1586667198.874232, 18
1586667198.888971, 18
1586667198.903302, 18
1586667198.917765, 18
1586667198.933290, 19
1586667198.947631, 14
1586667198.960538, 8
1586667198.974501, 5
1586667198.988849, 6
1586667199.003172, 6
1586667199.016899, 6
1586667199.031280, 8
1586667199.045860, 7
1586667199.059670, 7
1586667199.073859, 7
1586667199.087151, 9
1586667199.100488, 8
1586667199.114888, 8
1586667199.128240, 10
1586667199.143252, 10
1586667199.158018, 9
1586667199.172389, 8
1586667199.186634, 9
1586667199.201257, 10
1586667199.215889, 10
1586667199.230330, 11
1586667199.244855, 11
1586667199.259333, 11
1586667199.274152, 10
1586667199.288109, 10
1586667199.302465, 11
1586667199.316484, 12
1586667199.330995, 11
1586667199.344638, 11
1586667199.358327, 12
1586667199.372737, 11
1586667199.386746, 11
1586667199.399763, 11
1586667199.412897, 13
1586667199.425603, 12
1586667199.438267, 13
1586667199.452500, 14
1586667199.466412, 13
1586667199.480607, 12
1586667199.495229, 12
1586667199.509690, 13
1586667199.524147, 13
1586667199.538063, 15
1586667199.552114, 14
1586667199.567129, 13
1586667199.582176, 14
1586667199.596378, 13
1586667199.611576, 15
1586667199.625951, 14
1586667199.641075, 17
1586667199.655554, 15
1586667199.670988, 15
1586667199.685211, 15
1586667199.698200, 15
1586667199.711848, 16
1586667199.724375, 15
1586667199.736489, 17
1586667199.748805, 17
1586667199.761188, 17
1586667199.773324, 14
1586667199.785447, 14
1586667199.797544, 16
1586667199.809781, 15
1586667199.822186, 16
1586667199.834883, 16
1586667199.847119, 18
1586667199.859624, 18
1586667199.873216, 16
1586667199.887861, 17
1586667199.902907, 16
1586667199.917222, 17
1586667199.931409, 18
1586667199.946504, 18
1586667199.961193, 19
1586667199.976338, 19
1586667199.991209, 18
1586667200.007260, 17
1586667200.020161, 18
1586667200.035262, 18
1586667200.049372, 19
1586667200.063375, 19
1586667200.078734, 19
1586667200.092877, 17
1586667200.106956, 18
1586667200.121128, 18
1586667200.135568, 17
1586667200.150558, 18
1586667200.165050, 17
1586667200.179785, 17
1586667200.193269, 10
1586667200.207967, 6
1586667200.222453, 6
1586667200.236754, 6
1586667200.251437, 7
1586667200.266285, 8
1586667200.281178, 7
1586667200.295502, 7
1586667200.309397, 8
1586667200.323230, 7
1586667200.338384, 8
1586667200.352921, 9
1586667200.366974, 10
1586667200.380999, 8
1586667200.395942, 7
1586667200.409774, 9
1586667200.424348, 9
1586667200.437718, 10
1586667200.451874, 10
1586667200.466751, 9
1586667200.481617, 11
1586667200.496186, 10
1586667200.510540, 10
1586667200.523978, 10
1586667200.537679, 11
1586667200.552084, 12
1586667200.567081, 11
1586667200.581884, 11
1586667200.595835, 11
1586667200.608850, 12
1586667200.623330, 10
1586667200.637872, 11
1586667200.651959, 12
1586667200.665079, 13
1586667200.678046, 13
1586667200.692672, 12
1586667200.707388, 12
1586667200.722170, 12
1586667200.736855, 11
1586667200.751964, 14
1586667200.766022, 14
1586667200.780159, 15
1586667200.794480, 14
1586667200.808563, 13
1586667200.823196, 13
1586667200.837278, 13
1586667200.851594, 16
1586667200.865925, 15
1586667200.879348, 16
1586667200.893724, 14
1586667200.908384, 14
1586667200.923632, 14
1586667200.937638, 14
1586667200.952212, 17
1586667200.966856, 15
1586667200.981608, 14
1586667200.996594, 16
1586667201.010998, 15
1586667201.026633, 15
1586667201.040029, 15
1586667201.054046, 17
1586667201.067244, 17
1586667201.080850, 17
1586667201.095577, 16
1586667201.109057, 16
1586667201.123023, 17
1586667201.135974, 17
1586667201.151128, 17
1586667201.165031, 17
1586667201.177980, 19
1586667201.192724, 17
1586667201.206999, 17
1586667201.220930, 17
1586667201.235376, 18
1586667201.250335, 19
1586667201.265260, 19
1586667201.279104, 18
1586667201.294092, 18
1586667201.308367, 18
1586667201.321148, 18
1586667201.335177, 19
1586667201.348757, 18
1586667201.362591, 19
1586667201.377010, 18
1586667201.390616, 18
1586667201.405575, 17
1586667201.420203, 19
1586667201.435547, 18
1586667201.450631, 18
1586667201.465054, 19
1586667201.479471, 14
1586667201.493306, 8
1586667201.508002, 6
1586667201.522095, 5
1586667201.535858, 6
1586667201.550475, 6
1586667201.565182, 8
1586667201.579584, 7
1586667201.593722, 7
1586667201.608569, 8
1586667201.622040, 9
1586667201.636269, 8
1586667201.648852, 8
1586667201.661334, 10
1586667201.675471, 9
1586667201.690502, 9
1586667201.705070, 8
1586667201.719703, 9
1586667201.734089, 9
1586667201.748324, 9
1586667201.762612, 10
1586667201.776914, 11
1586667201.790807, 11
1586667201.805425, 9
1586667201.820609, 10
1586667201.835275, 10
1586667201.849668, 11
1586667201.864443, 12
1586667201.878690, 13
1586667201.893502, 12
1586667201.908024, 11
1586667201.922571, 11
1586667201.937059, 12
1586667201.951439, 12
1586667201.966177, 13
1586667201.980804, 13
1586667201.995536, 13
1586667202.009873, 12
1586667202.024814, 12
1586667202.037963, 12
1586667202.052773, 14
1586667202.068376, 14
1586667202.083361, 14
1586667202.097374, 13
1586667202.111354, 14
1586667202.125386, 14
1586667202.140105, 14
1586667202.154187, 14
1586667202.168619, 16
1586667202.182655, 16
1586667202.197277, 15
1586667202.211472, 15
1586667202.226288, 14
1586667202.241931, 16
1586667202.256623, 15
1586667202.270720, 16
1586667202.285395, 17
1586667202.300946, 15
1586667202.315638, 15
1586667202.330337, 15
1586667202.344514, 17
1586667202.359244, 16
1586667202.373848, 17
1586667202.387755, 17
1586667202.401903, 18
1586667202.416785, 15
1586667202.431514, 16
1586667202.445754, 17
1586667202.460418, 16
1586667202.475589, 17
1586667202.490602, 18
1586667202.504869, 18
1586667202.519235, 18
1586667202.534008, 18
1586667202.548993, 19
1586667202.564079, 18
1586667202.578715, 20
1586667202.593528, 19
1586667202.608177, 18
1586667202.623000, 17
1586667202.637422, 18
1586667202.651626, 17
1586667202.665860, 18
1586667202.679789, 19
1586667202.694288, 19
1586667202.708293, 17
1586667202.722286, 11
1586667202.736439, 7
1586667202.750846, 6
1586667202.764081, 2
1586667202.778632, 1
1586667202.792542, 3
1586667202.807472, 1
1586667202.821469, 2
1586667202.836284, 4
1586667202.851217, 1
1586667202.865793, 3
1586667202.880010, 2
1586667202.894539, 2
1586667202.908829, 4
1586667202.924042, 2
1586667202.939595, 4
1586667202.954316, 2
1586667202.968663, 4
1586667202.983126, 4
1586667202.997445, 4
1586667203.011465, 3
1586667203.026374, 5
1586667203.041895, 4
1586667203.056669, 5
1586667203.071740, 4
1586667203.086226, 7
1586667203.101425, 4
1586667203.115314, 5
1586667203.129758, 5
1586667203.143432, 6
1586667203.158158, 6
1586667203.173115, 7
1586667203.187391, 8
1586667203.200654, 8
1586667203.215650, 7
1586667203.230628, 7
1586667203.245245, 8
1586667203.260216, 7
1586667203.274896, 7
1586667203.289495, 9
1586667203.304272, 8
1586667203.318938, 9
1586667203.333115, 9
1586667203.347946, 9
1586667203.363004, 10
1586667203.377904, 9
1586667203.393402, 9
1586667203.407875, 11
1586667203.421931, 11
1586667203.436311, 10
1586667203.450051, 9
1586667203.463668, 10
1586667203.475921, 11
1586667203.490332, 11
1586667203.504826, 11
1586667203.519596, 11
1586667203.534130, 12
1586667203.546822, 11
1586667203.562116, 12
1586667203.577488, 12
1586667203.590884, 14
1586667203.605816, 13
1586667203.619664, 12
1586667203.632599, 13
1586667203.646839, 12
1586667203.660154, 12
1586667203.675027, 13
1586667203.689995, 14
1586667203.704815, 14
1586667203.719172, 13
1586667203.733505, 14
1586667203.748107, 13
1586667203.762444, 15
1586667203.776934, 14
1586667203.791649, 14
1586667203.806077, 16
1586667203.820743, 14
1586667203.835163, 14
1586667203.849765, 14
1586667203.864369, 15
1586667203.878088, 16
1586667203.892119, 17
1586667203.906526, 17
1586667203.919630, 16
1586667203.933239, 16
1586667203.947973, 14
1586667203.962889, 15
1586667203.977005, 17
1586667203.990709, 18
1586667204.004624, 17
1586667204.018727, 18
1586667204.031839, 17
1586667204.045995, 16
1586667204.060206, 16
1586667204.074587, 16
1586667204.088854, 18
1586667204.102054, 19
1586667204.115835, 18
1586667204.130095, 17
1586667204.144791, 17
1586667204.159066, 17
1586667204.173698, 17
1586667204.187852, 18
1586667204.202016, 19
1586667204.216889, 19
1586667204.231968, 18
1586667204.245820, 19
1586667204.259400, 19
1586667204.273565, 19
1586667204.287605, 20
1586667204.301142, 19
1586667204.315050, 20
1586667204.328966, 19
1586667204.343662, 18
1586667204.357655, 18
1586667204.372519, 19
1586667204.386950, 19
1586667204.401005, 19
1586667204.414312, 20
1586667204.428224, 19
1586667204.442460, 16
1586667204.456797, 9
1586667204.471096, 6
1586667204.484610, 7
1586667204.499080, 7
1586667204.513807, 6
1586667204.528141, 6
1586667204.542816, 7
1586667204.556826, 7
1586667204.570215, 7
1586667204.584276, 7
1586667204.598609, 9
1586667204.613576, 9
1586667204.627932, 7
1586667204.641311, 9
1586667204.653381, 8
1586667204.665246, 10
1586667204.679807, 8
1586667204.694790, 10
1586667204.709385, 11
1586667204.724107, 9
1586667204.738523, 9
1586667204.752009, 12
1586667204.766444, 11
1586667204.780320, 10
1586667204.794729, 10
1586667204.808985, 12
1586667204.823908, 11
1586667204.838138, 11
1586667204.852356, 12
1586667204.867204, 12
1586667204.880037, 12
1586667204.894318, 12
1586667204.908781, 11
1586667204.923887, 13
1586667204.939089, 12
1586667204.954324, 12
1586667204.969678, 12
1586667204.984535, 12
1586667204.999094, 13
1586667205.013569, 14
1586667205.027458, 12
1586667205.043223, 14
1586667205.056992, 13
1586667205.070495, 13
1586667205.084752, 14
1586667205.098789, 15
1586667205.113276, 16
1586667205.127830, 13
1586667205.141196, 14
1586667205.155641, 14
1586667205.169135, 14
1586667205.182909, 14
1586667205.197195, 15
1586667205.210299, 17
1586667205.224420, 16
1586667205.239266, 15
1586667205.253141, 15
1586667205.267670, 16
1586667205.281095, 16
1586667205.294982, 16
1586667205.310212, 16
1586667205.325083, 18
1586667205.338901, 15
1586667205.353128, 16
1586667205.367435, 17
1586667205.380299, 17
1586667205.394763, 16
1586667205.409179, 18
1586667205.422679, 18
1586667205.437348, 17
1586667205.451590, 17
1586667205.465836, 17
1586667205.479495, 18
1586667205.493887, 18
1586667205.507997, 18
1586667205.521242, 18
1586667205.535516, 18
1586667205.550360, 18
1586667205.564375, 18
1586667205.578670, 18
1586667205.592809, 18
1586667205.607011, 20
1586667205.620608, 18
1586667205.635332, 19
1586667205.648103, 18
1586667205.662160, 18
1586667205.676829, 18
1586667205.691398, 18
1586667205.705683, 19
1586667205.719952, 20
1586667205.734096, 18
1586667205.748492, 18
1586667205.761785, 12
1586667205.776580, 8
1586667205.790669, 7
1586667205.804127, 8
1586667205.818149, 6
1586667205.833036, 8
1586667205.847468, 7
1586667205.860846, 6
1586667205.875446, 7
1586667205.889942, 7
1586667205.904397, 9
1586667205.918801, 7
1586667205.933549, 9
1586667205.948067, 8
1586667205.962446, 8
1586667205.977279, 8
1586667205.992075, 9
1586667206.006978, 10
1586667206.020748, 10
1586667206.034970, 10
1586667206.049635, 11
1586667206.063701, 11
1586667206.078039, 10
1586667206.091492, 11
1586667206.104838, 12
1586667206.118999, 11
1586667206.132834, 12
1586667206.147840, 11
1586667206.162500, 11
1586667206.176981, 11
1586667206.191308, 11
1586667206.206214, 12
1586667206.220839, 12
1586667206.235656, 12
1586667206.249267, 11
1586667206.263511, 13
1586667206.278598, 12
1586667206.293259, 12
1586667206.307436, 12
1586667206.321905, 14
1586667206.336381, 15
1586667206.349980, 14
1586667206.363998, 13
1586667206.379270, 13
1586667206.392979, 14
1586667206.407726, 14
1586667206.422366, 14
1586667206.437431, 16
1586667206.452947, 15
1586667206.467205, 14
1586667206.482284, 14
1586667206.497147, 15
1586667206.510789, 16
1586667206.525144, 16
1586667206.539517, 17
1586667206.553524, 15
1586667206.567269, 15
1586667206.581004, 15
1586667206.595206, 15
1586667206.610305, 16
1586667206.625569, 16
1586667206.640166, 17
1586667206.654504, 17
1586667206.668745, 16
1586667206.683218, 17
1586667206.697929, 16
1586667206.712146, 17
1586667206.726465, 16
1586667206.740862, 17
1586667206.756139, 17
1586667206.770033, 17
1586667206.784895, 17
1586667206.799304, 17
1586667206.814570, 19
1586667206.829566, 18
1586667206.844427, 19
1586667206.858772, 17
1586667206.872577, 18
1586667206.886106, 17
1586667206.898845, 18
1586667206.914251, 19
1586667206.928487, 19
1586667206.943059, 19
1586667206.957899, 18
1586667206.972250, 19
1586667206.986808, 19
1586667207.001423, 19
1586667207.016350, 19
1586667207.030921, 18
1586667207.045510, 19
1586667207.061126, 18
1586667207.075360, 18
1586667207.090064, 19
1586667207.104784, 18
1586667207.118703, 19
1586667207.131631, 14
1586667207.145135, 8
1586667207.158877, 7
1586667207.172680, 7
1586667207.187075, 8
1586667207.201567, 6
1586667207.215882, 8
1586667207.230044, 9
1586667207.243867, 8
1586667207.258580, 8
1586667207.273352, 8
1586667207.287721, 9
1586667207.301187, 8
1586667207.315956, 9
1586667207.330249, 10
1586667207.344933, 9
1586667207.359969, 9
1586667207.375336, 10
1586667207.390139, 11
1586667207.403862, 11
1586667207.418637, 11
1586667207.432204, 12
1586667207.446133, 10
1586667207.460089, 11
1586667207.474393, 11
1586667207.488925, 10
1586667207.503414, 11
1586667207.517869, 13
1586667207.531550, 12
1586667207.545801, 11
1586667207.559998, 13
1586667207.572741, 13
1586667207.585546, 12
1586667207.600203, 12
1586667207.615088, 14
1586667207.629742, 13
1586667207.644132, 12
1586667207.656072, 14
1586667207.670191, 14
1586667207.683242, 14
1586667207.697748, 14
1586667207.712475, 14
1586667207.726286, 14
1586667207.740545, 14
1586667207.754828, 14
1586667207.769030, 14
1586667207.783655, 14
1586667207.797784, 15
1586667207.812105, 14
1586667207.826373, 15
1586667207.840578, 15
1586667207.854865, 15
1586667207.869996, 15
1586667207.884098, 15
1586667207.898216, 16
1586667207.912478, 15
1586667207.926942, 16
1586667207.941584, 16
1586667207.956741, 16
1586667207.970681, 16
1586667207.985596, 16
1586667207.999580, 16
1586667208.012707, 17
1586667208.026801, 18
1586667208.041103, 18
1586667208.056158, 17
1586667208.070968, 16
1586667208.085636, 17
1586667208.099994, 16
1586667208.115042, 18
1586667208.129505, 18
1586667208.143850, 18
1586667208.158288, 18
1586667208.172818, 17
1586667208.186980, 17
1586667208.201356, 18
1586667208.216010, 18
1586667208.230648, 19
1586667208.245203, 20
1586667208.259930, 19
1586667208.274161, 18
1586667208.288437, 18
1586667208.303054, 18
1586667208.317053, 20
1586667208.331001, 19
1586667208.345381, 19
1586667208.359424, 20
1586667208.372725, 18
1586667208.386875, 19
1586667208.401238, 18
1586667208.415901, 19
1586667208.430522, 19
1586667208.445492, 14
1586667208.459439, 9
1586667208.472317, 6
1586667208.485541, 7
1586667208.499646, 6
1586667208.513086, 7
1586667208.526883, 8
1586667208.541479, 8
1586667208.554237, 8
1586667208.568456, 7
1586667208.582350, 9
1586667208.596687, 7
1586667208.611295, 8
1586667208.625373, 10
1586667208.639569, 10
1586667208.653309, 9
1586667208.667382, 9
1586667208.681677, 9
1586667208.696915, 9
1586667208.711253, 10
1586667208.725845, 9
1586667208.739877, 12
1586667208.752892, 12
1586667208.767707, 10
1586667208.782366, 10
1586667208.797178, 11
1586667208.811766, 12
1586667208.826396, 11
1586667208.840769, 12
1586667208.853350, 13
1586667208.867699, 11
1586667208.881317, 12
1586667208.895429, 11
1586667208.909872, 12
1586667208.923433, 13
1586667208.938483, 13
1586667208.952535, 14
1586667208.965849, 12
1586667208.981230, 14
1586667208.995472, 13
1586667209.010685, 13
1586667209.025637, 14
1586667209.040659, 14
1586667209.053988, 14
1586667209.068048, 13
1586667209.081214, 15
1586667209.095138, 14
1586667209.108783, 14
1586667209.123002, 15
1586667209.137786, 15
1586667209.152288, 15
1586667209.166538, 15
1586667209.181117, 15
1586667209.194538, 16
1586667209.207582, 15
1586667209.221816, 15
1586667209.235912, 17
1586667209.250799, 16
1586667209.265034, 16
1586667209.279758, 14
1586667209.293152, 16
1586667209.307605, 17
1586667209.321171, 17
1586667209.335156, 18
1586667209.349470, 17
1586667209.364219, 17
1586667209.378412, 16
1586667209.392715, 17
1586667209.406914, 18
1586667209.421414, 18
1586667209.435407, 16
1586667209.448097, 18
1586667209.461859, 19
1586667209.477049, 18
1586667209.491340, 17
1586667209.506317, 17
1586667209.520887, 18
1586667209.534352, 19
1586667209.549050, 19
1586667209.563169, 19
1586667209.577260, 19
1586667209.591772, 18
1586667209.605647, 19
1586667209.619738, 18
1586667209.634719, 20
1586667209.648979, 18
1586667209.663518, 19
1586667209.678361, 19
1586667209.692077, 19
1586667209.706494, 18
1586667209.720990, 18
1586667209.735534, 18
1586667209.749561, 20
1586667209.762951, 20
1586667209.777298, 19
1586667209.791098, 14
1586667209.804025, 9
1586667209.818150, 6
1586667209.832304, 6
1586667209.846798, 7
1586667209.861532, 8
1586667209.876281, 7
1586667209.890807, 6
1586667209.904985, 7
1586667209.919078, 9
1586667209.931868, 8
1586667209.945705, 8
1586667209.960179, 9
1586667209.974927, 10
1586667209.989953, 9
1586667210.003677, 8
1586667210.018984, 10
1586667210.032798, 10
1586667210.046965, 10
1586667210.061592, 11
1586667210.076762, 10
1586667210.090092, 11
1586667210.104852, 10
1586667210.119237, 11
1586667210.132743, 11
1586667210.146609, 13
1586667210.161181, 12
1586667210.175911, 11
1586667210.190124, 11
1586667210.203666, 12
1586667210.217328, 11
1586667210.231441, 11
1586667210.245004, 13
1586667210.260390, 13
1586667210.275084, 11
1586667210.289757, 13
1586667210.304422, 12
1586667210.318845, 13
1586667210.332996, 13
1586667210.347179, 15
1586667210.361841, 15
1586667210.376548, 13
1586667210.391059, 13
1586667210.404595, 13
1586667210.419283, 15
1586667210.432005, 14
1586667210.445667, 15
1586667210.459898, 15
1586667210.474402, 15
1586667210.489066, 14
1586667210.503471, 15
1586667210.517850, 15
1586667210.532369, 16
1586667210.545883, 15
1586667210.560142, 16
1586667210.574414, 17
1586667210.588717, 16
1586667210.603039, 15
1586667210.617013, 16
1586667210.632040, 16
1586667210.646384, 16
1586667210.658423, 17
1586667210.672691, 18
1586667210.687539, 16
1586667210.702197, 17
1586667210.717611, 15
1586667210.732648, 17
1586667210.746963, 20
1586667210.761621, 18
1586667210.776536, 17
1586667210.790784, 18
1586667210.805923, 16
1586667210.821462, 17
1586667210.836158, 16
1586667210.850950, 17
1586667210.865111, 13
1586667210.878946, 8
1586667210.893925, 5
1586667210.909413, 6
1586667210.924201, 6
1586667210.938754, 6
1586667210.954060, 7
1586667210.967855, 7
1586667210.981448, 8
1586667210.994352, 7
1586667211.008957, 7
1586667211.023888, 7
1586667211.038251, 8
1586667211.052311, 9
1586667211.066659, 9
1586667211.081059, 8
1586667211.095940, 9
1586667211.110335, 10
1586667211.125313, 8
1586667211.139739, 10
1586667211.152935, 10
1586667211.166787, 11
1586667211.180938, 9
1586667211.195224, 10
1586667211.210017, 11
1586667211.223493, 10
1586667211.237920, 10
1586667211.252364, 12
1586667211.267863, 11
1586667211.282309, 11
1586667211.297618, 11
1586667211.311915, 11
1586667211.325787, 12
1586667211.340216, 11
1586667211.354820, 12
1586667211.369220, 14
1586667211.383177, 12
1586667211.397920, 12
1586667211.412645, 12
1586667211.427004, 13
1586667211.440907, 12
1586667211.456458, 14
1586667211.471109, 14
1586667211.485385, 13
1586667211.499860, 13
1586667211.514513, 13
1586667211.528569, 13
1586667211.541539, 13
1586667211.556056, 15
1586667211.569565, 14
1586667211.583431, 16
1586667211.598831, 15
1586667211.613465, 13
1586667211.628382, 14
1586667211.642675, 14
1586667211.656215, 16
1586667211.669990, 16
1586667211.684523, 16
1586667211.699007, 16
1586667211.713491, 15
1586667211.728204, 15
1586667211.742922, 16
1586667211.757347, 16
1586667211.772107, 17
1586667211.786898, 17
1586667211.801549, 16
1586667211.816301, 17
1586667211.830817, 16
1586667211.845624, 16
1586667211.860296, 17
1586667211.874024, 18
1586667211.888763, 19
1586667211.902760, 17
1586667211.917732, 18
1586667211.932012, 16
1586667211.946908, 17
1586667211.961671, 19
1586667211.976641, 19
1586667211.989596, 19
1586667212.004159, 17
1586667212.018524, 18
1586667212.033210, 18
1586667212.048242, 18
1586667212.063115, 19
1586667212.078081, 20
1586667212.092693, 19
1586667212.107138, 18
1586667212.121871, 19
1586667212.137099, 19
1586667212.151873, 19
1586667212.166620, 19
1586667212.181325, 17
1586667212.195215, 18
1586667212.209146, 18
1586667212.223586, 18
1586667212.237559, 18
1586667212.250471, 19
1586667212.263686, 19
1586667212.278024, 18
1586667212.292577, 10
1586667212.306899, 7
1586667212.321306, 7
1586667212.336053, 7
1586667212.349949, 6
1586667212.364164, 9
1586667212.378944, 8
1586667212.393103, 8
1586667212.406576, 8
1586667212.421209, 8
1586667212.434856, 8
1586667212.448252, 9
1586667212.463896, 9
1586667212.479794, 9
1586667212.493762, 9
1586667212.508848, 9
1586667212.523305, 10
1586667212.538023, 10
1586667212.552071, 10
1586667212.565417, 11
1586667212.579840, 11
1586667212.593794, 11
1586667212.607945, 10
1586667212.622474, 10
1586667212.637044, 9
1586667212.651814, 12
1586667212.666358, 12
1586667212.680994, 12
1586667212.695409, 12
1586667212.709989, 11
1586667212.723641, 13
1586667212.737887, 13
1586667212.753186, 11
1586667212.768275, 14
1586667212.783221, 13
1586667212.798234, 12
1586667212.812650, 13
1586667212.827314, 14
1586667212.842160, 14
1586667212.855644, 13
1586667212.869942, 15
1586667212.884265, 14
1586667212.898690, 14
1586667212.913235, 13
1586667212.927876, 15
1586667212.942464, 14
1586667212.957502, 14
1586667212.971872, 15
1586667212.985481, 15
1586667213.000358, 16
1586667213.014900, 16
1586667213.029584, 15
1586667213.043800, 15
1586667213.058558, 16
1586667213.073530, 15
1586667213.088465, 16
1586667213.103936, 16
1586667213.118245, 15
1586667213.132809, 16
1586667213.147490, 17
1586667213.162219, 16
1586667213.177070, 18
1586667213.191600, 17
1586667213.206218, 18
1586667213.221020, 16
1586667213.235847, 17
1586667213.250195, 17
1586667213.265051, 17
1586667213.279649, 18
1586667213.294799, 18
1586667213.309747, 18
1586667213.324159, 18
1586667213.338307, 18
1586667213.353046, 17
1586667213.367678, 18
1586667213.382129, 19
1586667213.396721, 19
1586667213.410496, 20
1586667213.424458, 18
1586667213.438759, 18
1586667213.453264, 18
1586667213.468206, 18
1586667213.482354, 18
1586667213.497235, 19
1586667213.511463, 19
1586667213.526113, 18
1586667213.540855, 18
1586667213.553471, 18
1586667213.568091, 18
1586667213.581700, 19
1586667213.597244, 19
1586667213.611620, 17
1586667213.624781, 9
1586667213.637962, 6
1586667213.652886, 8
1586667213.667240, 7
1586667213.682160, 7
1586667213.695837, 8
1586667213.710015, 8
1586667213.723735, 8
1586667213.737182, 8
1586667213.751523, 8
1586667213.764738, 8
1586667213.779205, 9
1586667213.793690, 11
1586667213.808434, 9
1586667213.822410, 9
1586667213.835419, 10
1586667213.849376, 9
1586667213.864449, 9
1586667213.879289, 11
1586667213.893605, 10
1586667213.907365, 11
1586667213.922557, 10
1586667213.935716, 10
1586667213.949854, 11
1586667213.964037, 12
1586667213.977558, 11
1586667213.990199, 12
1586667214.003941, 13
1586667214.017928, 11
1586667214.032392, 11
1586667214.045478, 12
1586667214.059710, 13
1586667214.073609, 13
1586667214.087810, 15
1586667214.103079, 13
1586667214.117683, 12
1586667214.131886, 13
1586667214.145193, 14
1586667214.159467, 13
1586667214.173957, 13
1586667214.188712, 15
1586667214.203301, 13
1586667214.217455, 13
1586667214.231212, 14
1586667214.245455, 14
1586667214.259436, 14
1586667214.274148, 14
1586667214.288447, 15
1586667214.302649, 16
1586667214.316351, 15
1586667214.330531, 14
1586667214.344322, 16
1586667214.358321, 15
1586667214.373100, 15
1586667214.387663, 17
1586667214.402220, 16
1586667214.417422, 17
1586667214.432512, 15
1586667214.446944, 17
1586667214.461618, 16
1586667214.476373, 16
1586667214.491175, 17
1586667214.505999, 17
1586667214.520423, 18
1586667214.532982, 17
1586667214.548019, 17
1586667214.562462, 17
1586667214.577028, 17
1586667214.591909, 18
1586667214.606899, 18
1586667214.620739, 18
1586667214.635188, 17
1586667214.649547, 17
1586667214.664153, 18
1586667214.678530, 17
1586667214.692899, 19
1586667214.707566, 19
1586667214.722586, 19
1586667214.737199, 18
1586667214.751620, 19
1586667214.766609, 18
1586667214.781943, 19
1586667214.794821, 20
1586667214.809278, 20
1586667214.823457, 19
1586667214.838062, 19
1586667214.852409, 18
1586667214.867035, 18
1586667214.881360, 18
1586667214.896080, 19
1586667214.910663, 19
1586667214.925227, 13
1586667214.937366, 7
1586667214.949789, 6
1586667214.963727, 6
1586667214.977049, 7
1586667214.991470, 8
1586667215.005508, 7
1586667215.019583, 6
1586667215.034188, 8
1586667215.049334, 7
1586667215.063797, 8
1586667215.078194, 6
1586667215.090496, 10
1586667215.105138, 8
1586667215.120658, 8
1586667215.135267, 8
1586667215.149901, 10
1586667215.164810, 9
1586667215.179376, 9
1586667215.193721, 10
1586667215.208226, 11
1586667215.222658, 10
1586667215.237373, 10
1586667215.251431, 9
1586667215.265856, 11
1586667215.279710, 10
1586667215.294009, 11
1586667215.308320, 13
1586667215.323101, 11
1586667215.338062, 12
1586667215.352141, 11
1586667215.365719, 11
1586667215.379596, 11
1586667215.393766, 13
1586667215.408601, 13
1586667215.423163, 12
1586667215.437834, 13
1586667215.452364, 12
1586667215.466847, 12
1586667215.482735, 13
1586667215.496047, 14
1586667215.509265, 14
1586667215.522108, 14
1586667215.542849, 15
1586667215.555470, 13
1586667215.568641, 13
1586667215.581347, 13
1586667215.594234, 16
1586667215.607380, 16
1586667215.622825, 14
1586667215.637715, 15
1586667215.652509, 14
1586667215.667326, 15
1586667215.681884, 15
1586667215.696365, 15
1586667215.711065, 17
1586667215.725833, 17
1586667215.741044, 16
1586667215.755840, 15
1586667215.779465, 15
1586667215.811205, 15
1586667215.824104, 17
1586667215.837115, 17
1586667215.850756, 17
1586667215.863622, 17
1586667215.877837, 16
1586667215.892197, 17
1586667215.906701, 17
1586667215.922095, 17
1586667215.936259, 17
1586667215.950830, 18
1586667215.966294, 17
1586667215.980830, 18
1586667215.994811, 17
1586667216.010009, 18
1586667216.024606, 19
1586667216.037257, 18
1586667216.051740, 17
1586667216.065159, 17
1586667216.079539, 18
1586667216.094194, 18
1586667216.108631, 19
1586667216.123234, 19
1586667216.138100, 19
1586667216.152386, 18
1586667216.166941, 19
1586667216.181354, 19
1586667216.196161, 19
1586667216.210239, 19
1586667216.224404, 19
1586667216.238616, 19
1586667216.251331, 19
1586667216.263697, 19
1586667216.277826, 18
1586667216.290472, 18
1586667216.305257, 17
1586667216.319452, 11
1586667216.334148, 8
1586667216.347901, 6
1586667216.362678, 5
1586667216.377287, 7
1586667216.392131, 6
1586667216.407233, 8
1586667216.422404, 8
1586667216.437044, 8
1586667216.451700, 7
1586667216.464932, 7
1586667216.478654, 8
1586667216.492929, 9
1586667216.506050, 8
1586667216.520924, 9
1586667216.535403, 8
1586667216.550176, 9
1586667216.564977, 10
1586667216.579663, 9
1586667216.593975, 9
1586667216.607917, 12
1586667216.622596, 11
1586667216.637700, 9
1586667216.652329, 10
1586667216.664753, 11
1586667216.678654, 10
1586667216.693227, 10
1586667216.706696, 11
1586667216.721281, 12
1586667216.735530, 12
1586667216.749760, 10
1586667216.763797, 11
1586667216.777152, 12
1586667216.791334, 12
1586667216.804956, 11
1586667216.819740, 13
1586667216.834670, 13
1586667216.847745, 12
1586667216.860369, 11
1586667216.873042, 12
1586667216.885899, 14
1586667216.899768, 13
1586667216.914746, 14
1586667216.929700, 15
1586667216.944203, 13
1586667216.959139, 13
1586667216.973661, 13
1586667216.988381, 14
1586667217.003256, 15
1586667217.015561, 16
1586667217.027820, 14
1586667217.043143, 15
1586667217.057695, 15
1586667217.072297, 14
1586667217.086759, 16
1586667217.101264, 15
1586667217.115788, 16
1586667217.130244, 16
1586667217.144629, 17
1586667217.158284, 16
1586667217.172763, 16
1586667217.187313, 15
1586667217.201831, 17
1586667217.214940, 18
1586667217.227986, 17
1586667217.240637, 18
1586667217.254961, 16
1586667217.267654, 17
1586667217.281088, 16
1586667217.294516, 17
1586667217.307604, 17
1586667217.321336, 18
1586667217.335990, 19
1586667217.351533, 18
1586667217.366055, 18
1586667217.380904, 18
1586667217.394004, 18
1586667217.407720, 17
1586667217.421883, 19
1586667217.435906, 20
1586667217.450600, 19
1586667217.465102, 18
1586667217.479553, 18
1586667217.493896, 19
1586667217.508749, 18
1586667217.522871, 19
1586667217.536394, 18
1586667217.550267, 19
1586667217.564007, 19
1586667217.578685, 18
1586667217.593011, 18
1586667217.605895, 18
1586667217.620117, 20
1586667217.635499, 17
1586667217.650151, 10
1586667217.665281, 8
1586667217.679914, 5
1586667217.694085, 5
1586667217.708932, 6
1586667217.723116, 8
1586667217.737328, 8
1586667217.751920, 7
1586667217.766180, 8
1586667217.779705, 8
1586667217.794220, 8
1586667217.807843, 8
1586667217.820591, 10
1586667217.834953, 9
1586667217.849654, 9
1586667217.864291, 9
1586667217.879231, 8
1586667217.893678, 9
1586667217.908632, 9
1586667217.923686, 10
1586667217.938149, 10
1586667217.951846, 11
1586667217.966823, 10
1586667217.981734, 10
1586667217.995728, 11
1586667218.009034, 11
1586667218.023862, 12
1586667218.039191, 12
1586667218.053795, 11
1586667218.068329, 11
1586667218.082302, 11
1586667218.096850, 11
1586667218.111468, 13
1586667218.126027, 13
1586667218.141441, 13
1586667218.156253, 12
1586667218.170557, 12
1586667218.184786, 12
1586667218.198945, 13
1586667218.211751, 14
1586667218.225180, 15
1586667218.237990, 15
1586667218.250415, 14
1586667218.262628, 12
1586667218.274745, 13
1586667218.286735, 12
1586667218.298943, 12
1586667218.311065, 14
1586667218.323411, 15
1586667218.335842, 15
1586667218.348326, 16
1586667218.362598, 14
1586667218.377051, 13
1586667218.392070, 15
1586667218.406482, 14
1586667218.421883, 15
1586667218.436012, 16
1586667218.451421, 16
1586667218.465738, 15
1586667218.480159, 15
1586667218.494418, 14
1586667218.507242, 16
1586667218.519731, 15
1586667218.532421, 18
1586667218.546552, 17
1586667218.558941, 18
1586667218.573424, 16
1586667218.588045, 17
1586667218.602724, 16
1586667218.616207, 16
1586667218.630443, 20
1586667218.645654, 18
1586667218.660428, 18
1586667218.674553, 17
1586667218.687911, 18
1586667218.701750, 16
1586667218.717004, 18
1586667218.731293, 19
1586667218.745940, 18
1586667218.760985, 20
1586667218.775468, 17
1586667218.790070, 19
1586667218.804634, 18
1586667218.819343, 18
1586667218.833393, 20
1586667218.848042, 19
1586667218.862487, 20
1586667218.875450, 18
1586667218.888841, 19
1586667218.901503, 20
1586667218.916167, 19
1586667218.930711, 18
1586667218.945589, 20
1586667218.960078, 20
1586667218.974070, 19
1586667218.987289, 18
1586667219.001649, 18
1586667219.016304, 18
1586667219.031083, 19
1586667219.044992, 14
1586667219.058485, 9
1586667219.072047, 7
1586667219.086463, 8
1586667219.101578, 6
1586667219.115738, 6
1586667219.129581, 8
1586667219.143892, 9
1586667219.158224, 8
1586667219.172970, 7
1586667219.187670, 9
1586667219.202401, 8
1586667219.216737, 8
1586667219.230734, 9
1586667219.244468, 10
1586667219.257570, 9
1586667219.271686, 9
1586667219.285496, 10
1586667219.299847, 9
1586667219.314161, 10
1586667219.328415, 9
1586667219.343844, 10
1586667219.357722, 10
1586667219.371598, 10
1586667219.386197, 10
1586667219.401206, 10
1586667219.415999, 11
1586667219.430347, 11
1586667219.445413, 12
1586667219.459329, 12
1586667219.473510, 12
1586667219.487816, 12
1586667219.501957, 12
1586667219.516227, 12
1586667219.530735, 12
1586667219.544921, 13
1586667219.559890, 12
1586667219.574226, 13
1586667219.589051, 13
1586667219.603732, 13
1586667219.617594, 13
1586667219.631981, 13
1586667219.646128, 14
1586667219.660294, 14
1586667219.674229, 15
1586667219.688808, 14
1586667219.703617, 14
1586667219.718374, 14
1586667219.732576, 14
1586667219.747344, 16
1586667219.762325, 15
1586667219.777229, 14
1586667219.792105, 16
1586667219.806201, 15
1586667219.820314, 15
1586667219.834326, 15
1586667219.848287, 16
1586667219.862761, 16
1586667219.877694, 16
1586667219.891516, 16
1586667219.905208, 17
1586667219.918803, 17
1586667219.932585, 15
1586667219.946689, 18
1586667219.961297, 18
1586667219.975471, 17
1586667219.988656, 17
1586667220.003144, 17
1586667220.017294, 18
1586667220.032189, 17
1586667220.046434, 18
1586667220.061275, 18
1586667220.075559, 18
1586667220.090592, 18
1586667220.105394, 17
1586667220.120016, 18
1586667220.134189, 19
1586667220.148040, 20
1586667220.162300, 18
1586667220.176444, 20
1586667220.191315, 18
1586667220.205409, 17
1586667220.219919, 17
1586667220.234367, 19
1586667220.247776, 19
1586667220.262818, 20
1586667220.277391, 18
1586667220.292038, 14
1586667220.306955, 9
1586667220.319175, 7
1586667220.331255, 5
1586667220.345582, 4
1586667220.359708, 2
1586667220.374084, 2
1586667220.387766, 1
1586667220.402750, 2
1586667220.417883, 1
1586667220.431827, 1
1586667220.446545, 5
1586667220.461225, 2
1586667220.475963, 2
1586667220.490606, 2
1586667220.505459, 3
1586667220.520447, 2
1586667220.534563, 4
1586667220.548026, 3
1586667220.560921, 3
1586667220.573106, 4
1586667220.586143, 4
1586667220.600474, 3
1586667220.614666, 5
1586667220.627521, 4
1586667220.642338, 5
1586667220.655285, 6
1586667220.668703, 6
1586667220.682903, 5
1586667220.697096, 7
1586667220.710537, 6
1586667220.725276, 6
1586667220.738077, 7
1586667220.753310, 9
1586667220.768059, 6
1586667220.782576, 7
1586667220.796965, 7
1586667220.811763, 9
1586667220.824626, 8
1586667220.837983, 8
1586667220.850906, 10
1586667220.865661, 10
1586667220.878889, 7
1586667220.893537, 8
1586667220.907183, 10
1586667220.922091, 10
1586667220.936588, 8
1586667220.951743, 11
1586667220.966161, 11
1586667220.979254, 10
1586667220.994363, 10
1586667221.007714, 10
1586667221.020464, 11
1586667221.035160, 10
1586667221.048242, 11
1586667221.061033, 12
1586667221.075001, 13
1586667221.089573, 11
1586667221.104221, 11
1586667221.118321, 12
1586667221.132719, 13
1586667221.147143, 12
1586667221.162545, 13
1586667221.177009, 14
1586667221.191380, 13
1586667221.205686, 12
1586667221.220448, 12
1586667221.236009, 13
1586667221.248816, 13
1586667221.261577, 14
1586667221.275632, 14
1586667221.290233, 13
1586667221.304397, 14
1586667221.317736, 13
1586667221.331769, 14
1586667221.345996, 14
1586667221.360664, 15
1586667221.372942, 15
1586667221.385711, 15
1586667221.400082, 16
1586667221.415078, 15
1586667221.429106, 16
1586667221.443535, 15
1586667221.458370, 17
1586667221.472855, 16
1586667221.485554, 17
1586667221.498073, 15
1586667221.511622, 15
1586667221.523917, 16
1586667221.536061, 15
1586667221.548159, 16
1586667221.560807, 16
1586667221.573312, 17
1586667221.585922, 18
1586667221.599451, 16
1586667221.614256, 17
1586667221.627464, 16
1586667221.641810, 17
1586667221.657094, 18
1586667221.670217, 17
1586667221.683100, 19
1586667221.697389, 17
1586667221.711317, 17
1586667221.724938, 17
1586667221.739502, 18
1586667221.752519, 18
1586667221.766737, 19
1586667221.779428, 19
1586667221.791960, 19
1586667221.807537, 19
1586667221.821295, 18
1586667221.835639, 18
1586667221.850047, 19
1586667221.865019, 19
1586667221.878770, 18
1586667221.892452, 20
1586667221.906273, 19
1586667221.919985, 19
1586667221.934525, 19
1586667221.948067, 20
1586667221.961659, 20
1586667221.974785, 20
1586667221.989206, 20
1586667222.004514, 18
1586667222.019080, 19
1586667222.033729, 19
1586667222.047112, 18
1586667222.061059, 19
1586667222.074828, 16
1586667222.087980, 13
1586667222.101126, 12
1586667222.115614, 7
1586667222.128499, 7
1586667222.142333, 6
1586667222.156813, 8
1586667222.171974, 8
1586667222.185905, 8
1586667222.199426, 8
1586667222.214787, 9
1586667222.229574, 7
1586667222.244487, 9
1586667222.258883, 10
1586667222.272993, 9
1586667222.285973, 8
1586667222.299204, 10
1586667222.313501, 10
1586667222.327319, 9
1586667222.341488, 10
1586667222.355761, 10
1586667222.370785, 11
1586667222.384897, 10
1586667222.400625, 11
1586667222.413905, 11
1586667222.426588, 10
1586667222.441556, 11
1586667222.455473, 10
1586667222.468962, 13
1586667222.483572, 13
1586667222.497443, 11
1586667222.511913, 12
1586667222.527105, 12
1586667222.539607, 12
1586667222.554183, 11
1586667222.568438, 14
1586667222.581491, 14
1586667222.596044, 12
1586667222.610187, 11
1586667222.624317, 14
1586667222.637843, 13
1586667222.651328, 13
1586667222.666691, 15
1586667222.679651, 15
1586667222.693443, 14
1586667222.707216, 13
1586667222.719916, 13
1586667222.733018, 15
1586667222.747386, 14
1586667222.760244, 14
1586667222.774173, 16
1586667222.788559, 16
1586667222.801366, 14
1586667222.814847, 15
1586667222.829430, 16
1586667222.843686, 16
1586667222.856570, 16
1586667222.869859, 16
1586667222.883659, 16
1586667222.897090, 16
1586667222.911986, 15
1586667222.925938, 16
1586667222.938616, 16
1586667222.951599, 17
1586667222.965053, 18
1586667222.978360, 18
1586667222.991307, 18
1586667223.004642, 17
1586667223.017798, 16
1586667223.033114, 17
1586667223.046575, 17
1586667223.060010, 18
1586667223.074187, 19
1586667223.086807, 19
1586667223.099294, 19
1586667223.112383, 18
1586667223.126273, 17
1586667223.139892, 17
1586667223.153466, 19
1586667223.166171, 19
1586667223.179477, 20
1586667223.192307, 19
1586667223.205212, 19
1586667223.218162, 18
1586667223.232194, 18
1586667223.247026, 18
1586667223.261513, 18
1586667223.274091, 19
1586667223.288317, 19
1586667223.302220, 19
1586667223.316389, 16
1586667223.331784, 9
1586667223.346647, 7
1586667223.359675, 7
1586667223.374368, 9
1586667223.387244, 8
1586667223.400958, 6
1586667223.415248, 8
1586667223.430074, 7
1586667223.444297, 8
1586667223.457369, 8
1586667223.470884, 10
1586667223.483948, 9
1586667223.497488, 8
1586667223.511446, 8
1586667223.524874, 9
1586667223.537781, 9
1586667223.552861, 8
1586667223.565908, 9
1586667223.580033, 11
1586667223.593532, 10
1586667223.606122, 9
1586667223.618647, 10
1586667223.631046, 11
1586667223.643431, 10
1586667223.657701, 11
1586667223.669965, 10
1586667223.682622, 12
1586667223.696151, 11
1586667223.709745, 11
1586667223.722285, 12
1586667223.737505, 11
1586667223.750992, 11
1586667223.764207, 11
1586667223.777148, 14
1586667223.790582, 13
1586667223.805724, 12
1586667223.818492, 12
1586667223.832657, 13
1586667223.845979, 13
1586667223.860382, 12
1586667223.874859, 14
1586667223.889076, 14
1586667223.903203, 13
1586667223.916521, 14
1586667223.928998, 13
1586667223.943119, 13
1586667223.955757, 14
1586667223.968068, 15
1586667223.980553, 15
1586667223.994151, 16
1586667224.006355, 16
1586667224.019634, 14
1586667224.033176, 14
1586667224.046314, 15
1586667224.059395, 15
1586667224.073910, 17
1586667224.087913, 16
1586667224.102365, 17
1586667224.117140, 15
1586667224.131367, 16
1586667224.144748, 15
1586667224.158081, 16
1586667224.171420, 15
1586667224.185019, 17
1586667224.197858, 17
1586667224.211515, 18
1586667224.225389, 17
1586667224.238553, 16
1586667224.251436, 17
1586667224.264811, 18
1586667224.279282, 18
1586667224.293497, 18
1586667224.306804, 18
1586667224.319760, 17
1586667224.332445, 17
1586667224.345467, 18
1586667224.359258, 18
1586667224.372141, 18
1586667224.384717, 19
1586667224.397707, 19
1586667224.410578, 20
1586667224.423014, 17
1586667224.435678, 19
1586667224.450082, 19
1586667224.463173, 19
1586667224.476641, 18
1586667224.489498, 19
1586667224.502387, 18
1586667224.515714, 19
1586667224.528699, 18
1586667224.542098, 17
1586667224.554621, 19
1586667224.568904, 18
1586667224.582332, 19
1586667224.594955, 13
1586667224.608064, 8
1586667224.620982, 6
1586667224.633919, 7
1586667224.646961, 6
1586667224.659690, 7
1586667224.673402, 7
1586667224.686182, 9
1586667224.699006, 7
1586667224.712404, 7
1586667224.724938, 8
1586667224.737535, 8
1586667224.750019, 8
1586667224.763133, 9
1586667224.776238, 8
1586667224.789287, 10
1586667224.803263, 9
1586667224.816856, 9
1586667224.829929, 9
1586667224.843998, 10
1586667224.858382, 9
1586667224.872473, 9
1586667224.885066, 11
1586667224.899183, 12
1586667224.912085, 10
1586667224.925877, 10
1586667224.939708, 11
1586667224.952869, 10
1586667224.965656, 11
1586667224.978311, 11
1586667224.992065, 13
1586667225.005940, 13
1586667225.019009, 11
1586667225.031765, 11
1586667225.044106, 13
1586667225.058067, 12
1586667225.072151, 13
1586667225.085509, 13
1586667225.098500, 13
1586667225.111350, 13
1586667225.124681, 13
1586667225.137556, 14
1586667225.150653, 12
1586667225.163526, 14
1586667225.177223, 14
1586667225.190526, 14
1586667225.203452, 15
1586667225.217598, 13
1586667225.231658, 13
1586667225.244920, 13
1586667225.257854, 14
1586667225.271101, 15
1586667225.284847, 16
1586667225.297614, 15
1586667225.311516, 14
1586667225.326643, 15
1586667225.339290, 15
1586667225.352165, 16
1586667225.364460, 15
1586667225.377959, 16
1586667225.390584, 17
1586667225.405061, 17
1586667225.419571, 15
1586667225.432350, 15
1586667225.445206, 15
1586667225.458589, 17
1586667225.472024, 16
1586667225.484651, 18
1586667225.497411, 18
1586667225.510778, 17
1586667225.523771, 16
1586667225.536322, 17
1586667225.548674, 16
1586667225.561635, 17
1586667225.574394, 17
1586667225.587148, 17
1586667225.601292, 18
1586667225.613908, 19
1586667225.626471, 17
1586667225.640103, 18
1586667225.652937, 18
1586667225.665683, 18
1586667225.680126, 19
1586667225.693777, 19
1586667225.707393, 20
1586667225.721392, 19
1586667225.734590, 17
1586667225.747667, 18
1586667225.760814, 18
1586667225.773873, 17
1586667225.787177, 18
1586667225.800353, 18
1586667225.812869, 18
1586667225.825670, 15
1586667225.838865, 10
1586667225.851605, 8
1586667225.864248, 6
1586667225.877001, 6
1586667225.889735, 8
1586667225.902302, 7
1586667225.915354, 6
1586667225.929085, 8
1586667225.941832, 7
1586667225.955104, 8
1586667225.968205, 8
1586667225.980880, 8
1586667225.993645, 10
1586667226.006340, 9
1586667226.019908, 9
1586667226.032379, 7
1586667226.044928, 9
1586667226.058073, 10
1586667226.070888, 10
1586667226.083595, 9
1586667226.097613, 10
1586667226.111281, 9
1586667226.124448, 11
1586667226.137379, 11
1586667226.150586, 9
1586667226.164300, 10
1586667226.177867, 11
1586667226.191244, 11
1586667226.205121, 11
1586667226.217940, 12
1586667226.230827, 11
1586667226.243618, 11
1586667226.256468, 11
1586667226.270088, 11
1586667226.283005, 13
1586667226.295564, 13
1586667226.308590, 12
1586667226.321069, 12
1586667226.333846, 13
1586667226.346366, 12
1586667226.358911, 12
1586667226.371555, 14
1586667226.384659, 13
1586667226.398227, 15
1586667226.412104, 15
1586667226.424568, 15
1586667226.437131, 13
1586667226.449838, 14
1586667226.462901, 14
1586667226.475900, 14
1586667226.488455, 15
1586667226.501659, 15
1586667226.514785, 14
1586667226.527323, 15
1586667226.540662, 15
1586667226.553343, 15
1586667226.565874, 15
1586667226.579329, 15
1586667226.592692, 15
1586667226.606277, 17
1586667226.619342, 16
1586667226.632637, 15
1586667226.646739, 16
1586667226.660963, 15
1586667226.673849, 15
1586667226.687741, 16
1586667226.702372, 17
1586667226.716927, 17
1586667226.730135, 18
1586667226.742859, 17
1586667226.755560, 17
1586667226.768096, 17
1586667226.780855, 17
1586667226.794341, 17
1586667226.807908, 20
1586667226.820435, 19
1586667226.833422, 18
1586667226.845803, 17
1586667226.858922, 18
1586667226.872853, 18
1586667226.885845, 18
1586667226.900654, 17
1586667226.915038, 20
1586667226.929032, 20
1586667226.942606, 19
1586667226.957052, 18
1586667226.969999, 18
1586667226.983236, 19
1586667226.995743, 18
1586667227.009767, 19
1586667227.023906, 19
1586667227.037527, 19
1586667227.051672, 20
1586667227.064376, 19
1586667227.077638, 18
1586667227.090461, 19
1586667227.103456, 20
1586667227.116253, 18
1586667227.129558, 11
1586667227.141902, 5
1586667227.155238, 6
1586667227.169359, 6
1586667227.182437, 7
1586667227.198111, 7
1586667227.212048, 7
1586667227.225232, 7
1586667227.238985, 7
1586667227.252873, 7
1586667227.267251, 7
1586667227.280120, 9
1586667227.294466, 9
1586667227.308476, 9
1586667227.321830, 9
1586667227.335745, 10
1586667227.348969, 9
1586667227.361846, 9
1586667227.375478, 10
1586667227.388229, 10
1586667227.401432, 11
1586667227.414193, 11
1586667227.427518, 10
1586667227.440829, 10
1586667227.454801, 11
1586667227.467945, 9
1586667227.480681, 11
1586667227.494836, 11
1586667227.507359, 12
1586667227.520031, 12
1586667227.533397, 11
1586667227.546960, 12
1586667227.560598, 12
1586667227.573163, 11
1586667227.586725, 11
1586667227.599638, 13
1586667227.612330, 13
1586667227.625723, 13
1586667227.640262, 11
1586667227.655098, 12
1586667227.670028, 12
1586667227.684173, 13
1586667227.698487, 13
1586667227.712689, 15
1586667227.726069, 14
1586667227.740200, 13
1586667227.755717, 14
1586667227.770598, 14
1586667227.784710, 14
1586667227.799131, 15
1586667227.813229, 14
1586667227.827810, 15
1586667227.842309, 14
1586667227.857138, 13
1586667227.869733, 15
1586667227.885070, 15
1586667227.899717, 16
1586667227.913861, 16
1586667227.928053, 16
1586667227.942197, 16
1586667227.956949, 16
1586667227.971353, 15
1586667227.986619, 16
1586667228.001457, 17
1586667228.015618, 16
1586667228.029934, 16
1586667228.042840, 17
1586667228.056698, 16
1586667228.070976, 16
1586667228.084671, 16
1586667228.099053, 17
1586667228.113401, 18
1586667228.127940, 19
1586667228.142386, 18
1586667228.156526, 19
1586667228.171110, 17
1586667228.185649, 17
1586667228.199942, 17
1586667228.214050, 20
1586667228.228496, 19
1586667228.241753, 18
1586667228.254459, 18
1586667228.268442, 17
1586667228.281922, 16
1586667228.294433, 17
1586667228.307794, 19
1586667228.320239, 19
1586667228.333133, 14
1586667228.347412, 8
1586667228.360802, 6
1586667228.373474, 6
1586667228.386279, 6
1586667228.399390, 7
1586667228.411657, 8
1586667228.424965, 7
1586667228.439660, 7
1586667228.454148, 8
1586667228.468250, 8
1586667228.481439, 7
1586667228.495716, 6
1586667228.508975, 7
1586667228.522094, 8
1586667228.536942, 8
1586667228.549993, 9
1586667228.562437, 10
1586667228.575730, 9
1586667228.589117, 10
1586667228.603136, 10
1586667228.616085, 10
1586667228.631285, 10
1586667228.644768, 9
1586667228.657631, 11
1586667228.671774, 10
1586667228.685856, 10
1586667228.698551, 10
1586667228.711310, 12
1586667228.724469, 12
1586667228.737250, 11
1586667228.751615, 12
1586667228.764438, 11
1586667228.777059, 11
1586667228.790383, 12
1586667228.804442, 12
1586667228.817485, 14
1586667228.830665, 13
1586667228.844479, 12
1586667228.857097, 12
1586667228.870391, 12
1586667228.884225, 14
1586667228.899794, 13
1586667228.912524, 15
1586667228.926026, 15
1586667228.939877, 13
1586667228.954059, 14
1586667228.967330, 13
1586667228.980696, 13
1586667228.993529, 14
1586667229.007034, 15
1586667229.019359, 15
1586667229.032381, 15
1586667229.045959, 14
1586667229.059160, 15
1586667229.071460, 14
1586667229.085926, 16
1586667229.098412, 16
1586667229.111395, 16
1586667229.125046, 16
1586667229.139137, 17
1586667229.153667, 15
1586667229.167766, 16
1586667229.182096, 15
1586667229.195384, 16
1586667229.209315, 17
1586667229.222768, 18
1586667229.236285, 17
1586667229.249704, 17
1586667229.262676, 16
1586667229.275748, 16
1586667229.288918, 16
1586667229.301862, 16
1586667229.315620, 18
1586667229.328354, 18
1586667229.341186, 18
1586667229.354321, 18
1586667229.367182, 18
1586667229.380889, 17
1586667229.394239, 18
1586667229.407908, 18
1586667229.421025, 19
1586667229.433802, 19
1586667229.446389, 20
1586667229.459234, 18
1586667229.473002, 19
1586667229.486247, 18
1586667229.499922, 18
1586667229.512587, 18
1586667229.525858, 19
1586667229.539631, 20
1586667229.552613, 20
1586667229.565686, 18
1586667229.578552, 19
1586667229.591671, 18
1586667229.605091, 18
1586667229.618060, 18
1586667229.631547, 20
1586667229.644917, 19
1586667229.658204, 12
1586667229.671277, 7
1586667229.683889, 6
1586667229.697289, 7
1586667229.710076, 7
1586667229.722573, 9
1586667229.735561, 7
1586667229.749058, 7
1586667229.761864, 8
1586667229.775611, 7
1586667229.788809, 8
1586667229.801556, 8
1586667229.815399, 7
1586667229.829138, 9
1586667229.842676, 9
1586667229.855285, 8
1586667229.868636, 10
1586667229.881346, 10
1586667229.894091, 9
1586667229.907721, 8
1586667229.921426, 11
1586667229.934150, 12
1586667229.947136, 11
1586667229.959836, 10
1586667229.973659, 9
1586667229.987303, 11
1586667230.000914, 11
1586667230.014811, 10
1586667230.028395, 12
1586667230.041274, 13
1586667230.054486, 12
1586667230.067154, 11
1586667230.080072, 11
158666